409009431
409009431
441075486
47423120
260537454
284288093
36452991
97825640
31943299
300604770
349410350
308396509
382259755
371864043
355796887
435336785
357202877
149572298
nan ['period']!:157236902+ "
"8599009
214243287
343952976
279947414
99330090
470171739
420114036
229605891
158617175
330135981
284206913
260761464
317252733
444558604
417646390
147890655
120723776
306648160
418471796
256158543
123462119
178577607
241326434
119290630
32677675
124379043
156887426
92359852
237770757
nan ['period']!:170889511+ "
"372818426
273850708
229285649
102713734
nan ['period']!:197807043+ "
"317483660
nan ['period']!:420645189+ "
"394722182
363761216
392476080
470127886
427730490
468574941
429302040
322062001
427761355
259151170
372264750
316402246
176899385
281408474
252616865
nan ['period']!:122220263+ "
"354469661
346338552
294179389
366074069
267694283
272049972
2041563029
162130054
367099243
64553698
469782185
