4679.01
5267.01
5399.01
5502.01
1905.01
352.01
4283.01
1123.01
6036.01
2724.01
2591.01
372.01
3136.01
628.01
6244.01
4543.01
6040.01
2236.01
5518.01
319.01
2783.01
3321.01
2346.01
3491.01
2704.01
6442.01
6356.01
3145.01
2803.01
5226.01
3329.01
6130.01
2616.01
5686.01
4726.01
6409.01
2826.01
4398.01
2690.01
2989.01
2840.01
4725.01
6137.01
2745.01
4731.01
5148.01
2729.01
308.01
293.01
6326.01
6124.01
4660.01
4494.01
2679.01
2531.01
3400.01
5810.01
6207.01
5620.01
3277.01
2526.01
3340.01
5043.01
2659.01
5427.01
2886.01
2364.01
3478.01
3000.01
2778.01
2847.01
4492.01
5205.01
2757.01
3230.01
1917.01
2741.01
2247.01
4196.01
6370.01
5350.01
6162.01
2243.01
5812.01
6120.01
4672.01
6218.01
5120.01
4463.01
3486.01
4609.01
3234.01
4938.01
3475.01
1601.01
2772.01
5878.01
3450.01
5210.01
2613.01
2710.01
2721.01
2735.01
5300.01
2707.01
3966.01
3458.01
1968.01
4663.01
2620.01
4197.01
5503.01
2790.01
6184.01
4666.01
5417.01
6320.01
6428.01
4416.01
3127.01
6441.01
4214.01
4791.01
6439.01
5053.01
4702.01
2107.01
4238.01
5861.01
3842.01
5073.01
2682.01
6374.01
3305.01
4695.01
2649.01
5108.01
2700.01
6275.01
6417.01
3288.01
2798.01
3471.01
2359.01
5340.01
3946.01
6175.01
3456.01
2750.01
3523.01
6406.01
2823.01
2758.01
3137.01
5308.01
6319.01
5853.01
5871.01
1352.01
5132.01
3160.01
5889.01
2796.01
2336.01
6462.01
1115.01
2581.01
6135.01
3326.01
5483.01
6180.01
2658.01
3283.01
3198.01
3341.01
4193.01
6342.01
3237.01
2421.01
4689.01
6125.01
3298.01
3205.01
5499.01
5331.01
6133.01
3474.01
5255.01
2681.01
4201.01
6334.01
5027.01
5510.01
2692.01
3315.01
6387.01
2762.01
4733.01
3246.01
3489.01
6418.01
5058.01
6294.01
6154.01
4199.01
3309.01
5785.01
3446.01
2661.01
4645.01
6416.01
4681.01
5466.01
6277.01
6457.01
2654.01
2819.01
6122.01
4693.01
4751.01
6121.01
5770.01
3141.01
3285.01
2573.01
1581.01
3630.01
6166.01
4945.01
2876.01
6316.01
4282.01
3168.01
2843.01
3135.01
2587.01
2714.01
2763.01
2675.01
2761.01
3339.01
6385.01
3342.01
947.01
6347.01
3266.01
3122.01
6236.01
2231.01
6285.01
5328.01
6191.01
3271.01
2696.01
5854.01
2718.01
4740.01
3444.01
3268.01
6363.01
2657.01
3276.01
3857.01
2693.01
3331.01
5338.01
5661.01
2862.01
5370.01
2785.01
2244.01
2678.01
3330.01
3334.01
5472.01
1850.01
6297.01
6371.01
2782.01
6228.01
5209.01
6394.01
6064.01
5287.01
2699.01
5565.01
3096.01
5357.01
5496.01
5181.01
6315.01
2728.01
5905.01
3322.01
4738.01
3037.01
6341.01
162.01
6366.01
6344.01
6303.01
3151.01
5669.01
4415.01
5415.01
3677.01
5059.01
6160.01
5051.01
4280.01
6163.01
4750.01
2711.01
6116.01
4735.01
5028.01
5251.01
6233.01
2369.01
2352.01
6340.01
5334.01
4277.01
6314.01
6242.01
5054.01
5288.01
6437.01
5302.01
6436.01
2702.01
2559.01
5037.01
5792.01
4994.01
5295.01
3312.01
3294.01
2827.01
3282.01
2842.01
4204.01
3243.01
3297.01
2596.01
5935.01
6224.01
5884.01
5774.01
3445.01
5192.01
5834.01
6097.01
4780.01
4974.01
3662.01
1322.01
6240.01
5001.01
2367.01
4661.01
5230.01
3140.01
5498.01
5647.01
2716.01
3473.01
5109.01
6447.01
2726.01
6204.01
5891.01
2685.01
2621.01
4497.01
6407.01
2747.01
3132.01
3401.01
2577.01
6093.01
5492.01
5926.01
4754.01
3057.01
3245.01
6208.01
4072.01
2662.01
6360.01
3131.01
5070.01
5052.01
5514.01
2698.01
5467.01
2870.01
4998.01
6397.01
5681.01
3877.01
2677.01
5344.01
6373.01
6364.01
6353.01
6402.01
2676.01
4730.01
5490.01
3448.01
6321.01
5773.01
6308.01
3264.01
6215.01
3155.01
4794.01
4422.01
6450.01
6141.01
3150.01
5863.01
5835.01
6164.01
6434.01
6410.01
5025.01
2844.01
4758.01
6300.01
2770.01
4293.01
6261.01
5767.01
2350.01
5760.01
2723.01
5902.01
5004.01
4292.01
4287.01
6391.01
6306.01
6399.01
6302.01
5644.01
6335.01
6200.01
5473.01
5437.01
5509.01
6216.01
2515.01
3449.01
6202.01
3469.01
5430.01
2753.01
6155.01
5368.01
5826.01
6390.01
5313.01
5254.01
5412.01
3451.01
6383.01
5002.01
5263.01
6201.01
5613.01
6129.01
6186.01
6343.01
2774.01
5954.01
3272.01
5268.01
2709.01
2713.01
4205.01
2752.01
5755.01
6229.01
4227.01
6232.01
6421.01
3317.01
3279.01
2334.01
3307.01
4655.01
2530.01
4761.01
4652.01
5185.01
6131.01
5837.01
2703.01
2687.01
3144.01
3303.01
5163.01
2393.01
3287.01
5194.01
3139.01
5928.01
4982.01
5432.01
5925.01
5431.01
5259.01
6210.01
4996.01
3480.01
2516.01
5241.01
2627.01
5436.01
5512.01
6456.01
6205.01
2791.01
3479.01
5421.01
3327.01
3178.01
3484.01
2779.01
6153.01
3324.01
6123.01
2801.01
6178.01
6289.01
4992.01
4728.01
4678.01
6404.01
5684.01
4941.01
5190.01
5220.01
5232.01
5240.01
5261.01
4980.01
6375.01
6323.01
5301.01
5305.01
4709.01
5298.01
2738.01
2725.01
2695.01
5893.01
6352.01
2397.01
6252.01
4696.01
3464.01
5667.01
5505.01
5494.01
5439.01
5597.01
5407.01
5349.01
3304.01
5238.01
5699.01
5047.01
6312.01
6327.01
3200.01
2797.01
2694.01
6301.01
2894.01
5873.01
3805.01
6392.01
2656.01
2660.01
2541.01
5862.01
6322.01
5934.01
3238.01
5918.01
4203.01
5911.01
3138.01
5913.01
4748.01
6176.01
5879.01
6454.01
2592.01
5066.01
3976.01
5003.01
4983.01
4917.01
5840.01
4665.01
3573.01
5346.01
4765.01
5323.01
5312.01
6425.01
2422.01
4198.01
4285.01
3214.01
6230.01
5868.01
5488.01
3129.01
5617.01
2598.01
3083.01
2234.01
3310.01
3167.01
3242.01
6189.01
5217.01
6193.01
3296.01
5006.01
5618.01
5055.01
5015.01
6280.01
5438.01
5811.01
5479.01
5687.01
5317.01
5363.01
2850.01
6444.01
2736.01
6304.01
6111.01
2341.01
6117.01
3267.01
4546.01
6136.01
4734.01
3302.01
4688.01
4687.01
5881.01
5247.01
5923.01
5326.01
3184.01
5325.01
2751.01
3476.01
6324.01
2860.01
5649.01
6432.01
2521.01
6381.01
6197.01
5311.01
4755.01
5682.01
6330.01
5832.01
5901.01
4284.01
5915.01
5751.01
5242.01
5912.01
2715.01
3345.01
145.01
6168.01
3442.01
3447.01
3133.01
4281.01
5476.01
6119.01
6361.01
4753.01
5880.01
5425.01
2355.01
5422.01
5855.01
6395.01
5005.01
5416.01
5228.01
341.01
3405.01
2335.01
6355.01
5114.01
3196.01
2793.01
5874.01
6350.01
5573.01
6401.01
5477.01
6455.01
3336.01
6115.01
3335.01
3308.01
3318.01
2689.01
6283.01
2629.01
2615.01
2597.01
2663.01
5470.01
3194.01
5789.01
5517.01
2769.01
6196.01
2765.01
4703.01
6198.01
6231.01
3273.01
6310.01
4928.01
5324.01
5945.01
2420.01
5752.01
5106.01
5950.01
3599.01
4712.01
5367.01
5293.01
2873.01
5294.01
5356.01
6369.01
4200.01
5860.01
5332.01
6378.01
5049.01
5671.01
302.01
6448.01
4990.01
6463.01
6420.01
6286.01
2982.01
5452.01
2697.01
5186.01
6354.01
4202.01
5026.01
6293.01
6098.01
6380.01
6126.01
6149.01
6118.01
3197.01
2764.01
5270.01
6419.01
2786.01
4746.01
2471.01
5310.01
6296.01
5516.01
4972.01
6311.01
6414.01
5508.01
2881.01
4674.01
5757.01
5843.01
5846.01
5858.01
5894.01
5486.01
5830.01
3546.01
3541.01
3183.01
5464.01
3338.01
5841.01
5032.01
5276.01
4949.01
4962.01
4650.01
4723.01
4732.01
4763.01
5076.01
5035.01
2737.01
5041.01
5371.01
2595.01
5195.01
5050.01
5688.01
5761.01
5063.01
5315.01
4803.01
5022.01
5754.01
5944.01
6328.01
5838.01
6346.01
2538.01
5857.01
5859.01
3414.01
5839.01
5937.01
5931.01
5869.01
2776.01
2746.01
5864.01
3346.01
5917.01
3344.01
3293.01
3286.01
6299.01
3263.01
6398.01
6400.01
3249.01
3452.01
6222.01
6227.01
3337.01
2533.01
6134.01
6150.01
6156.01
3483.01
4211.01
6426.01
6440.01
4250.01
3047.01
3195.01
5567.01
5474.01
5457.01
5606.01
5428.01
3270.01
5306.01
6309.01
2794.01
5214.01
2780.01
3269.01
6203.01
6415.01
6143.01
5211.01
6351.01
2469.01
5703.01
5406.01
4943.01
6359.01
4997.01
2600.01
2755.01
6217.01
5042.01
5410.01
2712.01
2233.01
4391.01
6113.01
6213.01
5690.01
5286.01
5809.01
5907.01
4192.01
2428.01
3258.01
2683.01
5196.01
5877.01
3443.01
2473.01
2569.01
5612.01
5930.01
4793.01
5870.01
5481.01
5448.01
6332.01
6331.01
5775.01
5224.01
5827.01
5781.01
5768.01
4981.01
4237.01
3203.01
4713.01
6167.01
5883.01
4210.01
4208.01
4670.01
4667.01
4659.01
5337.01
6172.01
5654.01
4701.01
6338.01
5403.01
6376.01
6099.01
3206.01
2686.01
6279.01
5790.01
5369.01
2347.01
5895.01
5487.01
5048.01
5017.01
5012.01
4365.01
5897.01
2720.01
1949.01
6291.01
2722.01
4699.01
6452.01
4680.01
4676.01
3711.01
2930.01
849.01
2781.01
6132.01
2668.01
5927.01
6427.01
2849.01
6435.01
4806.01
948.01
6325.01
5454.01
6443.01
5643.01
5938.01
4757.01
6413.01
2730.01
3457.01
5940.01
6362.01
5500.01
3118.01
3782.01
3143.01
3316.01
6223.01
4920.01
4919.01
3325.01
2733.01
3149.01
5253.01
5444.01
5844.01
5077.01
2748.01
2366.01
5445.01
2362.01
3125.01
2611.01
4944.01
5024.01
5029.01
5245.01
5045.01
5804.01
5180.01
5900.01
4842.01
4541.01
6179.01
4745.01
6460.01
4749.01
5936.01
6446.01
5939.01
4779.01
5759.01
5646.01
5762.01
4798.01
5765.01
5778.01
5776.01
2869.01
5916.01
4719.01
4954.01
6140.01
6145.01
5602.01
6152.01
6345.01
2802.01
4668.01
4691.01
5446.01
6422.01
6169.01
2648.01
4710.01
5435.01
2749.01
3459.01
2333.01
3314.01
3485.01
3291.01
4372.01
3289.01
6292.01
5885.01
5886.01
5336.01
5867.01
5689.01
5264.01
5872.01
6389.01
5691.01
6288.01
5949.01
4394.01
5763.01
4958.01
6307.01
5250.01
3274.01
5782.01
5603.01
5865.01
5462.01
3265.01
6459.01
6349.01
5786.01
5836.01
6454.02
6449.01
4737.01
5455.01
3251.01
6183.01
5748.01
5749.01
5167.01
6445.01
4721.01
4720.01
4209.01
6453.01
2348.01
2235.01
5695.01
4698.01
5279.01
5692.01
6173.01
2560.01
4714.01
6388.01
6042.01
5845.01
6234.01
4984.01
5772.01
5771.01
6423.01
5449.01
5239.01
6365.01
3356.01
6239.01
4295.01
4993.01
6206.01
6209.01
5852.01
5291.01
6295.01
3481.01
5285.01
5898.01
3142.01
5062.01
2768.01
5215.01
3320.01
2773.01
3295.01
5219.01
3710.01
3281.01
6112.01
3280.01
4610.01
6358.01
5191.01
6384.01
6433.01
5764.01
4276.01
2508.01
4278.01
5758.01
6424.01
5766.01
6181.01
5849.01
3718.01
2331.01
6405.01
5848.01
3328.01
2343.01
6220.01
4001.01
6214.01
6212.01
3859.01
3880.01
6177.01
4390.01
6165.01
6339.01
3311.01
6146.01
3300.01
3301.01
5783.01
4999.01
4830.01
5411.01
4875.01
2792.01
5909.01
2988.01
3349.01
4932.01
4933.01
5914.01
5635.01
4956.01
5413.01
2647.01
4978.01
6461.01
5924.01
2777.01
5929.01
2705.01
5693.01
5372.01
5208.01
2727.01
3292.01
4989.01
2742.01
3275.01
5896.01
5039.01
5061.01
5536.01
4704.01
5304.01
5779.01
4743.01
5609.01
5828.01
4747.01
4812.01
4741.01
5420.01
5021.01
5433.01
6190.01
2854.01
4784.01
6195.01
6403.01
6411.01
5019.01
4425.01
6025.01
5249.01
5252.01
6281.01
5780.01
5442.01
2691.01
4417.01
4412.01
5316.01
5307.01
4800.01
5404.01
3247.01
5887.01
5011.01
2594.01
2734.01
1551.01
2731.01
5616.01
5125.01
3461.01
5107.01
5599.01
4179.01
4654.01
4760.01
5501.01
5750.01
4764.01
2572.01
6367.01
6237.01
6235.01
5919.01
2599.01
4948.01
4744.01
5600.01
5504.01
6148.01
2655.01
5469.01
4195.01
4194.01
5753.01
3260.01
6226.01
4700.01
4673.01
5851.01
5465.01
2815.01
6317.01
4686.01
3650.01
6313.01
3134.01
6337.01
6412.01
4708.01
6372.01
4671.01
5850.01
6221.01
4234.01
5471.01
2784.01
5805.01
5636.01
5290.01
5813.01
4493.01
6408.01
5299.01
2476.01
5658.01
6451.01
3899.01
5664.01
4500.01
5639.01
2513.01
4331.01
2740.01
2325.01
4206.01
5946.01
3762.01
6430.01
5269.01
5463.01
4759.01
6192.01
5040.01
6138.01
4951.01
2568.01
5057.01
4939.01
5890.01
5009.01
5593.01
3278.01
6379.01
5030.01
2430.01
4960.01
5888.01
5408.01
5842.01
6127.01
5064.01
6211.01
5903.01
6241.01
6368.01
2241.01
3488.01
3477.01
4697.01
6170.01
4717.01
5158.01
3376.01
5482.01
6259.01
2825.01
3225.01
5683.01
5366.01
6386.01
5943.01
5342.01
2852.01
5833.01
5660.01
4692.01
4976.01
6348.01
4291.01
2344.01
4986.01
5625.01
6158.01
4684.01
5118.01
5485.01
4995.01
6273.01
5831.01
6333.01
5829.01
2884.01
2688.01
2858.01
5932.01
3987.01
5248.01
6336.01
6287.01
5933.01
3649.01
3343.01
6305.01
5847.01
2350.02
5953.01
5904.01
3348.01
5856.01
5875.01
5920.01
3333.01
5922.01
6290.01
3299.01
5814.01
5921.01
2943.01
6298.01
3754.01
3665.01
6238.01
1382.01
4742.01
4752.01
3191.01
4727.01
4965.01
2356.01
4424.01
4664.01
4707.01
5193.01
4722.01
5791.01
6243.01
6187.01
6188.01
6225.01
5491.01
6114.01
6144.01
6147.01
5156.01
4462.01
6161.01
6171.01
5756.01
4959.01
4299.01
2523.01
2522.01
4294.01
5036.01
5641.01
5352.01
5034.01
5020.01
5656.01
5008.01
5694.01
5056.01
4991.01
5292.01
5122.01
2506.01
5289.01
5284.01
2470.01
6429.01
6458.01
5637.01
5744.01
5262.01
4334.01
5910.01
3766.01
5634.01
6219.01
2509.01
5010.01
5007.01
3284.01
5343.01
6438.01
5351.01
6431.01
5882.01
6282.01
5668.01
2590.01
5014.01
5461.01
5018.01
5088.01
5069.01
5060.01
3193.01
5044.01
5038.01
2519.01
3244.01
2232.01
5645.01
5327.01
5031.01
5329.01
3694.01
6065.01
6159.01
6063.01
6174.01
6182.01
6151.01
2830.01
6264.01
6262.01
5777.01
5948.01
6382.01
6393.01
6199.01
5495.01
6185.01
6377.01
2767.01
6139.01
5441.01
6329.01
2719.01
4711.01
4393.01
4694.01
5213.01
4685.01
4677.01
4653.01
4651.01
5222.01
5237.01
2036.01
4373.01
4716.01
4724.01
5941.01
4802.01
2856.01
2865.01
3202.01
4736.01
4729.01
2474.01
2229.01
2505.01
2520.01
2432.01
1546.01
885.01
1908.01
2482.01
4656.01
2593.01
4376.01
5088.02
5023.01
5134.01
5127.01
5362.01
4955.01
4963.01
4370.01
4395.01
4392.01
6263.01
6128.01
6142.01
4657.01
4762.01
4756.01
4718.01
4690.01
4658.01
5320.01
5203.01
3199.01
5784.01
4499.01
4501.01
5234.01
5085.01
5475.01
5460.01
5453.01
5610.01
5585.01
6058.01
6060.01
6061.01
6062.01
5702.01
5614.01
2756.01
2706.01
3463.01
2701.01
6284.01
6293.02
4272.01
3647.01
2882.01
6318.01
6357.01
4330.01
6274.01
5423.01
6194.01
5335.01
6276.02
6276.01
6278.01
