2855.01

2875.01

2684.01

3051.01

2645.01

2855.01

2875.01

2684.01

3051.01

2645.01

2855.01

2875.01

2684.01

3051.01

2645.01

5148.01

1352.01

3323.01

2961.01

5472.01

3330.01

3334.01

1090.01

2729.01

3091.01

308.01

3254.01

3160.01

293.01

5132.01

2983.01

3022.01

4660.01

4177.01

1115.01

2581.01

3326.01

2531.01

4494.01

3400.01

3211.01

3580.01

3306.01

2732.01

1164.01

2679.01

2336.01

3045.01

4605.01

3240.01

5209.01

5620.01

3099.01

3277.01

3146.01

2239.01

2796.01

606.01

5565.01

2699.01

5287.01

2066.01

2658.01

3283.01

5043.01

2526.01

4977.01

3340.01

3040.01

2364.01

2886.01

5427.01

2659.01

5483.01

1108.01

2946.01

3048.01

3341.01

5181.01

1591.01

4738.01

3096.01

2728.01

5496.01

3198.01

5357.01

1502.01

2980.01

4689.01

4193.01

3039.01

2421.01

1556.01

3322.01

3478.01

3237.01

3000.01

5509.01

2778.01

2844.01

5767.01

3469.01

3219.01

3216.01

3214.01

3573.01

3255.01

2680.01

2847.01

1657.01

4285.01

2422.01

5499.01

3205.01

3298.01

5331.01

5312.01

1667.01

5323.01

4213.01

5346.01

2234.01

5003.01

1535.01

4950.01

4917.01

4748.01

2027.01

5488.01

4765.01

3129.01

1519.01

5255.01

2981.01

3362.01

4492.01

4365.01

5253.01

5500.01

4806.01

164.01

4829.01

5266.01

1375.01

2668.01

2930.01

2733.01

2720.01

2722.01

1949.01

2730.01

3102.01

1587.01

1514.01

1129.01

2764.01

3188.01

5516.01

2471.01

3119.01

3086.01

2686.01

3227.01

3059.01

948.01

3325.01

2029.01

2881.01

3197.01

3372.01

3423.01

2786.01

3087.01

3316.01

3072.01

2535.01

3457.01

3711.01

3130.01

1597.01

3143.01

3149.01

1171.01

2849.01

2632.01

5643.01

2968.01

3206.01

2781.01

3118.01

5424.01

3782.01

5403.01

3120.01

4752.01

3077.01

3063.01

3062.01

4664.01

4966.01

4965.01

3008.01

4959.01

4742.01

3299.01

3333.01

2943.01

1331.01

2858.01

5491.01

4707.01

597.01

2506.01

4912.01

4722.01

3359.01

1391.01

3466.01

2522.01

2523.01

1526.01

1382.01

3399.01

1374.01

5371.01

5041.01

4682.01

2746.01

2356.01

2776.01

5050.01

5063.01

4863.01

2230.01

2737.01

4650.01

5567.01

5585.01

4762.01

5610.01

5614.01

5076.01

5035.01

5315.01

4763.01

5276.01

4756.01

5429.01

5453.01

5460.01

5475.01

4718.01

4690.01

4803.01

5022.01

5754.01

4732.01

4808.01

3075.01

3154.01

3199.01

2701.01

2756.01

2789.01

2593.01

2505.01

2520.01

5195.01

5032.01

5688.01

4723.01

1674.01

5079.01

3047.01

4900.01

5428.01

2595.01

3369.01

1113.01

2533.01

3994.01

5648.01

4922.01

1625.01

3190.01

3414.01

3052.01

5606.01

3065.01

2960.01

3071.01

3084.01

1126.01

2538.01

3483.01

3452.01

3108.01

3424.01

3195.01

5456.01

4211.01

3249.01

3286.01

3293.01

4250.01

3032.01

5457.01

3344.01

3346.01

5474.01

3263.01

4949.01

3337.01

5761.01

4962.01

