1567.01
1589.01
1563.01
5626.01
4465.01
1574.01
2423.01
429.01
1134.01
1812.01
2134.02
289.01
2320.01
2666.01
1772.02
2065.01
225.01
2221.01
222.01
5523.01
4326.01
5560.01
772.02
1386.01
227.01
1847.01
2009.01
4862.01
2011.01
1449.01
2534.01
226.01
898.01
693.01
2317.01
1277.01
2435.01
2007.01
2472.01
1835.02
5745.01
1202.01
5719.01
4509.01
2270.01
1893.01
2493.01
2433.01
2456.01
2098.01
2477.01
1892.01
2436.01
2085.01
2263.01
4321.01
2087.01
4585.01
729.01
4319.01
5626.01
1589.01
1567.01
4465.01
1574.01
2490.01
2423.01
2666.01
3724.01
1134.01
289.01
2447.01
693.01
1896.01
2134.02
4862.01
2318.01
429.01
2534.01
2320.01
2065.01
225.01
5564.01
2221.01
1812.01
1386.01
2011.01
2317.01
5560.01
226.01
772.02
898.01
2436.01
227.01
5563.01
4326.01
2085.01
222.01
2009.01
2007.01
5523.01
2472.01
2435.01
5745.01
1892.01
1449.01
5719.01
1835.02
2493.01
1202.01
2433.01
2087.01
1893.01
2456.01
4509.01
1772.02
2263.01
4321.01
2270.01
4585.01
729.01
4319.01
2098.01
1574.01
2423.01
1567.01
4465.01
289.01
1896.01
1134.01
429.01
2003.01
2134.02
2666.01
2320.01
1589.01
2318.01
693.01
4862.01
1812.01
1772.02
2534.01
2221.01
2634.01
5523.01
2319.01
898.01
4326.01
5563.01
1386.01
222.01
2317.01
5560.01
2011.01
2477.01
772.02
226.01
227.01
1563.01
1449.01
5626.01
2436.01
1277.01
5719.01
2085.01
2435.01
2007.01
2009.01
2472.01
4321.01
5745.01
4509.01
2087.01
4319.01
2433.01
1893.01
2493.01
2456.01
2098.01
2263.01
1892.01
1835.02
2270.01
4585.01
1202.01
729.01
2065.01
225.01
1563.01
1567.01
2423.01
5626.01
2490.01
4465.01
1574.01
1134.01
3724.01
429.01
2666.01
289.01
1847.01
693.01
2320.01
4862.01
2319.01
2534.01
5563.01
1386.01
2134.02
2317.01
222.01
772.02
5560.01
5523.01
1589.01
2011.01
2436.01
227.01
226.01
898.01
4326.01
1812.01
2085.01
2009.01
2435.01
1449.01
2007.01
1893.01
2472.01
1892.01
5745.01
1835.02
5719.01
2065.01
1202.01
2270.01
2493.01
4509.01
2087.01
225.01
2098.01
2221.01
2433.01
2456.01
2263.01
4321.01
4585.01
729.01
4319.01
2423.01
1567.01
2490.01
1812.01
1563.01
4465.01
1134.01
3724.01
5626.01
2666.01
1847.01
2065.01
2134.02
289.01
1574.01
225.01
1589.01
693.01
2221.01
2320.01
5564.01
2011.01
5563.01
4862.01
772.02
226.01
2534.01
222.01
227.01
898.01
4326.01
429.01
5523.01
2472.01
2085.01
1386.01
5560.01
5745.01
2317.01
2009.01
1835.02
2456.01
5719.01
1449.01
1202.01
2435.01
4585.01
1893.01
729.01
1277.01
4319.01
2263.01
2493.01
4509.01
4321.01
2007.01
2433.01
2087.01
2270.01
2098.01
1892.01
2423.01
2490.01
1563.01
1567.01
1134.01
3724.01
5626.01
1847.01
4465.01
1812.01
289.01
1574.01
2134.02
2666.01
693.01
1589.01
4862.01
2534.01
2065.01
5564.01
2320.01
225.01
5563.01
2221.01
222.01
772.02
429.01
5523.01
2085.01
227.01
2009.01
4326.01
4509.01
1386.01
1449.01
4321.01
5560.01
2433.01
2456.01
4319.01
2493.01
2087.01
2263.01
4585.01
729.01
2423.01
1134.01
1567.01
2134.02
1563.01
4465.01
5626.01
1574.01
2447.01
1589.01
2490.01
1812.01
1896.01
1847.01
2666.01
693.01
2065.01
429.01
225.01
2221.01
5563.01
222.01
3724.01
2011.01
289.01
226.01
4862.01
898.01
5523.01
2534.01
2318.01
5564.01
1772.02
772.02
2320.01
2317.01
227.01
4326.01
1386.01
5560.01
5719.01
1277.01
2085.01
2435.01
2634.01
2319.01
2009.01
1449.01
2007.01
2472.01
5745.01
4509.01
2433.01
2456.01
1893.01
2098.01
1892.01
2263.01
1835.02
1202.01
2270.01
1567.01
4465.01
2134.02
2490.01
2666.01
1847.01
1589.01
3724.01
693.01
2221.01
289.01
4862.01
2318.01
2319.01
2534.01
1772.02
5563.01
1386.01
2065.01
222.01
2317.01
2011.01
225.01
2529.01
772.02
226.01
2447.01
5523.01
898.01
227.01
5560.01
2320.01
2423.01
1896.01
4326.01
5719.01
1134.01
1277.01
2436.01
4321.01
2435.01
4319.01
2085.01
2493.01
4509.01
2009.01
2007.01
1449.01
2472.01
5745.01
2433.01
1893.01
2456.01
2087.01
2098.01
2263.01
1892.01
1835.02
2270.01
1202.01
4585.01
729.01
1567.01
4465.01
2666.01
2134.02
1589.01
5626.01
1574.01
429.01
1812.01
2529.01
2447.01
1896.01
289.01
2320.01
1847.01
693.01
4862.01
2534.01
2318.01
1772.02
2065.01
225.01
2221.01
2319.01
5563.01
222.01
5523.01
1386.01
2011.01
226.01
898.01
2317.01
772.02
227.01
4326.01
5560.01
2477.01
2436.01
2085.01
2009.01
1449.01
1277.01
2007.01
2472.01
5745.01
5719.01
2435.01
1893.01
2270.01
2098.01
1892.01
1835.02
1202.01
4509.01
2433.01
2456.01
2263.01
4321.01
2087.01
4585.01
729.01
4319.01
2493.01
2003.01
1567.01
4465.01
2666.01
2134.02
1589.01
1574.01
429.01
1812.01
2529.01
2447.01
1896.01
289.01
2320.01
2003.01
693.01
4862.01
2534.01
2318.01
1772.02
2065.01
225.01
2221.01
5564.01
2634.01
2319.01
5563.01
222.01
5523.01
1386.01
2011.01
226.01
898.01
2317.01
772.02
227.01
4326.01
5560.01
2436.01
2085.01
2009.01
1449.01
1277.01
2007.01
2472.01
5745.01
5719.01
2435.01
1893.01
2270.01
2098.01
1892.01
1835.02
1202.01
4509.01
2433.01
2456.01
2263.01
4321.01
2087.01
4585.01
729.01
4319.01
2493.01
1567.01
4465.01
2666.01
2134.02
1589.01
1574.01
429.01
1812.01
2529.01
2447.01
1896.01
289.01
2320.01
2003.01
2318.01
1772.02
2065.01
225.01
5563.01
5564.01
222.01
1386.01
2634.01
5523.01
2011.01
2319.01
226.01
898.01
2317.01
227.01
4326.01
2436.01
5560.01
693.01
4862.01
2085.01
772.02
2534.01
2221.01
2472.01
2435.01
1893.01
2009.01
2270.01
5745.01
2098.01
1892.01
5719.01
1835.02
2456.01
2263.01
4321.01
2087.01
4585.01
1202.01
729.01
4509.01
2433.01
1449.01
4319.01
2493.01
1277.01
2007.01
1567.01
4465.01
2666.01
2134.02
1589.01
1574.01
429.01
1812.01
2529.01
2447.01
1896.01
289.01
2320.01
2003.01
693.01
4862.01
2534.01
2318.01
1772.02
2065.01
225.01
2221.01
5564.01
2634.01
2319.01
5563.01
222.01
5523.01
1386.01
2011.01
226.01
898.01
2317.01
772.02
227.01
4326.01
5560.01
2436.01
2085.01
2009.01
1449.01
1277.01
2007.01
2472.01
5745.01
5719.01
2435.01
1893.01
2270.01
2098.01
1892.01
1835.02
1202.01
4509.01
2433.01
2456.01
2263.01
4321.01
2087.01
4585.01
729.01
4319.01
2493.01
2298.01
