-0.0795651842564 0.999981117948 6.69893199253e-06 0.999999871326 0.0
-0.0790326827963 0.999999549926 6.69893199253e-06 0.999999871326 0.0
-0.0785001813363 1.00000007442 6.69893199253e-06 0.999999871326 0.0
-0.0779676798762 1.00000065706 6.69893199253e-06 0.999999871326 0.0
-0.0774351784161 1.00001572227 6.69893199253e-06 0.999999871326 0.0
-0.0769026769561 0.999998490643 6.69893199253e-06 0.999999871326 0.0
-0.076370175496 1.00000562777 6.69893199253e-06 0.999999871326 0.0
-0.0758376740359 0.999998644789 6.69893199253e-06 0.999999871326 0.0
-0.0753051725759 1.00000240547 6.69893199253e-06 0.999999871326 0.0
-0.0747726711158 1.00000255923 6.69893199253e-06 0.999999871326 0.0
-0.0742401696557 0.999996247805 6.69893199253e-06 0.999999871326 0.0
-0.0737076681957 1.00000110327 6.69893199253e-06 0.999999871326 0.0
-0.0731751667356 1.00000352133 6.69893199253e-06 0.999999871326 0.0
-0.0726426652755 1.00001057172 6.69893199253e-06 0.999999871326 0.0
-0.0721101638155 1.00001507213 6.69893199253e-06 0.999999871326 0.0
-0.0715776623554 0.999993198265 6.69893199253e-06 0.999999871326 0.0
-0.0710451608953 0.999997208687 6.69893199253e-06 0.999999871326 0.0
-0.0705126594353 1.00000137807 6.69893199253e-06 0.999999871326 0.0
-0.0699801579752 0.999995615457 6.69893199253e-06 0.999999871326 0.0
-0.0694476565151 0.999994944147 6.69893199253e-06 0.999999871326 0.0
-0.0689151550551 1.00000854007 6.69893199253e-06 0.999999871326 0.0
-0.068382653595 1.00000169526 6.69893199253e-06 0.999999871326 0.0
-0.0678501521349 1.00000741422 6.69893199253e-06 0.999999871326 0.0
-0.0673176506749 1.00000663385 6.69893199253e-06 0.999999871326 0.0
-0.0667851492148 0.999996001004 6.69893199253e-06 0.999999871326 0.0
-0.0662526477547 0.999975860037 6.69893199253e-06 0.999981696084 1.0
-0.0657201462947 0.999920987014 6.69893199253e-06 0.999915717409 1.0
-0.0651876448346 0.999827733715 6.69893199253e-06 0.999821441361 1.0
-0.0646551433745 0.999735260522 6.69893199253e-06 0.99970552946 1.0
-0.0641226419145 0.999595496303 6.69893199253e-06 0.999571896138 1.0
-0.0635901404544 0.999453781386 6.69893199253e-06 0.999423398873 1.0
-0.0630576389943 0.999289716195 6.69893199253e-06 0.999262357464 1.0
-0.0625251375343 0.999124864103 6.69893199253e-06 0.999090782245 1.0
-0.0619926360742 0.998942950905 6.69893199253e-06 0.99891049586 1.0
-0.0614601346141 0.998761457332 6.69893199253e-06 0.998723207859 1.0
-0.0609276331541 0.998557294716 6.69893199253e-06 0.998530566102 1.0
-0.060395131694 0.998364850753 6.69893199253e-06 0.998334196574 1.0
-0.0598626302339 0.998164702089 6.69893199253e-06 0.998135738243 1.0
-0.0593301287739 0.997952884966 6.69893199253e-06 0.997936877839 1.0
-0.0587976273138 0.997759884312 6.69893199253e-06 0.997739389339 1.0
-0.0582651258537 0.997554840439 6.69893199253e-06 0.997545184585 1.0
-0.0577326243937 0.997356838514 6.69893199253e-06 0.99735638576 1.0
-0.0572001229336 0.997179872175 6.69893199253e-06 0.99717544083 1.0
-0.0566676214735 0.996997627724 6.69893199253e-06 0.997005330086 1.0
-0.0561351200135 0.996826458866 6.69893199253e-06 0.99684999656 1.0
-0.0556026185534 0.996695361109 6.69893199253e-06 0.996715500431 1.0
-0.0550701170933 0.996614991703 6.69893199253e-06 0.996616886283 1.0
-0.0545376156333 0.996536708734 6.69893199253e-06 0.996562811167 3.0
-0.0540051141732 0.996466441257 6.69893199253e-06 0.996514378605 3.0
-0.0534726127131 0.996408619331 6.69893199253e-06 0.996469929808 3.0
-0.0529401112531 0.996374415258 6.69893199253e-06 0.996428641722 3.0
-0.052407609793 0.996347544316 6.69893199253e-06 0.996389992239 3.0
-0.0518751083329 0.996303555003 6.69893199253e-06 0.996353612038 3.0
-0.0513426068729 0.996260603187 6.69893199253e-06 0.996319222263 3.0
-0.0508101054128 0.996229318451 6.69893199253e-06 0.996286603186 3.0
-0.0502776039528 0.99619607523 6.69893199253e-06 0.996255576449 3.0
-0.0497451024927 0.996171587192 6.69893199253e-06 0.996225994064 3.0
-0.0492126010326 0.996137668487 6.69893199253e-06 0.996197731153 3.0
-0.0486800995726 0.99611795209 6.69893199253e-06 0.996170680893 3.0
-0.0481475981125 0.996086255883 6.69893199253e-06 0.996144750879 3.0
-0.0476150966524 0.996065456424 6.69893199253e-06 0.996119860408 3.0
-0.0470825951924 0.996041212974 6.69893199253e-06 0.996095938417 3.0
-0.0465500937323 0.996023276208 6.69893199253e-06 0.996072921882 3.0
-0.0460175922722 0.995993953349 6.69893199253e-06 0.996050754549 3.0
-0.0454850908122 0.995978579445 6.69893199253e-06 0.996029385923 3.0
-0.0449525893521 0.995955319666 6.69893199253e-06 0.996008770445 3.0
-0.044420087892 0.995939727987 6.69893199253e-06 0.995988866822 3.0
-0.043887586432 0.995918475864 6.69893199253e-06 0.995969637472 3.0
-0.0433550849719 0.995897664722 6.69893199253e-06 0.995951048057 3.0
-0.0428225835118 0.995884112299 6.69893199253e-06 0.995933067093 3.0
-0.0422900820518 0.995857072557 6.69893199253e-06 0.995915665627 3.0
-0.0417575805917 0.995838229713 6.69893199253e-06 0.995898816946 3.0
-0.0412250791316 0.995827092485 6.69893199253e-06 0.995882496345 3.0
-0.0406925776716 0.995813546102 6.69893199253e-06 0.995866680911 3.0
-0.0401600762115 0.995809160821 6.69893199253e-06 0.995851349349 3.0
-0.0396275747514 0.995796796378 6.69893199253e-06 0.995836481824 3.0
-0.0390950732914 0.995783003139 6.69893199253e-06 0.99582205982 3.0
-0.0385625718313 0.99576661407 6.69893199253e-06 0.995808066023 3.0
-0.0380300703712 0.995731565062 6.69893199253e-06 0.995794484214 3.0
-0.0374975689112 0.995719075455 6.69893199253e-06 0.995781299171 3.0
-0.0369650674511 0.995724276405 6.69893199253e-06 0.995768496592 3.0
-0.036432565991 0.995715481674 6.69893199253e-06 0.995756063014 3.0
-0.035900064531 0.995678876528 6.69893199253e-06 0.995743985749 3.0
-0.0353675630709 0.995682336123 6.69893199253e-06 0.995732252826 3.0
-0.0348350616108 0.995673130134 6.69893199253e-06 0.995720852931 3.0
-0.0343025601508 0.995653863681 6.69893199253e-06 0.995709775364 3.0
-0.0337700586907 0.995648266012 6.69893199253e-06 0.995699009994 3.0
-0.0332375572306 0.995638999478 6.69893199253e-06 0.995688547217 3.0
-0.0327050557706 0.995633724573 6.69893199253e-06 0.995678377921 3.0
-0.0321725543105 0.995628827249 6.69893199253e-06 0.995668493454 3.0
-0.0316400528504 0.995610242792 6.69893199253e-06 0.995658885591 3.0
-0.0311075513904 0.995603869658 6.69893199253e-06 0.995649546512 3.0
-0.0305750499303 0.995599846823 6.69893199253e-06 0.995640468771 3.0
-0.0300425484702 0.995591261319 6.69893199253e-06 0.995631645275 3.0
-0.0295100470102 0.995583380245 6.69893199253e-06 0.995623069264 3.0
-0.0289775455501 0.995568217111 6.69893199253e-06 0.995614734292 3.0
-0.02844504409 0.995565456004 6.69893199253e-06 0.995606634204 3.0
-0.02791254263 0.995560602441 6.69893199253e-06 0.995598763127 3.0
-0.0273800411699 0.995548091995 6.69893199253e-06 0.995591115449 3.0
-0.0268475397098 0.995530649126 6.69893199253e-06 0.995583685807 3.0
-0.0263150382498 0.995531937481 6.69893199253e-06 0.995576469072 3.0
-0.0257825367897 0.99554625982 6.69893199253e-06 0.995569460341 3.0
-0.0252500353296 0.99552218749 6.69893199253e-06 0.99556265492 3.0
-0.0247175338696 0.995518453089 6.69893199253e-06 0.995556048318 3.0
-0.0241850324095 0.995500295819 6.69893199253e-06 0.995549636237 3.0
-0.0236525309494 0.995508130896 6.69893199253e-06 0.995543414558 3.0
-0.0231200294894 0.995498458846 6.69893199253e-06 0.995537379339 3.0
-0.0225875280293 0.995508593497 6.69893199253e-06 0.995531526803 3.0
-0.0220550265692 0.995485232711 6.69893199253e-06 0.995525853331 3.0
-0.0215225251092 0.995478674487 6.69893199253e-06 0.995520355457 3.0
-0.0209900236491 0.995477962458 6.69893199253e-06 0.995515029859 3.0
-0.020457522189 0.995471379758 6.69893199253e-06 0.995509873356 3.0
-0.019925020729 0.99546089806 6.69893199253e-06 0.995504882898 3.0
-0.0193925192689 0.995463271076 6.69893199253e-06 0.995500055565 3.0
-0.0188600178089 0.995457735569 6.69893199253e-06 0.995495388559 3.0
-0.0183275163488 0.99545367085 6.69893199253e-06 0.995490879201 3.0
-0.0177950148887 0.995465096564 6.69893199253e-06 0.995486524927 3.0
-0.0172625134287 0.995444845167 6.69893199253e-06 0.995482323282 3.0
-0.0167300119686 0.995449163575 6.69893199253e-06 0.995478271916 3.0
-0.0161975105085 0.995442480284 6.69893199253e-06 0.995474368582 3.0
-0.0156650090485 0.995440410355 6.69893199253e-06 0.995470611135 3.0
-0.0151325075884 0.99544220716 6.69893199253e-06 0.995466997521 3.0
-0.0146000061283 0.995449287297 6.69893199253e-06 0.995463525781 3.0
-0.0140675046683 0.995437193371 6.69893199253e-06 0.995460194048 3.0
-0.0135350032082 0.995424765807 6.69893199253e-06 0.995457000538 3.0
-0.0130025017481 0.995423386825 6.69893199253e-06 0.995453943555 3.0
-0.0124700002881 0.995420975808 6.69893199253e-06 0.995451021484 3.0
-0.011937498828 0.995421982935 6.69893199253e-06 0.995448232791 3.0
-0.0114049973679 0.995431811179 6.69893199253e-06 0.995445576019 3.0
-0.0108724959079 0.995427815735 6.69893199253e-06 0.995443049787 3.0
-0.0103399944478 0.995429360535 6.69893199253e-06 0.995440652791 3.0
-0.00980749298773 0.995416730857 6.69893199253e-06 0.995438383797 3.0
-0.00927499152766 0.995425830891 6.69893199253e-06 0.995436241643 3.0
-0.00874249006759 0.995429919379 6.69893199253e-06 0.995434225236 3.0
-0.00820998860753 0.995421194426 6.69893199253e-06 0.995432333553 3.0
-0.00767748714746 0.995411996333 6.69893199253e-06 0.995430565635 3.0
-0.0071449856874 0.995406371649 6.69893199253e-06 0.995428920591 3.0
-0.00661248422733 0.995414303079 6.69893199253e-06 0.995427397594 3.0
-0.00607998276726 0.995418664175 6.69893199253e-06 0.995425995882 3.0
-0.0055474813072 0.995404823182 6.69893199253e-06 0.995424714752 3.0
-0.00501497984713 0.995413141473 6.69893199253e-06 0.995423553568 3.0
-0.00448247838707 0.995407745413 6.69893199253e-06 0.995422511751 3.0
-0.003949976927 0.995430429455 6.69893199253e-06 0.995421588785 3.0
-0.00341747546693 0.995414441011 6.69893199253e-06 0.995420784211 3.0
-0.00288497400687 0.995419551656 6.69893199253e-06 0.995420097633 3.0
-0.0023524725468 0.995406199341 6.69893199253e-06 0.995419528711 3.0
-0.00181997108673 0.995414755317 6.69893199253e-06 0.995419077164 3.0
-0.00128746962667 0.995414219751 6.69893199253e-06 0.99541874277 3.0
-0.000754968166603 0.995413616577 6.69893199253e-06 0.995418525365 3.0
-0.000222466706536 0.995419129644 6.69893199253e-06 0.995418424841 3.0
0.00031003475353 0.995423131556 6.69893199253e-06 0.995418441149 3.0
0.000842536213596 0.995410907386 6.69893199253e-06 0.995418574297 3.0
0.00137503767366 0.995418559191 6.69893199253e-06 0.99541882435 3.0
0.00190753913373 0.995426769189 6.69893199253e-06 0.995419191431 3.0
0.00244004059379 0.995422200626 6.69893199253e-06 0.995419675722 3.0
0.00297254205386 0.995430648609 6.69893199253e-06 0.995420277461 3.0
0.00350504351393 0.995427698588 6.69893199253e-06 0.995420996945 3.0
0.00403754497399 0.995434287564 6.69893199253e-06 0.995421834529 3.0
0.00457004643406 0.995427328521 6.69893199253e-06 0.995422790628 3.0
0.00510254789412 0.995434526367 6.69893199253e-06 0.995423865716 3.0
0.00563504935419 0.995434532839 6.69893199253e-06 0.995425060326 3.0
0.00616755081426 0.995446086653 6.69893199253e-06 0.995426375053 3.0
0.00670005227432 0.995437554155 6.69893199253e-06 0.995427810553 3.0
0.00723255373439 0.995433758847 6.69893199253e-06 0.995429367543 3.0
0.00776505519446 0.995443036094 6.69893199253e-06 0.995431046805 3.0
0.00829755665452 0.995447973812 6.69893199253e-06 0.995432849184 3.0
0.00883005811459 0.99544117348 6.69893199253e-06 0.995434775589 3.0
0.00936255957465 0.995445522941 6.69893199253e-06 0.995436826996 3.0
0.00989506103472 0.995458538076 6.69893199253e-06 0.995439004449 3.0
0.0104275624948 0.995468183798 6.69893199253e-06 0.995441309059 3.0
0.0109600639549 0.995450871134 6.69893199253e-06 0.995443742008 3.0
0.0114925654149 0.995462488144 6.69893199253e-06 0.995446304549 3.0
0.012025066875 0.995462564555 6.69893199253e-06 0.995448998009 3.0
0.0125575683351 0.995474114975 6.69893199253e-06 0.99545182379 3.0
0.0130900697951 0.995479640112 6.69893199253e-06 0.995454783368 3.0
0.0136225712552 0.995484098163 6.69893199253e-06 0.995457878301 3.0
0.0141550727152 0.995489812692 6.69893199253e-06 0.995461110226 3.0
0.0146875741753 0.995477978602 6.69893199253e-06 0.995464480863 3.0
0.0152200756354 0.995498547337 6.69893199253e-06 0.99546799202 3.0
0.0157525770954 0.995498203092 6.69893199253e-06 0.995471645588 3.0
0.0162850785555 0.995502591793 6.69893199253e-06 0.995475443554 3.0
0.0168175800156 0.995500123959 6.69893199253e-06 0.995479387995 3.0
0.0173500814756 0.995517555148 6.69893199253e-06 0.995483481086 3.0
0.0178825829357 0.995525759452 6.69893199253e-06 0.995487725102 3.0
0.0184150843958 0.995525926196 6.69893199253e-06 0.995492122421 3.0
0.0189475858558 0.995522487264 6.69893199253e-06 0.995496675528 3.0
0.0194800873159 0.995539146609 6.69893199253e-06 0.99550138702 3.0
0.020012588776 0.995534893118 6.69893199253e-06 0.995506259608 3.0
0.020545090236 0.995543187134 6.69893199253e-06 0.995511296124 3.0
0.0210775916961 0.995556916834 6.69893199253e-06 0.995516499523 3.0
0.0216100931562 0.995561876824 6.69893199253e-06 0.995521872891 3.0
0.0221425946162 0.995560069471 6.69893199253e-06 0.995527419449 3.0
0.0226750960763 0.995580206933 6.69893199253e-06 0.995533142557 3.0
0.0232075975364 0.995583187138 6.69893199253e-06 0.995539045724 3.0
0.0237400989964 0.995596992755 6.69893199253e-06 0.995545132612 3.0
0.0242726004565 0.995589481615 6.69893199253e-06 0.995551407044 3.0
0.0248051019166 0.995604552368 6.69893199253e-06 0.99555787301 3.0
0.0253376033766 0.995615679283 6.69893199253e-06 0.995564534678 3.0
0.0258701048367 0.995608843038 6.69893199253e-06 0.995571396399 3.0
0.0264026062968 0.995612507934 6.69893199253e-06 0.99557846272 3.0
0.0269351077568 0.99563236456 6.69893199253e-06 0.995585738392 3.0
0.0274676092169 0.995630996693 6.69893199253e-06 0.995593228381 3.0
0.028000110677 0.995653671841 6.69893199253e-06 0.995600937877 3.0
0.028532612137 0.995657253946 6.69893199253e-06 0.995608872314 3.0
0.0290651135971 0.995664205079 6.69893199253e-06 0.995617037375 3.0
0.0295976150572 0.995667839098 6.69893199253e-06 0.995625439009 3.0
0.0301301165172 0.995680651163 6.69893199253e-06 0.995634083452 3.0
0.0306626179773 0.995699327219 6.69893199253e-06 0.995642977235 3.0
0.0311951194374 0.995710513427 6.69893199253e-06 0.995652127209 3.0
0.0317276208974 0.995707253779 6.69893199253e-06 0.995661540562 3.0
0.0322601223575 0.995718013658 6.69893199253e-06 0.995671224844 3.0
0.0327926238176 0.995738033164 6.69893199253e-06 0.995681187985 3.0
0.0333251252776 0.995738399821 6.69893199253e-06 0.995691438326 3.0
0.0338576267377 0.995748813752 6.69893199253e-06 0.995701984645 3.0
0.0343901281978 0.995761227499 6.69893199253e-06 0.995712836186 3.0
0.0349226296578 0.995773813413 6.69893199253e-06 0.995724002698 3.0
0.0354551311179 0.995785854793 6.69893199253e-06 0.995735494466 3.0
0.035987632578 0.995804586216 6.69893199253e-06 0.995747322358 3.0
0.036520134038 0.995805761798 6.69893199253e-06 0.995759497864 3.0
0.0370526354981 0.995833758886 6.69893199253e-06 0.995772033152 3.0
0.0375851369582 0.995832244104 6.69893199253e-06 0.995784941119 3.0
0.0381176384182 0.995858199923 6.69893199253e-06 0.995798235455 3.0
0.0386501398783 0.995872703106 6.69893199253e-06 0.995811930712 3.0
0.0391826413384 0.995879285034 6.69893199253e-06 0.995826042379 3.0
0.0397151427984 0.995887178809 6.69893199253e-06 0.995840586973 3.0
0.0402476442585 0.995898194023 6.69893199253e-06 0.995855582132 3.0
0.0407801457186 0.995930736336 6.69893199253e-06 0.995871046726 3.0
0.0413126471786 0.99594246016 6.69893199253e-06 0.995887000984 3.0
0.0418451486387 0.995960599176 6.69893199253e-06 0.995903466638 3.0
0.0423776500988 0.995973496558 6.69893199253e-06 0.995920467078 3.0
0.0429101515588 0.996001129767 6.69893199253e-06 0.995938027551 3.0
0.0434426530189 0.996006973223 6.69893199253e-06 0.995956175367 3.0
0.043975154479 0.996011908894 6.69893199253e-06 0.995974940157 3.0
0.044507655939 0.996039256754 6.69893199253e-06 0.995994354165 3.0
0.0450401573991 0.996070754794 6.69893199253e-06 0.996014452594 3.0
0.0455726588591 0.996071082276 6.69893199253e-06 0.996035274011 3.0
0.0461051603192 0.996109347794 6.69893199253e-06 0.99605686084 3.0
0.0466376617793 0.996129960997 6.69893199253e-06 0.996079259943 3.0
0.0471701632393 0.996160443023 6.69893199253e-06 0.996102523335 3.0
0.0477026646994 0.996180399554 6.69893199253e-06 0.996126709048 3.0
0.0482351661595 0.996200256705 6.69893199253e-06 0.99615188221 3.0
0.0487676676195 0.996231191952 6.69893199253e-06 0.996178116397 3.0
0.0493001690796 0.996266114197 6.69893199253e-06 0.996205495347 3.0
0.0498326705397 0.996288985964 6.69893199253e-06 0.996234115186 3.0
0.0503651719997 0.996313055304 6.69893199253e-06 0.996264087359 3.0
0.0508976734598 0.996340520248 6.69893199253e-06 0.996295542614 3.0
0.0514301749199 0.996371244492 6.69893199253e-06 0.996328636561 3.0
0.0519626763799 0.996412355316 6.69893199253e-06 0.996363557788 3.0
0.05249517784 0.996437160665 6.69893199253e-06 0.996400540335 3.0
0.0530276793001 0.99648831789 6.69893199253e-06 0.996439884299 3.0
0.0535601807601 0.996524294452 6.69893199253e-06 0.996481993284 3.0
0.0540926822202 0.996570645546 6.69893199253e-06 0.996527452055 3.0
0.0546251836803 0.996629783341 6.69893199253e-06 0.996577224669 3.0
0.0551576851403 0.996679594316 6.69893199253e-06 0.996638323632 2.0
0.0556901866004 0.996776989272 6.69893199253e-06 0.996750437122 2.0
0.0562226880605 0.996879386536 6.69893199253e-06 0.996891586641 2.0
0.0567551895205 0.997040463076 6.69893199253e-06 0.997051528891 2.0
0.0572876909806 0.997222055007 6.69893199253e-06 0.997225007998 2.0
0.0578201924407 0.997387192187 6.69893199253e-06 0.997408417387 2.0
0.0583526939007 0.997579449189 6.69893199253e-06 0.997598955016 2.0
0.0588851953608 0.99777845144 6.69893199253e-06 0.997794279387 2.0
0.0594176968209 0.997963129891 6.69893199253e-06 0.997992336253 2.0
0.0599501982809 0.998186384028 6.69893199253e-06 0.998191258349 2.0
0.060482699741 0.998381952475 6.69893199253e-06 0.998389300523 2.0
0.0610152012011 0.998573551502 6.69893199253e-06 0.998584793054 2.0
0.0615477026611 0.998744651229 6.69893199253e-06 0.998776104017 2.0
0.0620802041212 0.998931917566 6.69893199253e-06 0.998961604944 2.0
0.0626127055813 0.999117213666 6.69893199253e-06 0.999139635106 2.0
0.0631452070413 0.999278662314 6.69893199253e-06 0.999308459272 2.0
0.0636777085014 0.999438955087 6.69893199253e-06 0.999466211319 2.0
0.0642102099615 0.999588493507 6.69893199253e-06 0.999610809756 2.0
0.0647427114215 0.999702454713 6.69893199253e-06 0.999739814811 2.0
0.0652752128816 0.999823303446 6.69893199253e-06 0.999850147981 2.0
0.0658077143417 0.999909984766 6.69893199253e-06 0.999937404577 2.0
0.0663402158017 0.999969517194 6.69893199253e-06 0.99999316224 2.0
0.0668727172618 0.999990087316 6.69893199253e-06 0.999999871326 0.0
0.0674052187219 0.999994909792 6.69893199253e-06 0.999999871326 0.0
0.0679377201819 1.00000378891 6.69893199253e-06 0.999999871326 0.0
0.068470221642 0.999999086295 6.69893199253e-06 0.999999871326 0.0
0.0690027231021 0.999997886566 6.69893199253e-06 0.999999871326 0.0
0.0695352245621 1.00000265316 6.69893199253e-06 0.999999871326 0.0
0.0700677260222 1.00000111138 6.69893199253e-06 0.999999871326 0.0
0.0706002274823 1.0000049198 6.69893199253e-06 0.999999871326 0.0
0.0711327289423 0.999999143664 6.69893199253e-06 0.999999871326 0.0
0.0716652304024 0.999996288878 6.69893199253e-06 0.999999871326 0.0
0.0721977318625 1.00000081172 6.69893199253e-06 0.999999871326 0.0
0.0727302333225 1.00001083664 6.69893199253e-06 0.999999871326 0.0
0.0732627347826 0.999998782716 6.69893199253e-06 0.999999871326 0.0
0.0737952362427 1.00000470696 6.69893199253e-06 0.999999871326 0.0
0.0743277377027 1.00000677148 6.69893199253e-06 0.999999871326 0.0
0.0748602391628 1.00000158678 6.69893199253e-06 0.999999871326 0.0
0.0753927406229 1.00000028322 6.69893199253e-06 0.999999871326 0.0
0.0759252420829 0.999994360345 6.69893199253e-06 0.999999871326 0.0
0.076457743543 1.00000212044 6.69893199253e-06 0.999999871326 0.0
0.0769902450031 0.99999848938 6.69893199253e-06 0.999999871326 0.0
0.0775227464631 1.00000616563 6.69893199253e-06 0.999999871326 0.0
0.0780552479232 1.00000129646 6.69893199253e-06 0.999999871326 0.0
0.0785877493832 0.999997950369 6.69893199253e-06 0.999999871326 0.0
0.0791202508433 1.00000401788 6.69893199253e-06 0.999999871326 0.0
0.0796527523034 0.99999166134 6.69893199253e-06 0.999999871326 0.0
