-0.448367187864 0.999985104578 4.21909707266e-05 1.00001334634 0.0
-0.445367848907 0.999985774149 4.21909707266e-05 1.00001334634 0.0
-0.44236850995 1.00003539387 4.21909707266e-05 1.00001334634 0.0
-0.439369170993 0.999975984355 4.21909707266e-05 1.00001334634 0.0
-0.436369832036 0.999992517791 4.21909707266e-05 1.00001334634 0.0
-0.433370493079 0.999962279413 4.21909707266e-05 1.00001334634 0.0
-0.430371154122 0.999972756546 4.21909707266e-05 1.00001334634 0.0
-0.427371815165 1.0000078501 4.21909707266e-05 1.00001334634 0.0
-0.424372476208 0.99998439439 4.21909707266e-05 1.00001334634 0.0
-0.421373137251 1.00007388985 4.21909707266e-05 1.00001334634 0.0
-0.418373798294 1.00004137597 4.21909707266e-05 1.00001334634 0.0
-0.415374459337 0.999952675293 4.21909707266e-05 1.00001334634 0.0
-0.412375120379 1.00007088576 4.21909707266e-05 1.00001334634 0.0
-0.409375781422 1.00001268389 4.21909707266e-05 1.00001334634 0.0
-0.406376442465 1.00004667421 4.21909707266e-05 1.00001334634 0.0
-0.403377103508 1.00006105724 4.21909707266e-05 1.00001334634 0.0
-0.400377764551 1.00001774446 4.21909707266e-05 1.00001334634 0.0
-0.397378425594 1.00001337452 4.21909707266e-05 1.00001334634 0.0
-0.394379086637 1.00002912799 4.21909707266e-05 1.00001334634 0.0
-0.39137974768 0.999961009027 4.21909707266e-05 1.00001334634 0.0
-0.388380408723 1.0000796077 4.21909707266e-05 1.00001334634 0.0
-0.385381069766 1.00005742371 4.21909707266e-05 1.00001334634 0.0
-0.382381730809 1.00003418302 4.21909707266e-05 1.00001334634 0.0
-0.379382391852 1.00001986751 4.21909707266e-05 1.00001334634 0.0
-0.376383052895 1.00002910616 4.21909707266e-05 1.00001334634 0.0
-0.373383713938 0.999994092874 4.21909707266e-05 0.999989595019 1.0
-0.370384374981 0.999924682351 4.21909707266e-05 0.999937665447 1.0
-0.367385036024 0.999884216962 4.21909707266e-05 0.999869617253 1.0
-0.364385697067 0.999762788347 4.21909707266e-05 0.999789920442 1.0
-0.361386358109 0.999679266058 4.21909707266e-05 0.999701588835 1.0
-0.358387019152 0.999575836999 4.21909707266e-05 0.99960705229 1.0
-0.355387680195 0.999553588514 4.21909707266e-05 0.999508481599 1.0
-0.352388341238 0.999470143666 4.21909707266e-05 0.999407961816 1.0
-0.349389002281 0.999304255097 4.21909707266e-05 0.999307618476 1.0
-0.346389663324 0.999233060944 4.21909707266e-05 0.999209747975 1.0
-0.343390324367 0.999088273789 4.21909707266e-05 0.999117011337 1.0
-0.34039098541 0.999020009298 4.21909707266e-05 0.999032833785 1.0
-0.337391646453 0.998962470871 4.21909707266e-05 0.998962584473 1.0
-0.334392307496 0.998880622894 4.21909707266e-05 0.998921702952 3.0
-0.331392968539 0.998936110879 4.21909707266e-05 0.998900895017 3.0
-0.328393629582 0.99883867487 4.21909707266e-05 0.99888224015 3.0
-0.325394290625 0.998847567519 4.21909707266e-05 0.998865088431 3.0
-0.322394951668 0.998758763319 4.21909707266e-05 0.998849114895 3.0
-0.319395612711 0.998819380917 4.21909707266e-05 0.998834114972 3.0
-0.316396273754 0.998787589055 4.21909707266e-05 0.998819943608 3.0
-0.313396934796 0.998744948084 4.21909707266e-05 0.998806491467 3.0
-0.310397595839 0.998739330637 4.21909707266e-05 0.998793673092 3.0
-0.307398256882 0.998745713882 4.21909707266e-05 0.998781419979 3.0
-0.304398917925 0.998736061491 4.21909707266e-05 0.998769676113 3.0
-0.301399578968 0.998722032794 4.21909707266e-05 0.998758394932 3.0
-0.298400240011 0.998705289569 4.21909707266e-05 0.998747537184 3.0
-0.295400901054 0.998740888812 4.21909707266e-05 0.998737069371 3.0
-0.292401562097 0.998727667814 4.21909707266e-05 0.998726962598 3.0
-0.28940222314 0.998770112587 4.21909707266e-05 0.99871719171 3.0
-0.286402884183 0.998695514427 4.21909707266e-05 0.998707734622 3.0
-0.283403545226 0.998672213821 4.21909707266e-05 0.998698571805 3.0
-0.280404206269 0.998724142785 4.21909707266e-05 0.998689685878 3.0
-0.277404867312 0.998659788055 4.21909707266e-05 0.998681061281 3.0
-0.274405528355 0.998663862711 4.21909707266e-05 0.998672684013 3.0
-0.271406189398 0.998671689524 4.21909707266e-05 0.998664541414 3.0
-0.268406850441 0.998727626195 4.21909707266e-05 0.998656621993 3.0
-0.265407511484 0.998763713048 4.21909707266e-05 0.998648915275 3.0
-0.262408172526 0.998654218188 4.21909707266e-05 0.998641411678 3.0
-0.259408833569 0.998740691848 4.21909707266e-05 0.998634102412 3.0
-0.256409494612 0.998574852183 4.21909707266e-05 0.998626979384 3.0
-0.253410155655 0.998659163196 4.21909707266e-05 0.998620035128 3.0
-0.250410816698 0.998620877586 4.21909707266e-05 0.998613262735 3.0
-0.247411477741 0.998610380768 4.21909707266e-05 0.998606655795 3.0
-0.244412138784 0.998513128734 4.21909707266e-05 0.998600208352 3.0
-0.241412799827 0.998549743158 4.21909707266e-05 0.998593914858 3.0
-0.23841346087 0.998620910056 4.21909707266e-05 0.998587770134 3.0
-0.235414121913 0.998603142016 4.21909707266e-05 0.998581769337 3.0
-0.232414782956 0.998642287149 4.21909707266e-05 0.998575907935 3.0
-0.229415443999 0.998612852581 4.21909707266e-05 0.998570181672 3.0
-0.226416105042 0.998579290151 4.21909707266e-05 0.998564586552 3.0
-0.223416766085 0.998582991165 4.21909707266e-05 0.998559118815 3.0
-0.220417427128 0.998538928067 4.21909707266e-05 0.998553774916 3.0
-0.217418088171 0.998537912569 4.21909707266e-05 0.998548551515 3.0
-0.214418749214 0.998607629683 4.21909707266e-05 0.998543445453 3.0
-0.211419410256 0.998557051342 4.21909707266e-05 0.998538453747 3.0
-0.208420071299 0.998497645763 4.21909707266e-05 0.998533573569 3.0
-0.205420732342 0.998558113771 4.21909707266e-05 0.998528802243 3.0
-0.202421393385 0.998544463123 4.21909707266e-05 0.998524137228 3.0
-0.199422054428 0.998608360262 4.21909707266e-05 0.998519576114 3.0
-0.196422715471 0.998493312374 4.21909707266e-05 0.998515116608 3.0
-0.193423376514 0.998492385549 4.21909707266e-05 0.998510756531 3.0
-0.190424037557 0.998549498234 4.21909707266e-05 0.998506493811 3.0
-0.1874246986 0.998583074212 4.21909707266e-05 0.99850232647 3.0
-0.184425359643 0.99852654203 4.21909707266e-05 0.998498252626 3.0
-0.181426020686 0.998518261608 4.21909707266e-05 0.998494270484 3.0
-0.178426681729 0.998504680186 4.21909707266e-05 0.998490378329 3.0
-0.175427342772 0.998488068806 4.21909707266e-05 0.998486574525 3.0
-0.172428003815 0.99844331041 4.21909707266e-05 0.998482857508 3.0
-0.169428664858 0.998467566803 4.21909707266e-05 0.998479225782 3.0
-0.166429325901 0.998500339432 4.21909707266e-05 0.998475677919 3.0
-0.163429986943 0.998451588968 4.21909707266e-05 0.99847221255 3.0
-0.160430647986 0.998555297562 4.21909707266e-05 0.998468828366 3.0
-0.157431309029 0.998469658978 4.21909707266e-05 0.998465524111 3.0
-0.154431970072 0.998393989016 4.21909707266e-05 0.998462298586 3.0
-0.151432631115 0.99840431378 4.21909707266e-05 0.998459150638 3.0
-0.148433292158 0.998495274391 4.21909707266e-05 0.998456079165 3.0
-0.145433953201 0.998467186987 4.21909707266e-05 0.998453083107 3.0
-0.142434614244 0.998466345732 4.21909707266e-05 0.99845016145 3.0
-0.139435275287 0.998455848336 4.21909707266e-05 0.99844731322 3.0
-0.13643593633 0.998435288024 4.21909707266e-05 0.998444537484 3.0
-0.133436597373 0.99851480756 4.21909707266e-05 0.998441833345 3.0
-0.130437258416 0.998450437922 4.21909707266e-05 0.998439199944 3.0
-0.127437919459 0.998507410744 4.21909707266e-05 0.998436636454 3.0
-0.124438580502 0.998458332201 4.21909707266e-05 0.998434142085 3.0
-0.121439241545 0.998463781364 4.21909707266e-05 0.998431716075 3.0
-0.118439902588 0.998457292192 4.21909707266e-05 0.998429357696 3.0
-0.115440563631 0.998379325548 4.21909707266e-05 0.998427066246 3.0
-0.112441224673 0.998463804639 4.21909707266e-05 0.998424841055 3.0
-0.109441885716 0.998436125764 4.21909707266e-05 0.998422681477 3.0
-0.106442546759 0.998341950432 4.21909707266e-05 0.998420586895 3.0
-0.103443207802 0.998394606233 4.21909707266e-05 0.998418556715 3.0
-0.100443868845 0.998381955387 4.21909707266e-05 0.99841659037 3.0
-0.0974445298882 0.998445929773 4.21909707266e-05 0.998414687315 3.0
-0.0944451909311 0.998396440899 4.21909707266e-05 0.998412847027 3.0
-0.0914458519741 0.998454691037 4.21909707266e-05 0.998411069008 3.0
-0.088446513017 0.998381729508 4.21909707266e-05 0.998409352779 3.0
-0.0854471740599 0.998414283554 4.21909707266e-05 0.998407697884 3.0
-0.0824478351029 0.99832644927 4.21909707266e-05 0.998406103884 3.0
-0.0794484961458 0.998432220017 4.21909707266e-05 0.998404570363 3.0
-0.0764491571888 0.998374412253 4.21909707266e-05 0.998403096922 3.0
-0.0734498182317 0.998389152133 4.21909707266e-05 0.998401683182 3.0
-0.0704504792746 0.998349122369 4.21909707266e-05 0.998400328782 3.0
-0.0674511403176 0.998407604668 4.21909707266e-05 0.998399033376 3.0
-0.0644518013605 0.99848140076 4.21909707266e-05 0.998397796639 3.0
-0.0614524624035 0.998404366429 4.21909707266e-05 0.998396618261 3.0
-0.0584531234464 0.998392901754 4.21909707266e-05 0.998395497948 3.0
-0.0554537844893 0.998371106674 4.21909707266e-05 0.998394435423 3.0
-0.0524544455323 0.998449387233 4.21909707266e-05 0.998393430425 3.0
-0.0494551065752 0.998337307233 4.21909707266e-05 0.998392482707 3.0
-0.0464557676182 0.998374399382 4.21909707266e-05 0.998391592038 3.0
-0.0434564286611 0.998393250775 4.21909707266e-05 0.998390758204 3.0
-0.040457089704 0.99841092417 4.21909707266e-05 0.998389981001 3.0
-0.037457750747 0.998406712288 4.21909707266e-05 0.998389260245 3.0
-0.0344584117899 0.998331485918 4.21909707266e-05 0.998388595761 3.0
-0.0314590728329 0.998344819541 4.21909707266e-05 0.998387987392 3.0
-0.0284597338758 0.998331529022 4.21909707266e-05 0.998387434993 3.0
-0.0254603949187 0.998365666389 4.21909707266e-05 0.998386938432 3.0
-0.0224610559617 0.998376813057 4.21909707266e-05 0.998386497593 3.0
-0.0194617170046 0.998344390358 4.21909707266e-05 0.998386112371 3.0
-0.0164623780476 0.998394999995 4.21909707266e-05 0.998385782676 3.0
-0.0134630390905 0.99846193407 4.21909707266e-05 0.99838550843 3.0
-0.0104637001334 0.99842382759 4.21909707266e-05 0.998385289569 3.0
-0.00746436117638 0.998391884902 4.21909707266e-05 0.998385126041 3.0
-0.00446502221932 0.998406358577 4.21909707266e-05 0.998385017808 3.0
-0.00146568326226 0.998312209237 4.21909707266e-05 0.998384964846 3.0
0.0015336556948 0.998321846331 4.21909707266e-05 0.99838496714 3.0
0.00453299465186 0.998349086771 4.21909707266e-05 0.998385024693 3.0
0.00753233360892 0.998322431259 4.21909707266e-05 0.998385137518 3.0
0.010531672566 0.998352126195 4.21909707266e-05 0.99838530564 3.0
0.013531011523 0.998384961666 4.21909707266e-05 0.9983855291 3.0
0.0165303504801 0.998402229813 4.21909707266e-05 0.998385807949 3.0
0.0195296894372 0.998448785845 4.21909707266e-05 0.998386142254 3.0
0.0225290283942 0.998461278257 4.21909707266e-05 0.998386532092 3.0
0.0255283673513 0.998476879051 4.21909707266e-05 0.998386977555 3.0
0.0285277063083 0.998451235674 4.21909707266e-05 0.998387478749 3.0
0.0315270452654 0.998427750046 4.21909707266e-05 0.998388035792 3.0
0.0345263842225 0.99848644084 4.21909707266e-05 0.998388648817 3.0
0.0375257231795 0.998435030403 4.21909707266e-05 0.998389317969 3.0
0.0405250621366 0.998363545395 4.21909707266e-05 0.998390043407 3.0
0.0435244010936 0.99825856026 4.21909707266e-05 0.998390825306 3.0
0.0465237400507 0.998347609082 4.21909707266e-05 0.998391663854 3.0
0.0495230790078 0.99832778369 4.21909707266e-05 0.998392559252 3.0
0.0525224179648 0.998422240396 4.21909707266e-05 0.998393511719 3.0
0.0555217569219 0.998327188336 4.21909707266e-05 0.998394521486 3.0
0.0585210958789 0.998321773529 4.21909707266e-05 0.998395588801 3.0
0.061520434836 0.998364737629 4.21909707266e-05 0.998396713927 3.0
0.0645197737931 0.998396168091 4.21909707266e-05 0.998397897141 3.0
0.0675191127501 0.998430903634 4.21909707266e-05 0.998399138739 3.0
0.0705184517072 0.998418457117 4.21909707266e-05 0.998400439032 3.0
0.0735177906642 0.998435628067 4.21909707266e-05 0.998401798349 3.0
0.0765171296213 0.998413109625 4.21909707266e-05 0.998403217033 3.0
0.0795164685784 0.998436633004 4.21909707266e-05 0.99840469545 3.0
0.0825158075354 0.998384648731 4.21909707266e-05 0.998406233979 3.0
0.0855151464925 0.998366194107 4.21909707266e-05 0.998407833021 3.0
0.0885144854495 0.998389399003 4.21909707266e-05 0.998409492994 3.0
0.0915138244066 0.998439371218 4.21909707266e-05 0.998411214338 3.0
0.0945131633637 0.998389080552 4.21909707266e-05 0.998412997511 3.0
0.0975125023207 0.998432244986 4.21909707266e-05 0.998414842993 3.0
0.100511841278 0.998344631736 4.21909707266e-05 0.998416751285 3.0
0.103511180235 0.998320781939 4.21909707266e-05 0.998418722912 3.0
0.106510519192 0.998415767568 4.21909707266e-05 0.998420758419 3.0
0.109509858149 0.998365700119 4.21909707266e-05 0.998422858377 3.0
0.112509197106 0.998469426917 4.21909707266e-05 0.998425023381 3.0
0.115508536063 0.998408160663 4.21909707266e-05 0.998427254051 3.0
0.11850787502 0.998448877221 4.21909707266e-05 0.998429551034 3.0
0.121507213977 0.998430998381 4.21909707266e-05 0.998431915004 3.0
0.124506552934 0.998390653613 4.21909707266e-05 0.998434346664 3.0
0.127505891891 0.998426723652 4.21909707266e-05 0.998436846745 3.0
0.130505230848 0.998419705892 4.21909707266e-05 0.998439416011 3.0
0.133504569805 0.998457339138 4.21909707266e-05 0.998442055256 3.0
0.136503908762 0.998467666659 4.21909707266e-05 0.998444765309 3.0
0.13950324772 0.998487091635 4.21909707266e-05 0.998447547032 3.0
0.142502586677 0.998466065033 4.21909707266e-05 0.998450401325 3.0
0.145501925634 0.998526371154 4.21909707266e-05 0.998453329124 3.0
0.148501264591 0.998509209344 4.21909707266e-05 0.998456331407 3.0
0.151500603548 0.99850551858 4.21909707266e-05 0.998459409192 3.0
0.154499942505 0.998463094764 4.21909707266e-05 0.998462563541 3.0
0.157499281462 0.998503362944 4.21909707266e-05 0.998465795562 3.0
0.160498620419 0.998477382334 4.21909707266e-05 0.998469106409 3.0
0.163497959376 0.998512716225 4.21909707266e-05 0.998472497288 3.0
0.166497298333 0.998524988143 4.21909707266e-05 0.998475969459 3.0
0.16949663729 0.998498087481 4.21909707266e-05 0.998479524235 3.0
0.172495976247 0.998588619827 4.21909707266e-05 0.99848316299 3.0
0.175495315204 0.998477786553 4.21909707266e-05 0.998486887158 3.0
0.178494654161 0.99850620511 4.21909707266e-05 0.99849069824 3.0
0.181493993118 0.998490956897 4.21909707266e-05 0.998494597807 3.0
0.184493332075 0.998480835217 4.21909707266e-05 0.998498587499 3.0
0.187492671033 0.998456439723 4.21909707266e-05 0.99850266904 3.0
0.19049200999 0.998504280962 4.21909707266e-05 0.99850684423 3.0
0.193491348947 0.998512842631 4.21909707266e-05 0.998511114961 3.0
0.196490687904 0.99844189513 4.21909707266e-05 0.998515483216 3.0
0.199490026861 0.9984692486 4.21909707266e-05 0.998519951078 3.0
0.202489365818 0.998533749299 4.21909707266e-05 0.998524520734 3.0
0.205488704775 0.998476638021 4.21909707266e-05 0.998529194486 3.0
0.208488043732 0.998462733413 4.21909707266e-05 0.998533974755 3.0
0.211487382689 0.998517248184 4.21909707266e-05 0.998538864092 3.0
0.214486721646 0.998503945948 4.21909707266e-05 0.998543865188 3.0
0.217486060603 0.998555279594 4.21909707266e-05 0.99854898088 3.0
0.22048539956 0.998575044116 4.21909707266e-05 0.998554214168 3.0
0.223484738517 0.998542376418 4.21909707266e-05 0.998559568223 3.0
0.226484077474 0.998490114253 4.21909707266e-05 0.998565046404 3.0
0.229483416431 0.998558418026 4.21909707266e-05 0.998570652271 3.0
0.232482755388 0.998536152006 4.21909707266e-05 0.998576389603 3.0
0.235482094345 0.998586196769 4.21909707266e-05 0.998582262419 3.0
0.238481433303 0.998625701836 4.21909707266e-05 0.998588274993 3.0
0.24148077226 0.998589954402 4.21909707266e-05 0.998594431886 3.0
0.244480111217 0.998586423307 4.21909707266e-05 0.998600737966 3.0
0.247479450174 0.998579749401 4.21909707266e-05 0.998607198441 3.0
0.250478789131 0.998582757786 4.21909707266e-05 0.998613818891 3.0
0.253478128088 0.998552889572 4.21909707266e-05 0.998620605309 3.0
0.256477467045 0.998573636502 4.21909707266e-05 0.998627564144 3.0
0.259476806002 0.99864047807 4.21909707266e-05 0.998634702349 3.0
0.262476144959 0.998691856174 4.21909707266e-05 0.99864202744 3.0
0.265475483916 0.998658091904 4.21909707266e-05 0.998649547564 3.0
0.268474822873 0.998601534846 4.21909707266e-05 0.998657271574 3.0
0.27147416183 0.998705971841 4.21909707266e-05 0.998665209121 3.0
0.274473500787 0.998677728855 4.21909707266e-05 0.998673370759 3.0
0.277472839744 0.998696264577 4.21909707266e-05 0.998681768073 3.0
0.280472178701 0.998671233832 4.21909707266e-05 0.998690413824 3.0
0.283471517658 0.998632200358 4.21909707266e-05 0.998699322135 3.0
0.286470856615 0.998684570093 4.21909707266e-05 0.998708508706 3.0
0.289470195573 0.998696857647 4.21909707266e-05 0.998717991083 3.0
0.29246953453 0.998731044583 4.21909707266e-05 0.998727788992 3.0
0.295468873487 0.998717382011 4.21909707266e-05 0.998737924749 3.0
0.298468212444 0.998721458938 4.21909707266e-05 0.998748423795 3.0
0.301467551401 0.998763696852 4.21909707266e-05 0.998759315368 3.0
0.304466890358 0.998800675277 4.21909707266e-05 0.998770633398 3.0
0.307466229315 0.998763503313 4.21909707266e-05 0.998782417677 3.0
0.310465568272 0.998796051859 4.21909707266e-05 0.998794715461 3.0
0.313464907229 0.998786279026 4.21909707266e-05 0.998807583671 3.0
0.316464246186 0.998807497593 4.21909707266e-05 0.998821092026 3.0
0.319463585143 0.998888074395 4.21909707266e-05 0.998835327656 3.0
0.3224629241 0.99885335306 4.21909707266e-05 0.998850402315 3.0
0.325462263057 0.998931046246 4.21909707266e-05 0.998866464839 3.0
0.328461602014 0.998965863062 4.21909707266e-05 0.998883726608 3.0
0.331460940971 0.999013211708 4.21909707266e-05 0.99890252821 3.0
0.334460279928 0.998978665672 4.21909707266e-05 0.998923567538 3.0
0.337459618886 0.999019156806 4.21909707266e-05 0.99896767558 2.0
0.340458957843 0.998991807799 4.21909707266e-05 0.999039391417 2.0
0.3434582968 0.999134866423 4.21909707266e-05 0.999124443177 2.0
0.346457635757 0.999204222372 4.21909707266e-05 0.999217722039 2.0
0.349456974714 0.999298734575 4.21909707266e-05 0.999315892516 2.0
0.352456313671 0.999445991144 4.21909707266e-05 0.999416334619 2.0
0.355455652628 0.999493247578 4.21909707266e-05 0.999516772105 2.0
0.358454991585 0.999586070564 4.21909707266e-05 0.999615087403 2.0
0.361454330542 0.999671791143 4.21909707266e-05 0.999709193409 2.0
0.364453669499 0.999828269913 4.21909707266e-05 0.999796905538 2.0
0.367453008456 0.999898975379 4.21909707266e-05 0.999875761202 2.0
0.370452347413 0.999943650502 4.21909707266e-05 0.9999426726 2.0
0.37345168637 1.00001747921 4.21909707266e-05 0.999992957479 2.0
0.376451025327 0.999997059724 4.21909707266e-05 1.00001334634 0.0
0.379450364284 1.00000568152 4.21909707266e-05 1.00001334634 0.0
0.382449703241 0.999996289901 4.21909707266e-05 1.00001334634 0.0
0.385449042198 1.0000132062 4.21909707266e-05 1.00001334634 0.0
0.388448381156 1.00000561929 4.21909707266e-05 1.00001334634 0.0
0.391447720113 0.999993910868 4.21909707266e-05 1.00001334634 0.0
0.39444705907 1.00000664442 4.21909707266e-05 1.00001334634 0.0
0.397446398027 1.00007580841 4.21909707266e-05 1.00001334634 0.0
0.400445736984 1.00003578409 4.21909707266e-05 1.00001334634 0.0
0.403445075941 1.00004017091 4.21909707266e-05 1.00001334634 0.0
0.406444414898 0.999974475729 4.21909707266e-05 1.00001334634 0.0
0.409443753855 0.999937455769 4.21909707266e-05 1.00001334634 0.0
0.412443092812 0.999952892693 4.21909707266e-05 1.00001334634 0.0
0.415442431769 1.00006168903 4.21909707266e-05 1.00001334634 0.0
0.418441770726 1.00004835818 4.21909707266e-05 1.00001334634 0.0
0.421441109683 1.00010621652 4.21909707266e-05 1.00001334634 0.0
0.42444044864 1.0000370292 4.21909707266e-05 1.00001334634 0.0
0.427439787597 1.00000350106 4.21909707266e-05 1.00001334634 0.0
0.430439126554 1.00000622197 4.21909707266e-05 1.00001334634 0.0
0.433438465511 1.00003376803 4.21909707266e-05 1.00001334634 0.0
0.436437804468 1.00002675597 4.21909707266e-05 1.00001334634 0.0
0.439437143426 1.00002790621 4.21909707266e-05 1.00001334634 0.0
0.442436482383 0.999997624179 4.21909707266e-05 1.00001334634 0.0
0.44543582134 0.999970357656 4.21909707266e-05 1.00001334634 0.0
0.448435160297 0.999896521614 4.21909707266e-05 1.00001334634 0.0
