-0.0562840186591 1.00000935751 3.23204521407e-05 1.00000722602 0.0
-0.0559066686066 0.999967046238 3.23204521407e-05 1.00000722602 0.0
-0.055529318554 0.99999696189 3.23204521407e-05 1.00000722602 0.0
-0.0551519685015 1.00005337364 3.23204521407e-05 1.00000722602 0.0
-0.0547746184489 0.999961923899 3.23204521407e-05 1.00000722602 0.0
-0.0543972683964 1.00003178622 3.23204521407e-05 1.00000722602 0.0
-0.0540199183438 0.999997240869 3.23204521407e-05 1.00000722602 0.0
-0.0536425682913 1.000015721 3.23204521407e-05 1.00000722602 0.0
-0.0532652182387 1.00002211431 3.23204521407e-05 1.00000722602 0.0
-0.0528878681862 0.999963271201 3.23204521407e-05 1.00000722602 0.0
-0.0525105181336 1.00002133735 3.23204521407e-05 1.00000722602 0.0
-0.0521331680811 1.00005499593 3.23204521407e-05 1.00000722602 0.0
-0.0517558180285 1.00000092026 3.23204521407e-05 1.00000722602 0.0
-0.0513784679759 1.00000250922 3.23204521407e-05 1.00000722602 0.0
-0.0510011179234 0.99998952972 3.23204521407e-05 1.00000722602 0.0
-0.0506237678708 0.999951678968 3.23204521407e-05 1.00000722602 0.0
-0.0502464178183 1.00006079391 3.23204521407e-05 1.00000722602 0.0
-0.0498690677657 0.99999621244 3.23204521407e-05 1.00000722602 0.0
-0.0494917177132 0.999960098817 3.23204521407e-05 1.00000722602 0.0
-0.0491143676606 0.999994818779 3.23204521407e-05 1.00000722602 0.0
-0.0487370176081 1.00002701388 3.23204521407e-05 1.00000722602 0.0
-0.0483596675555 0.999996658986 3.23204521407e-05 1.00000722602 0.0
-0.047982317503 0.999956378303 3.23204521407e-05 1.00000722602 0.0
-0.0476049674504 0.999927883131 3.23204521407e-05 1.00000722602 0.0
-0.0472276173979 1.00012520807 3.23204521407e-05 1.00000722602 0.0
-0.0468502673453 1.00006725318 3.23204521407e-05 0.999965921866 1.0
-0.0464729172928 0.999954917439 3.23204521407e-05 0.99989088613 1.0
-0.0460955672402 0.999861918634 3.23204521407e-05 0.999798690262 1.0
-0.0457182171877 0.999656524673 3.23204521407e-05 0.999698310228 1.0
-0.0453408671351 0.999580143838 3.23204521407e-05 0.999598040603 1.0
-0.0449635170825 0.999345989384 3.23204521407e-05 0.99950790945 1.0
-0.04458616703 0.99947102061 3.23204521407e-05 0.999449239252 3.0
-0.0442088169774 0.999505682504 3.23204521407e-05 0.999430666363 3.0
-0.0438314669249 0.999408455078 3.23204521407e-05 0.999414968362 3.0
-0.0434541168723 0.999380003664 3.23204521407e-05 0.999401008907 3.0
-0.0430767668198 0.999386263223 3.23204521407e-05 0.999388316244 3.0
-0.0426994167672 0.999434763389 3.23204521407e-05 0.999376606651 3.0
-0.0423220667147 0.999356720389 3.23204521407e-05 0.999365692438 3.0
-0.0419447166621 0.999280698856 3.23204521407e-05 0.999355442066 3.0
-0.0415673666096 0.999406532844 3.23204521407e-05 0.999345758857 3.0
-0.041190016557 0.999330328768 3.23204521407e-05 0.999336568966 3.0
-0.0408126665045 0.999308394876 3.23204521407e-05 0.99932781423 3.0
-0.0404353164519 0.999318251671 3.23204521407e-05 0.99931944772 3.0
-0.0400579663994 0.999367330998 3.23204521407e-05 0.999311430835 3.0
-0.0396806163468 0.999262591467 3.23204521407e-05 0.999303731315 3.0
-0.0393032662943 0.999294112852 3.23204521407e-05 0.999296321853 3.0
-0.0389259162417 0.999312954857 3.23204521407e-05 0.99928917907 3.0
-0.0385485661891 0.999253285339 3.23204521407e-05 0.999282282761 3.0
-0.0381712161366 0.999288195143 3.23204521407e-05 0.999275615318 3.0
-0.037793866084 0.999193482671 3.23204521407e-05 0.99926916128 3.0
-0.0374165160315 0.999263747742 3.23204521407e-05 0.999262906986 3.0
-0.0370391659789 0.999265176059 3.23204521407e-05 0.999256840287 3.0
-0.0366618159264 0.999265831638 3.23204521407e-05 0.999250950325 3.0
-0.0362844658738 0.999203677478 3.23204521407e-05 0.999245227349 3.0
-0.0359071158213 0.999265272708 3.23204521407e-05 0.999239662557 3.0
-0.0355297657687 0.999230038925 3.23204521407e-05 0.999234247979 3.0
-0.0351524157162 0.999236800224 3.23204521407e-05 0.999228976363 3.0
-0.0347750656636 0.999148526466 3.23204521407e-05 0.999223841093 3.0
-0.0343977156111 0.9992408104 3.23204521407e-05 0.999218836111 3.0
-0.0340203655585 0.99923018702 3.23204521407e-05 0.999213955853 3.0
-0.033643015506 0.999210938182 3.23204521407e-05 0.999209195196 3.0
-0.0332656654534 0.999179097057 3.23204521407e-05 0.999204549409 3.0
-0.0328883154008 0.999226570867 3.23204521407e-05 0.999200014112 3.0
-0.0325109653483 0.999233691358 3.23204521407e-05 0.999195585244 3.0
-0.0321336152957 0.999226618438 3.23204521407e-05 0.999191259026 3.0
-0.0317562652432 0.999230699492 3.23204521407e-05 0.999187031941 3.0
-0.0313789151906 0.999230221153 3.23204521407e-05 0.999182900703 3.0
-0.0310015651381 0.999227009535 3.23204521407e-05 0.999178862241 3.0
-0.0306242150855 0.99925326894 3.23204521407e-05 0.999174913678 3.0
-0.030246865033 0.999163791587 3.23204521407e-05 0.999171052315 3.0
-0.0298695149804 0.999167651903 3.23204521407e-05 0.999167275616 3.0
-0.0294921649279 0.999096715673 3.23204521407e-05 0.999163581196 3.0
-0.0291148148753 0.999134804638 3.23204521407e-05 0.999159966805 3.0
-0.0287374648228 0.999142003789 3.23204521407e-05 0.999156430324 3.0
-0.0283601147702 0.999123607051 3.23204521407e-05 0.999152969748 3.0
-0.0279827647177 0.999147451354 3.23204521407e-05 0.999149583184 3.0
-0.0276054146651 0.999107954678 3.23204521407e-05 0.999146268838 3.0
-0.0272280646126 0.999104747523 3.23204521407e-05 0.999143025011 3.0
-0.02685071456 0.999082039512 3.23204521407e-05 0.99913985009 3.0
-0.0264733645074 0.999134390046 3.23204521407e-05 0.999136742545 3.0
-0.0260960144549 0.999081350896 3.23204521407e-05 0.999133700921 3.0
-0.0257186644023 0.9991610089 3.23204521407e-05 0.999130723834 3.0
-0.0253413143498 0.999181463425 3.23204521407e-05 0.999127809969 3.0
-0.0249639642972 0.999172937895 3.23204521407e-05 0.99912495807 3.0
-0.0245866142447 0.999109816839 3.23204521407e-05 0.999122166942 3.0
-0.0242092641921 0.999073386565 3.23204521407e-05 0.999119435443 3.0
-0.0238319141396 0.999134595302 3.23204521407e-05 0.999116762484 3.0
-0.023454564087 0.999143139113 3.23204521407e-05 0.999114147026 3.0
-0.0230772140345 0.999078332753 3.23204521407e-05 0.999111588075 3.0
-0.0226998639819 0.999072962899 3.23204521407e-05 0.999109084679 3.0
-0.0223225139294 0.999120630105 3.23204521407e-05 0.99910663593 3.0
-0.0219451638768 0.999017930445 3.23204521407e-05 0.999104240957 3.0
-0.0215678138243 0.999028794762 3.23204521407e-05 0.999101898927 3.0
-0.0211904637717 0.999085647641 3.23204521407e-05 0.999099609041 3.0
-0.0208131137192 0.999133948486 3.23204521407e-05 0.999097370534 3.0
-0.0204357636666 0.999072041033 3.23204521407e-05 0.999095182672 3.0
-0.020058413614 0.999089750166 3.23204521407e-05 0.999093044752 3.0
-0.0196810635615 0.999011759973 3.23204521407e-05 0.999090956098 3.0
-0.0193037135089 0.999125404036 3.23204521407e-05 0.999088916062 3.0
-0.0189263634564 0.9991149255 3.23204521407e-05 0.999086924024 3.0
-0.0185490134038 0.999113372042 3.23204521407e-05 0.999084979386 3.0
-0.0181716633513 0.999058962498 3.23204521407e-05 0.999083081574 3.0
-0.0177943132987 0.999050878386 3.23204521407e-05 0.999081230039 3.0
-0.0174169632462 0.999021652433 3.23204521407e-05 0.999079424251 3.0
-0.0170396131936 0.999036077214 3.23204521407e-05 0.999077663702 3.0
-0.0166622631411 0.99905827931 3.23204521407e-05 0.999075947905 3.0
-0.0162849130885 0.999017918033 3.23204521407e-05 0.99907427639 3.0
-0.015907563036 0.999063835139 3.23204521407e-05 0.999072648707 3.0
-0.0155302129834 0.999057976421 3.23204521407e-05 0.999071064424 3.0
-0.0151528629309 0.999105677412 3.23204521407e-05 0.999069523123 3.0
-0.0147755128783 0.999121225636 3.23204521407e-05 0.999068024406 3.0
-0.0143981628258 0.999025983904 3.23204521407e-05 0.99906656789 3.0
-0.0140208127732 0.99905113665 3.23204521407e-05 0.999065153204 3.0
-0.0136434627206 0.999078538007 3.23204521407e-05 0.999063779997 3.0
-0.0132661126681 0.999014967215 3.23204521407e-05 0.999062447928 3.0
-0.0128887626155 0.999107710751 3.23204521407e-05 0.999061156672 3.0
-0.012511412563 0.999019829217 3.23204521407e-05 0.999059905915 3.0
-0.0121340625104 0.999036099736 3.23204521407e-05 0.999058695358 3.0
-0.0117567124579 0.999049851231 3.23204521407e-05 0.999057524714 3.0
-0.0113793624053 0.999118460323 3.23204521407e-05 0.999056393707 3.0
-0.0110020123528 0.999039680642 3.23204521407e-05 0.999055302075 3.0
-0.0106246623002 0.999058592933 3.23204521407e-05 0.999054249564 3.0
-0.0102473122477 0.999043875945 3.23204521407e-05 0.999053235934 3.0
-0.00986996219512 0.999077537891 3.23204521407e-05 0.999052260954 3.0
-0.00949261214256 0.99906981843 3.23204521407e-05 0.999051324406 3.0
-0.00911526209001 0.99906154567 3.23204521407e-05 0.999050426078 3.0
-0.00873791203746 0.999013380867 3.23204521407e-05 0.999049565772 3.0
-0.0083605619849 0.999065892464 3.23204521407e-05 0.999048743298 3.0
-0.00798321193235 0.999054372924 3.23204521407e-05 0.999047958476 3.0
-0.0076058618798 0.999073455963 3.23204521407e-05 0.999047211134 3.0
-0.00722851182724 0.998942966238 3.23204521407e-05 0.999046501111 3.0
-0.00685116177469 0.999078329267 3.23204521407e-05 0.999045828254 3.0
-0.00647381172214 0.999012819571 3.23204521407e-05 0.999045192419 3.0
-0.00609646166959 0.999061724581 3.23204521407e-05 0.999044593469 3.0
-0.00571911161703 0.999012666105 3.23204521407e-05 0.99904403128 3.0
-0.00534176156448 0.999097205864 3.23204521407e-05 0.99904350573 3.0
-0.00496441151193 0.999002506642 3.23204521407e-05 0.999043016711 3.0
-0.00458706145937 0.999058512336 3.23204521407e-05 0.999042564119 3.0
-0.00420971140682 0.999074293463 3.23204521407e-05 0.99904214786 3.0
-0.00383236135427 0.998979054156 3.23204521407e-05 0.999041767848 3.0
-0.00345501130171 0.999077357488 3.23204521407e-05 0.999041424003 3.0
-0.00307766124916 0.999000047475 3.23204521407e-05 0.999041116255 3.0
-0.00270031119661 0.999082326192 3.23204521407e-05 0.99904084454 3.0
-0.00232296114406 0.999036810736 3.23204521407e-05 0.999040608802 3.0
-0.0019456110915 0.999068007168 3.23204521407e-05 0.999040408992 3.0
-0.00156826103895 0.999045943555 3.23204521407e-05 0.99904024507 3.0
-0.0011909109864 0.999059784253 3.23204521407e-05 0.999040106808 3.0
-0.000813560933843 0.999088989682 3.23204521407e-05 0.999040014567 3.0
-0.00043621088129 0.999054311811 3.23204521407e-05 0.999039958135 3.0
-5.88608287371e-05 0.999100137992 3.23204521407e-05 0.9990399375 3.0
0.000318489223816 0.999037351136 3.23204521407e-05 0.999039952876 3.0
0.000695839276369 0.999023773512 3.23204521407e-05 0.999040004064 3.0
0.00107318932892 0.999040466893 3.23204521407e-05 0.99904009106 3.0
0.00145053938147 0.999088931172 3.23204521407e-05 0.999040224072 3.0
0.00182788943403 0.999032153472 3.23204521407e-05 0.999040382741 3.0
0.00220523948658 0.999043044323 3.23204521407e-05 0.999040577292 3.0
0.00258258953913 0.99908756533 3.23204521407e-05 0.999040807766 3.0
0.00295993959169 0.999024536237 3.23204521407e-05 0.999041074208 3.0
0.00333728964424 0.999011155532 3.23204521407e-05 0.999041376675 3.0
0.00371463969679 0.998996412703 3.23204521407e-05 0.999041715229 3.0
0.00409198974935 0.999058438934 3.23204521407e-05 0.999042089939 3.0
0.0044693398019 0.999057620163 3.23204521407e-05 0.999042500884 3.0
0.00484668985445 0.999039967559 3.23204521407e-05 0.999042948148 3.0
0.00522403990701 0.999007793973 3.23204521407e-05 0.999043431826 3.0
0.00560138995956 0.999079178598 3.23204521407e-05 0.999043952019 3.0
0.00597874001211 0.999043223643 3.23204521407e-05 0.999044508835 3.0
0.00635609006466 0.999064180602 3.23204521407e-05 0.999045102392 3.0
0.00673344011722 0.999002154175 3.23204521407e-05 0.999045732817 3.0
0.00711079016977 0.999034610048 3.23204521407e-05 0.999046400243 3.0
0.00748814022232 0.999020670516 3.23204521407e-05 0.999047104813 3.0
0.00786549027488 0.999008949693 3.23204521407e-05 0.999047846679 3.0
0.00824284032743 0.99905341856 3.23204521407e-05 0.999048626002 3.0
0.00862019037998 0.998980041905 3.23204521407e-05 0.99904944295 3.0
0.00899754043254 0.999078185492 3.23204521407e-05 0.999050297703 3.0
0.00937489048509 0.999088213115 3.23204521407e-05 0.99905119045 3.0
0.00975224053764 0.999053785705 3.23204521407e-05 0.999052121388 3.0
0.0101295905902 0.999048834831 3.23204521407e-05 0.999053090725 3.0
0.0105069406427 0.999104312404 3.23204521407e-05 0.99905409868 3.0
0.0108842906953 0.999089516565 3.23204521407e-05 0.999055145481 3.0
0.0112616407479 0.999051139435 3.23204521407e-05 0.999056231369 3.0
0.0116389908004 0.999044478799 3.23204521407e-05 0.999057356592 3.0
0.012016340853 0.999046813034 3.23204521407e-05 0.999058521414 3.0
0.0123936909055 0.999141081986 3.23204521407e-05 0.999059726107 3.0
0.0127710409581 0.999059936838 3.23204521407e-05 0.999060970958 3.0
0.0131483910106 0.999158092139 3.23204521407e-05 0.999062256264 3.0
0.0135257410632 0.999022574633 3.23204521407e-05 0.999063582335 3.0
0.0139030911157 0.99905829446 3.23204521407e-05 0.999064949496 3.0
0.0142804411683 0.999077618246 3.23204521407e-05 0.999066358084 3.0
0.0146577912208 0.999027692531 3.23204521407e-05 0.999067808452 3.0
0.0150351412734 0.999139670214 3.23204521407e-05 0.999069300964 3.0
0.0154124913259 0.999049662651 3.23204521407e-05 0.999070836003 3.0
0.0157898413785 0.999079198061 3.23204521407e-05 0.999072413966 3.0
0.016167191431 0.999076518608 3.23204521407e-05 0.999074035266 3.0
0.0165445414836 0.999002972095 3.23204521407e-05 0.999075700333 3.0
0.0169218915361 0.999067292041 3.23204521407e-05 0.999077409616 3.0
0.0172992415887 0.999103699049 3.23204521407e-05 0.99907916358 3.0
0.0176765916413 0.999107975096 3.23204521407e-05 0.99908096271 3.0
0.0180539416938 0.999089424664 3.23204521407e-05 0.999082807513 3.0
0.0184312917464 0.999110533511 3.23204521407e-05 0.999084698513 3.0
0.0188086417989 0.999099645601 3.23204521407e-05 0.999086636258 3.0
0.0191859918515 0.999084433132 3.23204521407e-05 0.999088621317 3.0
0.019563341904 0.999144630396 3.23204521407e-05 0.999090654284 3.0
0.0199406919566 0.999109147118 3.23204521407e-05 0.999092735777 3.0
0.0203180420091 0.999104950737 3.23204521407e-05 0.999094866441 3.0
0.0206953920617 0.999082631932 3.23204521407e-05 0.999097046945 3.0
0.0210727421142 0.999127121829 3.23204521407e-05 0.999099277989 3.0
0.0214500921668 0.999182790383 3.23204521407e-05 0.999101560303 3.0
0.0218274422193 0.999083992734 3.23204521407e-05 0.999103894647 3.0
0.0222047922719 0.999133809628 3.23204521407e-05 0.999106281814 3.0
0.0225821423244 0.99911045372 3.23204521407e-05 0.999108722634 3.0
0.022959492377 0.999172163533 3.23204521407e-05 0.99911121797 3.0
0.0233368424295 0.999081336858 3.23204521407e-05 0.999113768726 3.0
0.0237141924821 0.999127499324 3.23204521407e-05 0.999116375846 3.0
0.0240915425347 0.999126977619 3.23204521407e-05 0.999119040319 3.0
0.0244688925872 0.999094641381 3.23204521407e-05 0.999121763177 3.0
0.0248462426398 0.9990849007 3.23204521407e-05 0.999124545502 3.0
0.0252235926923 0.999106599592 3.23204521407e-05 0.999127388427 3.0
0.0256009427449 0.999095646625 3.23204521407e-05 0.99913029314 3.0
0.0259782927974 0.999144596768 3.23204521407e-05 0.999133260886 3.0
0.02635564285 0.999065886506 3.23204521407e-05 0.999136292972 3.0
0.0267329929025 0.999184935721 3.23204521407e-05 0.999139390773 3.0
0.0271103429551 0.999103382215 3.23204521407e-05 0.999142555732 3.0
0.0274876930076 0.999138537196 3.23204521407e-05 0.999145789369 3.0
0.0278650430602 0.999130570865 3.23204521407e-05 0.999149093283 3.0
0.0282423931127 0.999159360221 3.23204521407e-05 0.99915246916 3.0
0.0286197431653 0.999145189027 3.23204521407e-05 0.999155918779 3.0
0.0289970932178 0.999139127438 3.23204521407e-05 0.999159444021 3.0
0.0293744432704 0.999217173931 3.23204521407e-05 0.999163046871 3.0
0.029751793323 0.999111105294 3.23204521407e-05 0.999166729432 3.0
0.0301291433755 0.999194754421 3.23204521407e-05 0.999170493935 3.0
0.0305064934281 0.999188935541 3.23204521407e-05 0.999174342743 3.0
0.0308838434806 0.999187468106 3.23204521407e-05 0.999178278369 3.0
0.0312611935332 0.999205849074 3.23204521407e-05 0.999182303489 3.0
0.0316385435857 0.999137474027 3.23204521407e-05 0.999186420952 3.0
0.0320158936383 0.999111525296 3.23204521407e-05 0.999190633799 3.0
0.0323932436908 0.999192510436 3.23204521407e-05 0.999194945283 3.0
0.0327705937434 0.999191095693 3.23204521407e-05 0.999199358888 3.0
0.0331479437959 0.999198709608 3.23204521407e-05 0.99920387835 3.0
0.0335252938485 0.999255187664 3.23204521407e-05 0.999208507688 3.0
0.033902643901 0.999254548709 3.23204521407e-05 0.999213251234 3.0
0.0342799939536 0.999210599173 3.23204521407e-05 0.999218113665 3.0
0.0346573440061 0.999238141932 3.23204521407e-05 0.999223100042 3.0
0.0350346940587 0.999272677016 3.23204521407e-05 0.999228215864 3.0
0.0354120441112 0.999223149917 3.23204521407e-05 0.999233467111 3.0
0.0357893941638 0.999165949608 3.23204521407e-05 0.999238860313 3.0
0.0361667442164 0.999281254889 3.23204521407e-05 0.999244402624 3.0
0.0365440942689 0.99926580987 3.23204521407e-05 0.999250101903 3.0
0.0369214443215 0.999263013686 3.23204521407e-05 0.999255966823 3.0
0.037298794374 0.999232621853 3.23204521407e-05 0.999262006986 3.0
0.0376761444266 0.999251489282 3.23204521407e-05 0.999268233078 3.0
0.0380534944791 0.999255279997 3.23204521407e-05 0.999274657046 3.0
0.0384308445317 0.999313108724 3.23204521407e-05 0.999281292313 3.0
0.0388081945842 0.999277234477 3.23204521407e-05 0.999288154056 3.0
0.0391855446368 0.999264884021 3.23204521407e-05 0.999295259545 3.0
0.0395628946893 0.999311609992 3.23204521407e-05 0.999302628571 3.0
0.0399402447419 0.999397209669 3.23204521407e-05 0.999310284004 3.0
0.0403175947944 0.999278541476 3.23204521407e-05 0.999318252523 3.0
0.040694944847 0.999334825011 3.23204521407e-05 0.999326565583 3.0
0.0410722948995 0.999374358686 3.23204521407e-05 0.99933526075 3.0
0.0414496449521 0.999380236796 3.23204521407e-05 0.99934438358 3.0
0.0418269950046 0.999415715227 3.23204521407e-05 0.999353990357 3.0
0.0422043450572 0.999368591981 3.23204521407e-05 0.999364152267 3.0
0.0425816951098 0.99935345553 3.23204521407e-05 0.99937496204 3.0
0.0429590451623 0.999422870924 3.23204521407e-05 0.99938654507 3.0
0.0433363952149 0.999390783493 3.23204521407e-05 0.999399078935 3.0
0.0437137452674 0.999397416501 3.23204521407e-05 0.999412829562 3.0
0.04409109532 0.999485307521 3.23204521407e-05 0.999428230094 3.0
0.0444684453725 0.99946399573 3.23204521407e-05 0.999446235604 3.0
0.0448457954251 0.999426153553 3.23204521407e-05 0.999496424895 2.0
0.0452231454776 0.999537419092 3.23204521407e-05 0.999583917692 2.0
0.0456004955302 0.999709881735 3.23204521407e-05 0.999683410048 2.0
0.0459778455827 0.99979369372 3.23204521407e-05 0.999784305626 2.0
0.0463551956353 0.999858228294 3.23204521407e-05 0.999878216106 2.0
0.0467325456878 0.999993186298 3.23204521407e-05 0.999956443285 2.0
0.0471098957404 1.00010265743 3.23204521407e-05 1.00000517027 2.0
0.0474872457929 1.00008662201 3.23204521407e-05 1.00000722602 0.0
0.0478645958455 0.999928222817 3.23204521407e-05 1.00000722602 0.0
0.048241945898 0.999963696512 3.23204521407e-05 1.00000722602 0.0
0.0486192959506 0.999981910622 3.23204521407e-05 1.00000722602 0.0
0.0489966460032 1.00003641022 3.23204521407e-05 1.00000722602 0.0
0.0493739960557 1.00000157997 3.23204521407e-05 1.00000722602 0.0
0.0497513461083 0.999963135187 3.23204521407e-05 1.00000722602 0.0
0.0501286961608 1.00002132653 3.23204521407e-05 1.00000722602 0.0
0.0505060462134 0.999927993717 3.23204521407e-05 1.00000722602 0.0
0.0508833962659 1.00000468043 3.23204521407e-05 1.00000722602 0.0
0.0512607463185 0.999952636505 3.23204521407e-05 1.00000722602 0.0
0.051638096371 1.00001956232 3.23204521407e-05 1.00000722602 0.0
0.0520154464236 1.00001356258 3.23204521407e-05 1.00000722602 0.0
0.0523927964761 1.00000844281 3.23204521407e-05 1.00000722602 0.0
0.0527701465287 0.999958686112 3.23204521407e-05 1.00000722602 0.0
0.0531474965812 1.00005740306 3.23204521407e-05 1.00000722602 0.0
0.0535248466338 1.00003657974 3.23204521407e-05 1.00000722602 0.0
0.0539021966863 1.0000731784 3.23204521407e-05 1.00000722602 0.0
0.0542795467389 1.00002115106 3.23204521407e-05 1.00000722602 0.0
0.0546568967915 0.999936837058 3.23204521407e-05 1.00000722602 0.0
0.055034246844 0.999998288744 3.23204521407e-05 1.00000722602 0.0
0.0554115968966 0.999997733504 3.23204521407e-05 1.00000722602 0.0
0.0557889469491 1.00003352008 3.23204521407e-05 1.00000722602 0.0
0.0561662970017 1.00001674262 3.23204521407e-05 1.00000722602 0.0
0.0565436470542 1.00002673463 3.23204521407e-05 1.00000722602 0.0
