-0.098404691514 0.999763647305 0.000306082849349 0.999959869156 0.0
-0.0977474284731 0.999815386213 0.000306082849349 0.999959869156 0.0
-0.0970901654321 0.999769969782 0.000306082849349 0.999959869156 0.0
-0.0964329023912 1.00039975175 0.000306082849349 0.999959869156 0.0
-0.0957756393502 0.999755483277 0.000306082849349 0.999959869156 0.0
-0.0951183763092 1.00019556303 0.000306082849349 0.999959869156 0.0
-0.0944611132683 0.999938856558 0.000306082849349 0.999959869156 0.0
-0.0938038502273 0.999639670089 0.000306082849349 0.999959869156 0.0
-0.0931465871864 1.00013649207 0.000306082849349 0.999959869156 0.0
-0.0924893241454 1.00023402959 0.000306082849349 0.999959869156 0.0
-0.0918320611044 1.00008465306 0.000306082849349 0.999959869156 0.0
-0.0911747980635 1.00041900877 0.000306082849349 0.999959869156 0.0
-0.0905175350225 0.999925951975 0.000306082849349 0.999959869156 0.0
-0.0898602719815 1.00034454423 0.000306082849349 0.999959869156 0.0
-0.0892030089406 0.999346265911 0.000306082849349 0.999959869156 0.0
-0.0885457458996 0.999886035975 0.000306082849349 0.999959869156 0.0
-0.0878884828587 0.999779473163 0.000306082849349 0.999959869156 0.0
-0.0872312198177 0.999927497474 0.000306082849349 0.999959869156 0.0
-0.0865739567767 0.999838220171 0.000306082849349 0.999959869156 0.0
-0.0859166937358 0.999296803673 0.000306082849349 0.999959869156 0.0
-0.0852594306948 0.999883481918 0.000306082849349 0.999959869156 0.0
-0.0846021676539 0.999974299478 0.000306082849349 0.999959869156 0.0
-0.0839449046129 0.999951995159 0.000306082849349 0.999959869156 0.0
-0.0832876415719 0.999646205772 0.000306082849349 0.999959869156 0.0
-0.082630378531 0.99984082736 0.000306082849349 0.999959869156 0.0
-0.08197311549 0.999648166553 0.000306082849349 0.999959869156 0.0
-0.081315852449 0.999906524085 0.000306082849349 0.999925740937 1.0
-0.0806585894081 0.999640329079 0.000306082849349 0.999808342103 1.0
-0.0800013263671 0.999706647384 0.000306082849349 0.999640156844 1.0
-0.0793440633262 0.999046612384 0.000306082849349 0.999431967878 1.0
-0.0786868002852 0.999391732013 0.000306082849349 0.9991901232 1.0
-0.0780295372442 0.998798654245 0.000306082849349 0.998919272042 1.0
-0.0773722742033 0.998213810937 0.000306082849349 0.998623215339 1.0
-0.0767150111623 0.998549467244 0.000306082849349 0.998305281444 1.0
-0.0760577481213 0.998148169429 0.000306082849349 0.997968528023 1.0
-0.0754004850804 0.997570693222 0.000306082849349 0.997615867371 1.0
-0.0747432220394 0.997319378387 0.000306082849349 0.997250154821 1.0
-0.0740859589985 0.996963462972 0.000306082849349 0.9968742596 1.0
-0.0734286959575 0.996563838939 0.000306082849349 0.996491129559 1.0
-0.0727714329165 0.995567190476 0.000306082849349 0.996103858478 1.0
-0.0721141698756 0.99641729855 0.000306082849349 0.995715764987 1.0
-0.0714569068346 0.995490336269 0.000306082849349 0.99533049564 1.0
-0.0707996437937 0.99504259267 0.000306082849349 0.994952173486 1.0
-0.0701423807527 0.994479475492 0.000306082849349 0.994585634541 1.0
-0.0694851177117 0.994124365471 0.000306082849349 0.994236850045 1.0
-0.0688278546708 0.993887738811 0.000306082849349 0.99391380887 1.0
-0.0681705916298 0.993318196843 0.000306082849349 0.993628926316 1.0
-0.0675133285888 0.993351183866 0.000306082849349 0.99341493539 3.0
-0.0668560655479 0.993464749546 0.000306082849349 0.993279218236 3.0
-0.0661988025069 0.993037458273 0.000306082849349 0.993154756955 3.0
-0.065541539466 0.992660163273 0.000306082849349 0.99303838058 3.0
-0.064884276425 0.992727423745 0.000306082849349 0.992928496907 3.0
-0.064227013384 0.992984424555 0.000306082849349 0.99282408548 3.0
-0.0635697503431 0.993118766401 0.000306082849349 0.992724420086 3.0
-0.0629124873021 0.992760199441 0.000306082849349 0.99262895117 3.0
-0.0622552242612 0.992035207425 0.000306082849349 0.992537245678 3.0
-0.0615979612202 0.992153972262 0.000306082849349 0.992448952385 3.0
-0.0609406981792 0.992401802217 0.000306082849349 0.992363780203 3.0
-0.0602834351383 0.991799326101 0.000306082849349 0.992281483756 3.0
-0.0596261720973 0.992153100277 0.000306082849349 0.992201853335 3.0
-0.0589689090563 0.991548451986 0.000306082849349 0.992124707656 3.0
-0.0583116460154 0.992545691151 0.000306082849349 0.992049888476 3.0
-0.0576543829744 0.991792479555 0.000306082849349 0.991977256508 3.0
-0.0569971199335 0.991809751532 0.000306082849349 0.991906688252 3.0
-0.0563398568925 0.991795820917 0.000306082849349 0.991838073501 3.0
-0.0556825938515 0.991884356408 0.000306082849349 0.991771313344 3.0
-0.0550253308106 0.991816578856 0.000306082849349 0.991706318556 3.0
-0.0543680677696 0.991759489828 0.000306082849349 0.991643008276 3.0
-0.0537108047287 0.991396232337 0.000306082849349 0.991581308917 3.0
-0.0530535416877 0.991953801873 0.000306082849349 0.991521153257 3.0
-0.0523962786467 0.9912496602 0.000306082849349 0.991462479674 3.0
-0.0517390156058 0.991577814388 0.000306082849349 0.991405231503 3.0
-0.0510817525648 0.991064889108 0.000306082849349 0.99134935648 3.0
-0.0504244895238 0.991636563344 0.000306082849349 0.991294806272 3.0
-0.0497672264829 0.991207147305 0.000306082849349 0.991241536068 3.0
-0.0491099634419 0.991050560004 0.000306082849349 0.991189504231 3.0
-0.048452700401 0.991161987406 0.000306082849349 0.991138671981 3.0
-0.04779543736 0.990876849101 0.000306082849349 0.991089003133 3.0
-0.047138174319 0.991046450454 0.000306082849349 0.991040463859 3.0
-0.0464809112781 0.991041431152 0.000306082849349 0.990993022475 3.0
-0.0458236482371 0.990981669656 0.000306082849349 0.99094664926 3.0
-0.0451663851962 0.990641482396 0.000306082849349 0.990901316291 3.0
-0.0445091221552 0.991288631812 0.000306082849349 0.990856997294 3.0
-0.0438518591142 0.990721881554 0.000306082849349 0.990813667517 3.0
-0.0431945960733 0.990743033306 0.000306082849349 0.990771303607 3.0
-0.0425373330323 0.990616456721 0.000306082849349 0.990729883507 3.0
-0.0418800699913 0.990338005407 0.000306082849349 0.990689386362 3.0
-0.0412228069504 0.990601097481 0.000306082849349 0.990649792429 3.0
-0.0405655439094 0.990911799682 0.000306082849349 0.990611083001 3.0
-0.0399082808685 0.990808528915 0.000306082849349 0.990573240337 3.0
-0.0392510178275 0.991011280133 0.000306082849349 0.990536247593 3.0
-0.0385937547865 0.990935055632 0.000306082849349 0.990500088767 3.0
-0.0379364917456 0.990896227981 0.000306082849349 0.990464748645 3.0
-0.0372792287046 0.990541558889 0.000306082849349 0.990430212748 3.0
-0.0366219656636 0.990465394484 0.000306082849349 0.990396467291 3.0
-0.0359647026227 0.990103891322 0.000306082849349 0.990363499138 3.0
-0.0353074395817 0.991080437538 0.000306082849349 0.990331295767 3.0
-0.0346501765408 0.990282939349 0.000306082849349 0.99029984523 3.0
-0.0339929134998 0.990117823464 0.000306082849349 0.990269136126 3.0
-0.0333356504588 0.990640132055 0.000306082849349 0.990239157567 3.0
-0.0326783874179 0.990651574996 0.000306082849349 0.990209899151 3.0
-0.0320211243769 0.99033312689 0.000306082849349 0.990181350937 3.0
-0.031363861336 0.990077971086 0.000306082849349 0.990153503422 3.0
-0.030706598295 0.990273985222 0.000306082849349 0.990126347515 3.0
-0.030049335254 0.990486621893 0.000306082849349 0.990099874521 3.0
-0.0293920722131 0.990128735709 0.000306082849349 0.990074076117 3.0
-0.0287348091721 0.989480844119 0.000306082849349 0.99004894434 3.0
-0.0280775461311 0.989997988637 0.000306082849349 0.990024471564 3.0
-0.0274202830902 0.99031844232 0.000306082849349 0.99000065049 3.0
-0.0267630200492 0.990090827804 0.000306082849349 0.989977474126 3.0
-0.0261057570083 0.989332015034 0.000306082849349 0.989954935778 3.0
-0.0254484939673 0.989912561024 0.000306082849349 0.989933029037 3.0
-0.0247912309263 0.990458015129 0.000306082849349 0.989911747761 3.0
-0.0241339678854 0.990029712494 0.000306082849349 0.989891086075 3.0
-0.0234767048444 0.989779000702 0.000306082849349 0.989871038347 3.0
-0.0228194418035 0.99017771027 0.000306082849349 0.989851599191 3.0
-0.0221621787625 0.990403126494 0.000306082849349 0.98983276345 3.0
-0.0215049157215 0.989678624112 0.000306082849349 0.989814526188 3.0
-0.0208476526806 0.989817037951 0.000306082849349 0.989796882685 3.0
-0.0201903896396 0.990480877172 0.000306082849349 0.989779828429 3.0
-0.0195331265986 0.989711070819 0.000306082849349 0.989763359104 3.0
-0.0188758635577 0.989271412127 0.000306082849349 0.98974747059 3.0
-0.0182186005167 0.989431324084 0.000306082849349 0.989732158954 3.0
-0.0175613374758 0.990010612093 0.000306082849349 0.98971742044 3.0
-0.0169040744348 0.989298581204 0.000306082849349 0.989703251471 3.0
-0.0162468113938 0.989997830279 0.000306082849349 0.989689648639 3.0
-0.0155895483529 0.989939316173 0.000306082849349 0.9896766087 3.0
-0.0149322853119 0.98978237395 0.000306082849349 0.989664128572 3.0
-0.014275022271 0.989785839957 0.000306082849349 0.989652205327 3.0
-0.01361775923 0.989611748142 0.000306082849349 0.989640836192 3.0
-0.012960496189 0.989337697027 0.000306082849349 0.98963001854 3.0
-0.0123032331481 0.989301537113 0.000306082849349 0.989619749891 3.0
-0.0116459701071 0.989266806997 0.000306082849349 0.989610027904 3.0
-0.0109887070661 0.989822008382 0.000306082849349 0.989600850378 3.0
-0.0103314440252 0.989349936698 0.000306082849349 0.989592215248 3.0
-0.00967418098422 0.989809052443 0.000306082849349 0.989584120582 3.0
-0.00901691794326 0.99003670155 0.000306082849349 0.989576564576 3.0
-0.0083596549023 0.989697449303 0.000306082849349 0.989569545557 3.0
-0.00770239186134 0.989520202794 0.000306082849349 0.989563061977 3.0
-0.00704512882037 0.989262458527 0.000306082849349 0.989557112413 3.0
-0.00638786577941 0.989753171478 0.000306082849349 0.989551695562 3.0
-0.00573060273845 0.989119560343 0.000306082849349 0.989546810244 3.0
-0.00507333969749 0.9897731172 0.000306082849349 0.989542455398 3.0
-0.00441607665653 0.989524768133 0.000306082849349 0.989538630079 3.0
-0.00375881361557 0.989417927309 0.000306082849349 0.989535333463 3.0
-0.0031015505746 0.989988440732 0.000306082849349 0.989532564837 3.0
-0.00244428753364 0.989527165258 0.000306082849349 0.989530323606 3.0
-0.00178702449268 0.989741957839 0.000306082849349 0.989528609289 3.0
-0.00112976145172 0.989519738499 0.000306082849349 0.989527421517 3.0
-0.000472498410758 0.988890723636 0.000306082849349 0.989526760037 3.0
0.000184764630204 0.989699405755 0.000306082849349 0.989526624706 3.0
0.000842027671166 0.989748766589 0.000306082849349 0.989527015496 3.0
0.00149929071213 0.989638134304 0.000306082849349 0.989527932489 3.0
0.00215655375309 0.98986507996 0.000306082849349 0.989529375883 3.0
0.00281381679405 0.989823963172 0.000306082849349 0.989531345988 3.0
0.00347107983501 0.988822442097 0.000306082849349 0.989533843225 3.0
0.00412834287597 0.989090585074 0.000306082849349 0.989536868133 3.0
0.00478560591694 0.989280007572 0.000306082849349 0.989540421362 3.0
0.0054428689579 0.989353539156 0.000306082849349 0.989544503679 3.0
0.00610013199886 0.990030581961 0.000306082849349 0.989549115968 3.0
0.00675739503982 0.989045858936 0.000306082849349 0.989554259229 3.0
0.00741465808078 0.98939588882 0.000306082849349 0.989559934582 3.0
0.00807192112174 0.989105774662 0.000306082849349 0.989566143264 3.0
0.00872918416271 0.989941883425 0.000306082849349 0.989572886638 3.0
0.00938644720367 0.989789691334 0.000306082849349 0.989580166187 3.0
0.0100437102446 0.990027870385 0.000306082849349 0.98958798352 3.0
0.0107009732856 0.989569405296 0.000306082849349 0.989596340372 3.0
0.0113582363266 0.989670403368 0.000306082849349 0.98960523861 3.0
0.0120154993675 0.989219654058 0.000306082849349 0.98961468023 3.0
0.0126727624085 0.989715280046 0.000306082849349 0.989624667362 3.0
0.0133300254494 0.989282057122 0.000306082849349 0.989635202276 3.0
0.0139872884904 0.989614306934 0.000306082849349 0.989646287379 3.0
0.0146445515314 0.988999068074 0.000306082849349 0.989657925222 3.0
0.0153018145723 0.990367837715 0.000306082849349 0.989670118503 3.0
0.0159590776133 0.9895985444 0.000306082849349 0.989682870069 3.0
0.0166163406542 0.98998706657 0.000306082849349 0.989696182923 3.0
0.0172736036952 0.989858699823 0.000306082849349 0.989710060225 3.0
0.0179308667362 0.989708399649 0.000306082849349 0.989724505297 3.0
0.0185881297771 0.990006762303 0.000306082849349 0.98973952163 3.0
0.0192453928181 0.989932532477 0.000306082849349 0.989755112886 3.0
0.0199026558591 0.989772886768 0.000306082849349 0.989771282907 3.0
0.0205599189 0.989637091251 0.000306082849349 0.989788035716 3.0
0.021217181941 0.989680272428 0.000306082849349 0.989805375527 3.0
0.0218744449819 0.990028987792 0.000306082849349 0.98982330675 3.0
0.0225317080229 0.989513327359 0.000306082849349 0.989841833998 3.0
0.0231889710639 0.989470954571 0.000306082849349 0.989860962094 3.0
0.0238462341048 0.989556998523 0.000306082849349 0.98988069608 3.0
0.0245034971458 0.990111281361 0.000306082849349 0.989901041225 3.0
0.0251607601867 0.989352696641 0.000306082849349 0.989922003032 3.0
0.0258180232277 0.989617597038 0.000306082849349 0.989943587249 3.0
0.0264752862687 0.990071713239 0.000306082849349 0.98996579988 3.0
0.0271325493096 0.989833695434 0.000306082849349 0.989988647195 3.0
0.0277898123506 0.989835684545 0.000306082849349 0.990012135741 3.0
0.0284470753916 0.989748305151 0.000306082849349 0.990036272353 3.0
0.0291043384325 0.990320473244 0.000306082849349 0.990061064172 3.0
0.0297616014735 0.990197100092 0.000306082849349 0.990086518653 3.0
0.0304188645144 0.989708200276 0.000306082849349 0.990112643585 3.0
0.0310761275554 0.989982094566 0.000306082849349 0.990139447102 3.0
0.0317333905964 0.990496856922 0.000306082849349 0.990166937705 3.0
0.0323906536373 0.989634541125 0.000306082849349 0.99019512428 3.0
0.0330479166783 0.989938530145 0.000306082849349 0.990224016116 3.0
0.0337051797192 0.990496093482 0.000306082849349 0.990253622924 3.0
0.0343624427602 0.990863495275 0.000306082849349 0.990283954867 3.0
0.0350197058012 0.989897941458 0.000306082849349 0.990315022579 3.0
0.0356769688421 0.990378402494 0.000306082849349 0.990346837193 3.0
0.0363342318831 0.990820491309 0.000306082849349 0.990379410373 3.0
0.0369914949241 0.990401029576 0.000306082849349 0.990412754341 3.0
0.037648757965 0.990355471244 0.000306082849349 0.990446881912 3.0
0.038306021006 0.990629505749 0.000306082849349 0.990481806533 3.0
0.0389632840469 0.990542433755 0.000306082849349 0.990517542319 3.0
0.0396205470879 0.989807563659 0.000306082849349 0.990554104102 3.0
0.0402778101289 0.990068944548 0.000306082849349 0.990591507471 3.0
0.0409350731698 0.990372075997 0.000306082849349 0.99062976883 3.0
0.0415923362108 0.990811606425 0.000306082849349 0.990668905451 3.0
0.0422495992518 0.990891350404 0.000306082849349 0.990708935535 3.0
0.0429068622927 0.990772469689 0.000306082849349 0.990749878283 3.0
0.0435641253337 0.990724239994 0.000306082849349 0.990791753968 3.0
0.0442213883746 0.991018799262 0.000306082849349 0.990834584018 3.0
0.0448786514156 0.990627931699 0.000306082849349 0.990878391105 3.0
0.0455359144566 0.99084712804 0.000306082849349 0.990923199247 3.0
0.0461931774975 0.990949074865 0.000306082849349 0.990969033922 3.0
0.0468504405385 0.991122115959 0.000306082849349 0.991015922186 3.0
0.0475077035794 0.990694328992 0.000306082849349 0.991063892816 3.0
0.0481649666204 0.9914881588 0.000306082849349 0.991112976463 3.0
0.0488222296614 0.991119379234 0.000306082849349 0.991163205829 3.0
0.0494794927023 0.990863476266 0.000306082849349 0.991214615859 3.0
0.0501367557433 0.990412172065 0.000306082849349 0.991267243965 3.0
0.0507940187843 0.991361711611 0.000306082849349 0.991321130279 3.0
0.0514512818252 0.991298676378 0.000306082849349 0.991376317939 3.0
0.0521085448662 0.991782120652 0.000306082849349 0.991432853417 3.0
0.0527658079071 0.991930158594 0.000306082849349 0.991490786901 3.0
0.0534230709481 0.991687849125 0.000306082849349 0.991550172729 3.0
0.0540803339891 0.991924234628 0.000306082849349 0.991611069898 3.0
0.05473759703 0.991624546054 0.000306082849349 0.991673542661 3.0
0.055394860071 0.99187489916 0.000306082849349 0.991737661228 3.0
0.0560521231119 0.992159696638 0.000306082849349 0.991803502593 3.0
0.0567093861529 0.991463407093 0.000306082849349 0.991871151529 3.0
0.0573666491939 0.991783324261 0.000306082849349 0.991940701784 3.0
0.0580239122348 0.991710953074 0.000306082849349 0.992012257529 3.0
0.0586811752758 0.992399747743 0.000306082849349 0.992085935151 3.0
0.0593384383168 0.992284919197 0.000306082849349 0.992161865465 3.0
0.0599957013577 0.992367139557 0.000306082849349 0.992240196517 3.0
0.0606529643987 0.992488759679 0.000306082849349 0.992321097158 3.0
0.0613102274396 0.992045468596 0.000306082849349 0.992404761702 3.0
0.0619674904806 0.992808840209 0.000306082849349 0.992491416126 3.0
0.0626247535216 0.992197784764 0.000306082849349 0.992581326523 3.0
0.0632820165625 0.993000965442 0.000306082849349 0.99267481102 3.0
0.0639392796035 0.992464161079 0.000306082849349 0.992772257244 3.0
0.0645965426444 0.992623150062 0.000306082849349 0.99287414933 3.0
0.0652538056854 0.992863948534 0.000306082849349 0.99298111268 3.0
0.0659110687264 0.993368516896 0.000306082849349 0.993093995783 3.0
0.0665683317673 0.993844424404 0.000306082849349 0.993214043233 3.0
0.0672255948083 0.993681093748 0.000306082849349 0.993343369362 3.0
0.0678828578493 0.993557170277 0.000306082849349 0.993504859604 2.0
0.0685401208902 0.994086812779 0.000306082849349 0.993761368957 2.0
0.0691973839312 0.993765173585 0.000306082849349 0.994066815641 2.0
0.0698546469721 0.994463278978 0.000306082849349 0.994403542607 2.0
0.0705119100131 0.995104429473 0.000306082849349 0.99476179105 2.0
0.0711691730541 0.994476432947 0.000306082849349 0.99513471363 2.0
0.071826436095 0.995605695141 0.000306082849349 0.995516961832 2.0
0.072483699136 0.996314703598 0.000306082849349 0.99590408368 2.0
0.0731409621769 0.996000112972 0.000306082849349 0.996292210199 2.0
0.0737982252179 0.996465251628 0.000306082849349 0.996677869138 2.0
0.0744554882589 0.99725613592 0.000306082849349 0.99705786206 2.0
0.0751127512998 0.997225620791 0.000306082849349 0.997429174944 2.0
0.0757700143408 0.997661596633 0.000306082849349 0.997788906166 2.0
0.0764272773818 0.998285649472 0.000306082849349 0.998134201491 2.0
0.0770845404227 0.99844930737 0.000306082849349 0.998462187537 2.0
0.0777418034637 0.998828306975 0.000306082849349 0.998769894152 2.0
0.0783990665046 0.998897544789 0.000306082849349 0.999054151314 2.0
0.0790563295456 0.999346929277 0.000306082849349 0.999311433747 2.0
0.0797135925866 0.999757913665 0.000306082849349 0.999537593379 2.0
0.0803708556275 0.999314568317 0.000306082849349 0.999727317217 2.0
0.0810281186685 1.00066469992 0.000306082849349 0.999872719179 2.0
0.0816853817095 1.0003856296 0.000306082849349 0.999956748989 2.0
0.0823426447504 1.00022736608 0.000306082849349 0.999959869156 0.0
0.0829999077914 0.99985445679 0.000306082849349 0.999959869156 0.0
0.0836571708323 0.999764093448 0.000306082849349 0.999959869156 0.0
0.0843144338733 1.00010352916 0.000306082849349 0.999959869156 0.0
0.0849716969143 1.00017669632 0.000306082849349 0.999959869156 0.0
0.0856289599552 1.00041262303 0.000306082849349 0.999959869156 0.0
0.0862862229962 0.999599891503 0.000306082849349 0.999959869156 0.0
0.0869434860371 0.999638048834 0.000306082849349 0.999959869156 0.0
0.0876007490781 0.999850160655 0.000306082849349 0.999959869156 0.0
0.0882580121191 1.00053110378 0.000306082849349 0.999959869156 0.0
0.08891527516 0.999371293027 0.000306082849349 0.999959869156 0.0
0.089572538201 0.999456601417 0.000306082849349 0.999959869156 0.0
0.090229801242 0.999563198703 0.000306082849349 0.999959869156 0.0
0.0908870642829 1.00042652206 0.000306082849349 0.999959869156 0.0
0.0915443273239 0.999986426849 0.000306082849349 0.999959869156 0.0
0.0922015903648 1.00028248332 0.000306082849349 0.999959869156 0.0
0.0928588534058 0.999512330522 0.000306082849349 0.999959869156 0.0
0.0935161164468 1.00020946635 0.000306082849349 0.999959869156 0.0
0.0941733794877 1.0003292679 0.000306082849349 0.999959869156 0.0
0.0948306425287 1.00047463318 0.000306082849349 0.999959869156 0.0
0.0954879055696 1.00039355107 0.000306082849349 0.999959869156 0.0
0.0961451686106 1.00034896544 0.000306082849349 0.999959869156 0.0
0.0968024316516 1.00015989948 0.000306082849349 0.999959869156 0.0
0.0974596946925 0.999885694628 0.000306082849349 0.999959869156 0.0
0.0981169577335 0.99941616047 0.000306082849349 0.999959869156 0.0
