-0.0612306633633 0.999838142629 9.06320109061e-05 1.00000524158 0.0
-0.0608202304351 1.00008253011 9.06320109061e-05 1.00000524158 0.0
-0.0604097975069 1.00006394443 9.06320109061e-05 1.00000524158 0.0
-0.0599993645787 0.999918368973 9.06320109061e-05 1.00000524158 0.0
-0.0595889316505 1.0000298708 9.06320109061e-05 1.00000524158 0.0
-0.0591784987224 0.999975257403 9.06320109061e-05 1.00000524158 0.0
-0.0587680657942 1.00004858247 9.06320109061e-05 1.00000524158 0.0
-0.058357632866 1.00007668603 9.06320109061e-05 1.00000524158 0.0
-0.0579471999378 0.999988528718 9.06320109061e-05 1.00000524158 0.0
-0.0575367670096 0.999989609109 9.06320109061e-05 1.00000524158 0.0
-0.0571263340814 1.00013131242 9.06320109061e-05 1.00000524158 0.0
-0.0567159011532 1.00014502377 9.06320109061e-05 1.00000524158 0.0
-0.056305468225 0.999908562009 9.06320109061e-05 1.00000524158 0.0
-0.0558950352969 0.999804412249 9.06320109061e-05 1.00000524158 0.0
-0.0554846023687 1.00008431683 9.06320109061e-05 1.00000524158 0.0
-0.0550741694405 0.999848047058 9.06320109061e-05 1.00000524158 0.0
-0.0546637365123 0.999828765673 9.06320109061e-05 1.00000524158 0.0
-0.0542533035841 1.00004278414 9.06320109061e-05 1.00000524158 0.0
-0.0538428706559 0.99991789979 9.06320109061e-05 1.00000524158 0.0
-0.0534324377277 1.00001646758 9.06320109061e-05 1.00000524158 0.0
-0.0530220047995 1.0001403673 9.06320109061e-05 1.00000524158 0.0
-0.0526115718713 1.00042820469 9.06320109061e-05 1.00000524158 0.0
-0.0522011389432 1.00012394984 9.06320109061e-05 1.00000524158 0.0
-0.051790706015 1.00009552952 9.06320109061e-05 1.00000524158 0.0
-0.0513802730868 0.999829611448 9.06320109061e-05 1.00000524158 0.0
-0.0509698401586 0.999968816454 9.06320109061e-05 0.999977554619 1.0
-0.0505594072304 0.999937981897 9.06320109061e-05 0.999912526652 1.0
-0.0501489743022 0.999801326258 9.06320109061e-05 0.999831589808 1.0
-0.049738541374 0.999663257245 9.06320109061e-05 0.999743571646 1.0
-0.0493281084458 0.999687876385 9.06320109061e-05 0.999655716108 1.0
-0.0489176755177 0.999697368231 9.06320109061e-05 0.999576011737 1.0
-0.0485072425895 0.999388749166 9.06320109061e-05 0.99951729635 1.0
-0.0480968096613 0.999259372864 9.06320109061e-05 0.999504212044 3.0
-0.0476863767331 0.999385423219 9.06320109061e-05 0.99949689954 3.0
-0.0472759438049 0.999511904061 9.06320109061e-05 0.999490112552 3.0
-0.0468655108767 0.999609387085 9.06320109061e-05 0.999483705557 3.0
-0.0464550779485 0.999678392104 9.06320109061e-05 0.999477595671 3.0
-0.0460446450203 0.999599520783 9.06320109061e-05 0.999471728794 3.0
-0.0456342120922 0.999557020809 9.06320109061e-05 0.999466067571 3.0
-0.045223779164 0.999494125291 9.06320109061e-05 0.999460584953 3.0
-0.0448133462358 0.999671870256 9.06320109061e-05 0.999455260534 3.0
-0.0444029133076 0.999405499349 9.06320109061e-05 0.999450078396 3.0
-0.0439924803794 0.999360518638 9.06320109061e-05 0.999445025786 3.0
-0.0435820474512 0.999633771156 9.06320109061e-05 0.999440092271 3.0
-0.043171614523 0.999628750006 9.06320109061e-05 0.999435269167 3.0
-0.0427611815948 0.999420193887 9.06320109061e-05 0.999430549147 3.0
-0.0423507486667 0.999639590995 9.06320109061e-05 0.999425925954 3.0
-0.0419403157385 0.999340732969 9.06320109061e-05 0.999421394192 3.0
-0.0415298828103 0.999593219876 9.06320109061e-05 0.99941694917 3.0
-0.0411194498821 0.999384313012 9.06320109061e-05 0.999412586774 3.0
-0.0407090169539 0.999392351498 9.06320109061e-05 0.999408303374 3.0
-0.0402985840257 0.99925296295 9.06320109061e-05 0.999404095749 3.0
-0.0398881510975 0.999363155215 9.06320109061e-05 0.999399961021 3.0
-0.0394777181693 0.999350235568 9.06320109061e-05 0.99939589661 3.0
-0.0390672852411 0.999283555266 9.06320109061e-05 0.99939190019 3.0
-0.038656852313 0.99940130136 9.06320109061e-05 0.999387969656 3.0
-0.0382464193848 0.999481292308 9.06320109061e-05 0.999384103096 3.0
-0.0378359864566 0.999476660877 9.06320109061e-05 0.999380298765 3.0
-0.0374255535284 0.999401456327 9.06320109061e-05 0.999376555069 3.0
-0.0370151206002 0.999293427422 9.06320109061e-05 0.999372870545 3.0
-0.036604687672 0.999248178333 9.06320109061e-05 0.999369243844 3.0
-0.0361942547438 0.999241172318 9.06320109061e-05 0.999365673724 3.0
-0.0357838218156 0.999491171527 9.06320109061e-05 0.999362159036 3.0
-0.0353733888875 0.999271801735 9.06320109061e-05 0.999358698714 3.0
-0.0349629559593 0.999202672086 9.06320109061e-05 0.999355291768 3.0
-0.0345525230311 0.999304834759 9.06320109061e-05 0.999351937275 3.0
-0.0341420901029 0.99924604323 9.06320109061e-05 0.999348634376 3.0
-0.0337316571747 0.999315911073 9.06320109061e-05 0.999345382266 3.0
-0.0333212242465 0.999300983933 9.06320109061e-05 0.999342180194 3.0
-0.0329107913183 0.999427225623 9.06320109061e-05 0.999339027453 3.0
-0.0325003583901 0.99936353791 9.06320109061e-05 0.99933592338 3.0
-0.032089925462 0.99933696129 9.06320109061e-05 0.999332867353 3.0
-0.0316794925338 0.999242416597 9.06320109061e-05 0.999329858784 3.0
-0.0312690596056 0.999409556033 9.06320109061e-05 0.999326897121 3.0
-0.0308586266774 0.999467516932 9.06320109061e-05 0.999323981839 3.0
-0.0304481937492 0.999306592898 9.06320109061e-05 0.999321112447 3.0
-0.030037760821 0.999220966154 9.06320109061e-05 0.999318288474 3.0
-0.0296273278928 0.99943243623 9.06320109061e-05 0.99931550948 3.0
-0.0292168949646 0.999259893817 9.06320109061e-05 0.999312775044 3.0
-0.0288064620365 0.999344488214 9.06320109061e-05 0.999310084768 3.0
-0.0283960291083 0.999283648114 9.06320109061e-05 0.999307438272 3.0
-0.0279855961801 0.999334580627 9.06320109061e-05 0.999304835198 3.0
-0.0275751632519 0.999244884199 9.06320109061e-05 0.999302275202 3.0
-0.0271647303237 0.999346134005 9.06320109061e-05 0.999299757958 3.0
-0.0267542973955 0.999213724511 9.06320109061e-05 0.999297283155 3.0
-0.0263438644673 0.999219283751 9.06320109061e-05 0.999294850497 3.0
-0.0259334315391 0.999320846628 9.06320109061e-05 0.999292459701 3.0
-0.0255229986109 0.999354772763 9.06320109061e-05 0.999290110497 3.0
-0.0251125656828 0.999245577095 9.06320109061e-05 0.999287802626 3.0
-0.0247021327546 0.999325237629 9.06320109061e-05 0.999285535843 3.0
-0.0242916998264 0.999291461977 9.06320109061e-05 0.99928330991 3.0
-0.0238812668982 0.999308976154 9.06320109061e-05 0.999281124602 3.0
-0.02347083397 0.999198298534 9.06320109061e-05 0.999278979704 3.0
-0.0230604010418 0.999140383901 9.06320109061e-05 0.999276875007 3.0
-0.0226499681136 0.99924121745 9.06320109061e-05 0.999274810313 3.0
-0.0222395351854 0.999265495209 9.06320109061e-05 0.999272785433 3.0
-0.0218291022573 0.999110939883 9.06320109061e-05 0.999270800184 3.0
-0.0214186693291 0.999375769563 9.06320109061e-05 0.999268854391 3.0
-0.0210082364009 0.999359186169 9.06320109061e-05 0.999266947886 3.0
-0.0205978034727 0.999271237298 9.06320109061e-05 0.999265080509 3.0
-0.0201873705445 0.999251056486 9.06320109061e-05 0.999263252104 3.0
-0.0197769376163 0.999242640266 9.06320109061e-05 0.999261462524 3.0
-0.0193665046881 0.999259822783 9.06320109061e-05 0.999259711626 3.0
-0.0189560717599 0.999254759199 9.06320109061e-05 0.999257999273 3.0
-0.0185456388318 0.999238624299 9.06320109061e-05 0.999256325334 3.0
-0.0181352059036 0.999099884871 9.06320109061e-05 0.999254689682 3.0
-0.0177247729754 0.999359182432 9.06320109061e-05 0.999253092197 3.0
-0.0173143400472 0.999369175198 9.06320109061e-05 0.999251532761 3.0
-0.016903907119 0.999237891116 9.06320109061e-05 0.999250011263 3.0
-0.0164934741908 0.999220046569 9.06320109061e-05 0.999248527596 3.0
-0.0160830412626 0.999142477026 9.06320109061e-05 0.999247081656 3.0
-0.0156726083344 0.999248482694 9.06320109061e-05 0.999245673345 3.0
-0.0152621754063 0.999283242003 9.06320109061e-05 0.999244302566 3.0
-0.0148517424781 0.999339237429 9.06320109061e-05 0.999242969229 3.0
-0.0144413095499 0.99916514674 9.06320109061e-05 0.999241673246 3.0
-0.0140308766217 0.999273255682 9.06320109061e-05 0.999240414533 3.0
-0.0136204436935 0.999130806339 9.06320109061e-05 0.99923919301 3.0
-0.0132100107653 0.999173732329 9.06320109061e-05 0.999238008597 3.0
-0.0127995778371 0.999160578984 9.06320109061e-05 0.999236861223 3.0
-0.0123891449089 0.999235920863 9.06320109061e-05 0.999235750815 3.0
-0.0119787119807 0.999251002041 9.06320109061e-05 0.999234677306 3.0
-0.0115682790526 0.999288797271 9.06320109061e-05 0.999233640631 3.0
-0.0111578461244 0.999335795279 9.06320109061e-05 0.999232640727 3.0
-0.0107474131962 0.999141711657 9.06320109061e-05 0.999231677536 3.0
-0.010336980268 0.999284004763 9.06320109061e-05 0.999230750999 3.0
-0.00992654733981 0.999263558463 9.06320109061e-05 0.999229861065 3.0
-0.00951611441162 0.999496146694 9.06320109061e-05 0.99922900768 3.0
-0.00910568148343 0.999157317064 9.06320109061e-05 0.999228190796 3.0
-0.00869524855524 0.999245971139 9.06320109061e-05 0.999227410367 3.0
-0.00828481562706 0.999243902523 9.06320109061e-05 0.999226666349 3.0
-0.00787438269887 0.999249739616 9.06320109061e-05 0.999225958699 3.0
-0.00746394977068 0.999175788766 9.06320109061e-05 0.999225287379 3.0
-0.00705351684249 0.999184951773 9.06320109061e-05 0.999224652351 3.0
-0.00664308391431 0.999230447291 9.06320109061e-05 0.999224053581 3.0
-0.00623265098612 0.999182368008 9.06320109061e-05 0.999223491035 3.0
-0.00582221805793 0.999176160505 9.06320109061e-05 0.999222964684 3.0
-0.00541178512974 0.999180860627 9.06320109061e-05 0.999222474498 3.0
-0.00500135220155 0.999138589528 9.06320109061e-05 0.999222020451 3.0
-0.00459091927337 0.999263973761 9.06320109061e-05 0.999221602519 3.0
-0.00418048634518 0.999185014914 9.06320109061e-05 0.99922122068 3.0
-0.00377005341699 0.999165748592 9.06320109061e-05 0.999220874913 3.0
-0.0033596204888 0.999083754886 9.06320109061e-05 0.999220565201 3.0
-0.00294918756061 0.999339073763 9.06320109061e-05 0.999220291525 3.0
-0.00253875463243 0.999073460252 9.06320109061e-05 0.999220053873 3.0
-0.00212832170424 0.999246875722 9.06320109061e-05 0.999219852232 3.0
-0.00171788877605 0.99910529785 9.06320109061e-05 0.999219686591 3.0
-0.00130745584786 0.999132303784 9.06320109061e-05 0.999219556941 3.0
-0.000897022919675 0.999278378727 9.06320109061e-05 0.999219463276 3.0
-0.000486589991487 0.999212113167 9.06320109061e-05 0.99921940559 3.0
-7.61570632995e-05 0.999210868625 9.06320109061e-05 0.999219383882 3.0
0.000334275864888 0.999151460473 9.06320109061e-05 0.999219398148 3.0
0.000744708793076 0.999414400576 9.06320109061e-05 0.999219448392 3.0
0.00115514172126 0.999202736742 9.06320109061e-05 0.999219534614 3.0
0.00156557464945 0.999492263191 9.06320109061e-05 0.99921965682 3.0
0.00197600757764 0.999111621834 9.06320109061e-05 0.999219815015 3.0
0.00238644050583 0.999195788105 9.06320109061e-05 0.999220009209 3.0
0.00279687343402 0.999212388972 9.06320109061e-05 0.999220239411 3.0
0.0032073063622 0.99916086097 9.06320109061e-05 0.999220505633 3.0
0.00361773929039 0.999239229298 9.06320109061e-05 0.99922080789 3.0
0.00402817221858 0.999371518725 9.06320109061e-05 0.999221146197 3.0
0.00443860514677 0.999489997771 9.06320109061e-05 0.999221520573 3.0
0.00484903807496 0.999339489889 9.06320109061e-05 0.999221931037 3.0
0.00525947100314 0.999243742168 9.06320109061e-05 0.999222377611 3.0
0.00566990393133 0.999294154451 9.06320109061e-05 0.999222860319 3.0
0.00608033685952 0.999146258925 9.06320109061e-05 0.999223379187 3.0
0.00649076978771 0.999341261729 9.06320109061e-05 0.999223934244 3.0
0.00690120271589 0.999321381699 9.06320109061e-05 0.999224525518 3.0
0.00731163564408 0.999101211161 9.06320109061e-05 0.999225153043 3.0
0.00772206857227 0.99924539685 9.06320109061e-05 0.999225816853 3.0
0.00813250150046 0.999291090562 9.06320109061e-05 0.999226516984 3.0
0.00854293442865 0.999127613334 9.06320109061e-05 0.999227253476 3.0
0.00895336735683 0.998962620534 9.06320109061e-05 0.99922802637 3.0
0.00936380028502 0.999276022955 9.06320109061e-05 0.999228835709 3.0
0.00977423321321 0.999280442682 9.06320109061e-05 0.999229681539 3.0
0.0101846661414 0.999313624116 9.06320109061e-05 0.999230563909 3.0
0.0105950990696 0.999330785906 9.06320109061e-05 0.99923148287 3.0
0.0110055319978 0.999259442471 9.06320109061e-05 0.999232438475 3.0
0.011415964926 0.999168803555 9.06320109061e-05 0.999233430779 3.0
0.0118263978541 0.999369429032 9.06320109061e-05 0.999234459843 3.0
0.0122368307823 0.999232092767 9.06320109061e-05 0.999235525728 3.0
0.0126472637105 0.999369657958 9.06320109061e-05 0.999236628497 3.0
0.0130576966387 0.999167168441 9.06320109061e-05 0.999237768219 3.0
0.0134681295669 0.999230274868 9.06320109061e-05 0.999238944964 3.0
0.0138785624951 0.999238783254 9.06320109061e-05 0.999240158805 3.0
0.0142889954233 0.999243383728 9.06320109061e-05 0.999241409818 3.0
0.0146994283515 0.999269096753 9.06320109061e-05 0.999242698085 3.0
0.0151098612797 0.999290537827 9.06320109061e-05 0.999244023688 3.0
0.0155202942078 0.999234384365 9.06320109061e-05 0.999245386714 3.0
0.015930727136 0.999269823828 9.06320109061e-05 0.999246787254 3.0
0.0163411600642 0.999129974275 9.06320109061e-05 0.999248225402 3.0
0.0167515929924 0.999359809528 9.06320109061e-05 0.999249701257 3.0
0.0171620259206 0.999247937743 9.06320109061e-05 0.99925121492 3.0
0.0175724588488 0.999325050275 9.06320109061e-05 0.999252766499 3.0
0.017982891777 0.999243634059 9.06320109061e-05 0.999254356104 3.0
0.0183933247052 0.999507489806 9.06320109061e-05 0.999255983851 3.0
0.0188037576333 0.999329407278 9.06320109061e-05 0.99925764986 3.0
0.0192141905615 0.999217783031 9.06320109061e-05 0.999259354256 3.0
0.0196246234897 0.999278028511 9.06320109061e-05 0.99926109717 3.0
0.0200350564179 0.999433265764 9.06320109061e-05 0.999262878737 3.0
0.0204454893461 0.999260365383 9.06320109061e-05 0.999264699099 3.0
0.0208559222743 0.999132096087 9.06320109061e-05 0.999266558402 3.0
0.0212663552025 0.999104391919 9.06320109061e-05 0.9992684568 3.0
0.0216767881307 0.999205171791 9.06320109061e-05 0.999270394452 3.0
0.0220872210588 0.999436791517 9.06320109061e-05 0.999272371525 3.0
0.022497653987 0.999126444503 9.06320109061e-05 0.999274388193 3.0
0.0229080869152 0.999229139822 9.06320109061e-05 0.999276444635 3.0
0.0233185198434 0.999210265756 9.06320109061e-05 0.999278541041 3.0
0.0237289527716 0.999215217833 9.06320109061e-05 0.999280677607 3.0
0.0241393856998 0.999286144941 9.06320109061e-05 0.999282854539 3.0
0.024549818628 0.999171799976 9.06320109061e-05 0.99928507205 3.0
0.0249602515562 0.999329260544 9.06320109061e-05 0.999287330364 3.0
0.0253706844843 0.999074027638 9.06320109061e-05 0.999289629715 3.0
0.0257811174125 0.999452247357 9.06320109061e-05 0.999291970349 3.0
0.0261915503407 0.999405124815 9.06320109061e-05 0.999294352519 3.0
0.0266019832689 0.999083487938 9.06320109061e-05 0.999296776495 3.0
0.0270124161971 0.999323225196 9.06320109061e-05 0.999299242556 3.0
0.0274228491253 0.999259704244 9.06320109061e-05 0.999301750996 3.0
0.0278332820535 0.999284127273 9.06320109061e-05 0.999304302122 3.0
0.0282437149817 0.999195462235 9.06320109061e-05 0.999306896258 3.0
0.0286541479099 0.999204813849 9.06320109061e-05 0.999309533742 3.0
0.029064580838 0.9992787399 9.06320109061e-05 0.999312214932 3.0
0.0294750137662 0.999421913852 9.06320109061e-05 0.999314940201 3.0
0.0298854466944 0.999331693961 9.06320109061e-05 0.999317709945 3.0
0.0302958796226 0.999160414793 9.06320109061e-05 0.999320524577 3.0
0.0307063125508 0.999212931788 9.06320109061e-05 0.999323384537 3.0
0.031116745479 0.999385168672 9.06320109061e-05 0.999326290286 3.0
0.0315271784072 0.999328599363 9.06320109061e-05 0.999329242314 3.0
0.0319376113354 0.999140839357 9.06320109061e-05 0.999332241135 3.0
0.0323480442635 0.999360475916 9.06320109061e-05 0.999335287298 3.0
0.0327584771917 0.999274370773 9.06320109061e-05 0.999338381382 3.0
0.0331689101199 0.999468064953 9.06320109061e-05 0.999341524003 3.0
0.0335793430481 0.999450384046 9.06320109061e-05 0.999344715815 3.0
0.0339897759763 0.999289606262 9.06320109061e-05 0.999347957514 3.0
0.0344002089045 0.999359884266 9.06320109061e-05 0.999351249842 3.0
0.0348106418327 0.999295774855 9.06320109061e-05 0.999354593594 3.0
0.0352210747609 0.999361348219 9.06320109061e-05 0.999357989617 3.0
0.035631507689 0.999256226708 9.06320109061e-05 0.999361438818 3.0
0.0360419406172 0.999282045039 9.06320109061e-05 0.999364942176 3.0
0.0364523735454 0.999331604356 9.06320109061e-05 0.999368500737 3.0
0.0368628064736 0.999305139325 9.06320109061e-05 0.999372115635 3.0
0.0372732394018 0.99938858689 9.06320109061e-05 0.999375788092 3.0
0.03768367233 0.999308261503 9.06320109061e-05 0.999379519432 3.0
0.0380941052582 0.999535865333 9.06320109061e-05 0.999383311093 3.0
0.0385045381864 0.999493958811 9.06320109061e-05 0.999387164643 3.0
0.0389149711145 0.999600462032 9.06320109061e-05 0.999391081793 3.0
0.0393254040427 0.999392339805 9.06320109061e-05 0.999395064418 3.0
0.0397358369709 0.999480192077 9.06320109061e-05 0.999399114581 3.0
0.0401462698991 0.999430162562 9.06320109061e-05 0.999403234561 3.0
0.0405567028273 0.999323590817 9.06320109061e-05 0.999407426881 3.0
0.0409671357555 0.999403433344 9.06320109061e-05 0.999411694355 3.0
0.0413775686837 0.999547133579 9.06320109061e-05 0.999416040126 3.0
0.0417880016119 0.999341419455 9.06320109061e-05 0.999420467737 3.0
0.0421984345401 0.999551115408 9.06320109061e-05 0.999424981191 3.0
0.0426088674682 0.999392026369 9.06320109061e-05 0.999429585054 3.0
0.0430193003964 0.999381205743 9.06320109061e-05 0.999434284563 3.0
0.0434297333246 0.999499505999 9.06320109061e-05 0.999439085781 3.0
0.0438401662528 0.999393617375 9.06320109061e-05 0.999443995794 3.0
0.044250599181 0.999502013955 9.06320109061e-05 0.999449022977 3.0
0.0446610321092 0.999374938263 9.06320109061e-05 0.999454177362 3.0
0.0450714650374 0.999383561798 9.06320109061e-05 0.999459471163 3.0
0.0454818979656 0.999492743234 9.06320109061e-05 0.999464919556 3.0
0.0458923308937 0.999410473364 9.06320109061e-05 0.999470541875 3.0
0.0463027638219 0.999503783603 9.06320109061e-05 0.999476363559 3.0
0.0467131967501 0.999710837336 9.06320109061e-05 0.999482419419 3.0
0.0471236296783 0.999530312506 9.06320109061e-05 0.999488759358 3.0
0.0475340626065 0.999503890466 9.06320109061e-05 0.999495458818 3.0
0.0479444955347 0.999345278958 9.06320109061e-05 0.999502644066 3.0
0.0483549284629 0.999193070894 9.06320109061e-05 0.999510877426 3.0
0.0487653613911 0.999572592503 9.06320109061e-05 0.999561509078 2.0
0.0491757943192 0.999689939114 9.06320109061e-05 0.999638255793 2.0
0.0495862272474 0.999815752419 9.06320109061e-05 0.999725145638 2.0
0.0499966601756 0.999723603212 9.06320109061e-05 0.999813719208 2.0
0.0504070931038 0.999841090549 9.06320109061e-05 0.999896747109 2.0
0.050817526032 1.00006015284 9.06320109061e-05 0.999966010866 2.0
0.0512279589602 1.00007062858 9.06320109061e-05 1.00000524158 2.0
0.0516383918884 0.999907534249 9.06320109061e-05 1.00000524158 0.0
0.0520488248166 1.00008809695 9.06320109061e-05 1.00000524158 0.0
0.0524592577447 1.00016200676 9.06320109061e-05 1.00000524158 0.0
0.0528696906729 1.0002162612 9.06320109061e-05 1.00000524158 0.0
0.0532801236011 1.0000640797 9.06320109061e-05 1.00000524158 0.0
0.0536905565293 1.00006251245 9.06320109061e-05 1.00000524158 0.0
0.0541009894575 1.00004452696 9.06320109061e-05 1.00000524158 0.0
0.0545114223857 0.99970080672 9.06320109061e-05 1.00000524158 0.0
0.0549218553139 0.999971784088 9.06320109061e-05 1.00000524158 0.0
0.0553322882421 1.00015261455 9.06320109061e-05 1.00000524158 0.0
0.0557427211703 1.00001226451 9.06320109061e-05 1.00000524158 0.0
0.0561531540984 1.0000359326 9.06320109061e-05 1.00000524158 0.0
0.0565635870266 1.00003812302 9.06320109061e-05 1.00000524158 0.0
0.0569740199548 0.999946997443 9.06320109061e-05 1.00000524158 0.0
0.057384452883 0.999990713045 9.06320109061e-05 1.00000524158 0.0
0.0577948858112 0.999913266001 9.06320109061e-05 1.00000524158 0.0
0.0582053187394 1.00002863746 9.06320109061e-05 1.00000524158 0.0
0.0586157516676 1.00006664853 9.06320109061e-05 1.00000524158 0.0
0.0590261845958 0.99992736171 9.06320109061e-05 1.00000524158 0.0
0.0594366175239 0.999881281255 9.06320109061e-05 1.00000524158 0.0
0.0598470504521 1.00000188798 9.06320109061e-05 1.00000524158 0.0
0.0602574833803 0.999921637325 9.06320109061e-05 1.00000524158 0.0
0.0606679163085 0.999889851473 9.06320109061e-05 1.00000524158 0.0
0.0610783492367 0.999948204582 9.06320109061e-05 1.00000524158 0.0
0.0614887821649 0.9998477622 9.06320109061e-05 1.00000524158 0.0
