-0.289704047816 0.999816395325 0.000126395841235 0.999998712076 0.0
-0.287760605218 1.00002140592 0.000126395841235 0.999998712076 0.0
-0.28581716262 0.999995850949 0.000126395841235 0.999998712076 0.0
-0.283873720022 0.999993557817 0.000126395841235 0.999998712076 0.0
-0.281930277425 1.00010112099 0.000126395841235 0.999998712076 0.0
-0.279986834827 0.99987189162 0.000126395841235 0.999998712076 0.0
-0.278043392229 1.00006795369 0.000126395841235 0.999998712076 0.0
-0.276099949631 1.00007625526 0.000126395841235 0.999998712076 0.0
-0.274156507033 1.000030135 0.000126395841235 0.999998712076 0.0
-0.272213064435 0.999788438533 0.000126395841235 0.999998712076 0.0
-0.270269621837 0.999994081476 0.000126395841235 0.999998712076 0.0
-0.26832617924 1.00014645593 0.000126395841235 0.999998712076 0.0
-0.266382736642 0.999993024939 0.000126395841235 0.999998712076 0.0
-0.264439294044 0.999978461271 0.000126395841235 0.999998712076 0.0
-0.262495851446 1.00010757956 0.000126395841235 0.999998712076 0.0
-0.260552408848 0.999889415305 0.000126395841235 0.999998712076 0.0
-0.25860896625 1.00005546045 0.000126395841235 0.999998712076 0.0
-0.256665523652 1.00000630548 0.000126395841235 0.999998712076 0.0
-0.254722081055 1.00011873364 0.000126395841235 0.999998712076 0.0
-0.252778638457 0.999991654537 0.000126395841235 0.999998712076 0.0
-0.250835195859 1.00006043137 0.000126395841235 0.999998712076 0.0
-0.248891753261 0.999917039191 0.000126395841235 0.999998712076 0.0
-0.246948310663 0.99993277979 0.000126395841235 0.999998712076 0.0
-0.245004868065 0.999632790041 0.000126395841235 0.999998712076 0.0
-0.243061425468 0.999848732707 0.000126395841235 0.999998712076 0.0
-0.24111798287 0.999913285439 0.000126395841235 0.99998843092 1.0
-0.239174540272 0.999799549148 0.000126395841235 0.999955023126 1.0
-0.237231097674 1.00010648363 0.000126395841235 0.999909591996 1.0
-0.235287655076 0.999864185351 0.000126395841235 0.999855656053 1.0
-0.233344212478 0.99976216562 0.000126395841235 0.999795234561 1.0
-0.23140076988 0.999665257046 0.000126395841235 0.999729763873 1.0
-0.229457327283 0.999524591174 0.000126395841235 0.999660382297 1.0
-0.227513884685 0.999674666248 0.000126395841235 0.999588055771 1.0
-0.225570442087 0.999512357679 0.000126395841235 0.999513645084 1.0
-0.223626999489 0.999269305783 0.000126395841235 0.999437947295 1.0
-0.221683556891 0.999568063705 0.000126395841235 0.999361724745 1.0
-0.219740114293 0.999503016403 0.000126395841235 0.999285728321 1.0
-0.217796671695 0.999253839794 0.000126395841235 0.999210719189 1.0
-0.215853229098 0.999205992569 0.000126395841235 0.999137492631 1.0
-0.2139097865 0.998923584222 0.000126395841235 0.999066908643 1.0
-0.211966343902 0.99885458516 0.000126395841235 0.998999937265 1.0
-0.210022901304 0.998923517604 0.000126395841235 0.998937735679 1.0
-0.208079458706 0.998704443293 0.000126395841235 0.99888180163 1.0
-0.206136016108 0.998817838152 0.000126395841235 0.998834356952 1.0
-0.20419257351 0.998821862576 0.000126395841235 0.998799927025 1.0
-0.202249130913 0.998945689309 0.000126395841235 0.998787985346 3.0
-0.200305688315 0.998819097279 0.000126395841235 0.998778761879 3.0
-0.198362245717 0.998902483783 0.000126395841235 0.998769855137 3.0
-0.196418803119 0.998651607052 0.000126395841235 0.998761206093 3.0
-0.194475360521 0.998863823283 0.000126395841235 0.998752779669 3.0
-0.192531917923 0.998806532366 0.000126395841235 0.998744552121 3.0
-0.190588475325 0.998671983945 0.000126395841235 0.998736505923 3.0
-0.188645032728 0.998790277352 0.000126395841235 0.998728627407 3.0
-0.18670159013 0.998838437038 0.000126395841235 0.998720905534 3.0
-0.184758147532 0.998746984696 0.000126395841235 0.998713331172 3.0
-0.182814704934 0.998742081907 0.000126395841235 0.998705896633 3.0
-0.180871262336 0.998789472028 0.000126395841235 0.998698595363 3.0
-0.178927819738 0.998600762436 0.000126395841235 0.998691421708 3.0
-0.17698437714 0.998884205522 0.000126395841235 0.998684370748 3.0
-0.175040934543 0.998891024237 0.000126395841235 0.998677438165 3.0
-0.173097491945 0.99862620207 0.000126395841235 0.998670620142 3.0
-0.171154049347 0.998548240088 0.000126395841235 0.998663913287 3.0
-0.169210606749 0.998533290541 0.000126395841235 0.998657314562 3.0
-0.167267164151 0.998571397935 0.000126395841235 0.998650821234 3.0
-0.165323721553 0.998607585007 0.000126395841235 0.998644430837 3.0
-0.163380278956 0.998733756479 0.000126395841235 0.998638141129 3.0
-0.161436836358 0.998732045394 0.000126395841235 0.998631950067 3.0
-0.15949339376 0.998799886908 0.000126395841235 0.998625855783 3.0
-0.157549951162 0.998682951117 0.000126395841235 0.998619856564 3.0
-0.155606508564 0.998464520985 0.000126395841235 0.99861395083 3.0
-0.153663065966 0.998777966594 0.000126395841235 0.998608137124 3.0
-0.151719623368 0.998742661964 0.000126395841235 0.998602414096 3.0
-0.149776180771 0.998616404543 0.000126395841235 0.998596780496 3.0
-0.147832738173 0.998698301235 0.000126395841235 0.998591235157 3.0
-0.145889295575 0.998538787207 0.000126395841235 0.998585776994 3.0
-0.143945852977 0.998599553026 0.000126395841235 0.998580404994 3.0
-0.142002410379 0.998723848804 0.000126395841235 0.998575118208 3.0
-0.140058967781 0.998605603708 0.000126395841235 0.998569915747 3.0
-0.138115525183 0.998540130209 0.000126395841235 0.998564796777 3.0
-0.136172082586 0.998596144614 0.000126395841235 0.998559760512 3.0
-0.134228639988 0.998556054523 0.000126395841235 0.998554806213 3.0
-0.13228519739 0.998504271849 0.000126395841235 0.998549933185 3.0
-0.130341754792 0.998496844272 0.000126395841235 0.998545140769 3.0
-0.128398312194 0.998547756662 0.000126395841235 0.998540428345 3.0
-0.126454869596 0.998439700069 0.000126395841235 0.998535795324 3.0
-0.124511426998 0.998607461692 0.000126395841235 0.998531241149 3.0
-0.122567984401 0.998464843264 0.000126395841235 0.998526765293 3.0
-0.120624541803 0.998393445751 0.000126395841235 0.998522367255 3.0
-0.118681099205 0.998494166291 0.000126395841235 0.99851804656 3.0
-0.116737656607 0.998756547307 0.000126395841235 0.998513802754 3.0
-0.114794214009 0.998549613976 0.000126395841235 0.998509635407 3.0
-0.112850771411 0.998403999653 0.000126395841235 0.998505544111 3.0
-0.110907328813 0.998488435394 0.000126395841235 0.998501528476 3.0
-0.108963886216 0.998580650731 0.000126395841235 0.998497588128 3.0
-0.107020443618 0.998482553948 0.000126395841235 0.998493722715 3.0
-0.10507700102 0.99852537742 0.000126395841235 0.998489931897 3.0
-0.103133558422 0.99847880901 0.000126395841235 0.998486215352 3.0
-0.101190115824 0.998587994339 0.000126395841235 0.99848257277 3.0
-0.0992466732264 0.998688420666 0.000126395841235 0.998479003857 3.0
-0.0973032306285 0.998531157755 0.000126395841235 0.99847550833 3.0
-0.0953597880307 0.998555876982 0.000126395841235 0.998472085921 3.0
-0.0934163454328 0.998604044871 0.000126395841235 0.998468736371 3.0
-0.0914729028349 0.998450888332 0.000126395841235 0.998465459433 3.0
-0.0895294602371 0.998500949511 0.000126395841235 0.99846225487 3.0
-0.0875860176392 0.998467652009 0.000126395841235 0.998459122457 3.0
-0.0856425750414 0.998304377181 0.000126395841235 0.998456061976 3.0
-0.0836991324435 0.998526373806 0.000126395841235 0.998453073219 3.0
-0.0817556898457 0.998259179956 0.000126395841235 0.998450155989 3.0
-0.0798122472478 0.998460173882 0.000126395841235 0.998447310094 3.0
-0.07786880465 0.998381671305 0.000126395841235 0.998444535352 3.0
-0.0759253620521 0.99855633564 0.000126395841235 0.998441831588 3.0
-0.0739819194543 0.99843396906 0.000126395841235 0.998439198634 3.0
-0.0720384768564 0.998280087299 0.000126395841235 0.998436636329 3.0
-0.0700950342586 0.998226351698 0.000126395841235 0.998434144521 3.0
-0.0681515916607 0.99851112605 0.000126395841235 0.998431723061 3.0
-0.0662081490629 0.998250128122 0.000126395841235 0.998429371809 3.0
-0.064264706465 0.998592887027 0.000126395841235 0.99842709063 3.0
-0.0623212638671 0.998386596099 0.000126395841235 0.998424879394 3.0
-0.0603778212693 0.998257256245 0.000126395841235 0.998422737979 3.0
-0.0584343786714 0.998366855914 0.000126395841235 0.998420666265 3.0
-0.0564909360736 0.998369099204 0.000126395841235 0.998418664141 3.0
-0.0545474934757 0.998263495023 0.000126395841235 0.998416731499 3.0
-0.0526040508779 0.998380689324 0.000126395841235 0.998414868235 3.0
-0.05066060828 0.998388561984 0.000126395841235 0.998413074252 3.0
-0.0487171656822 0.998349687858 0.000126395841235 0.998411349456 3.0
-0.0467737230843 0.998336274765 0.000126395841235 0.998409693758 3.0
-0.0448302804865 0.998478225853 0.000126395841235 0.998408107075 3.0
-0.0428868378886 0.99857540613 0.000126395841235 0.998406589325 3.0
-0.0409433952908 0.998496477195 0.000126395841235 0.998405140433 3.0
-0.0389999526929 0.998369362568 0.000126395841235 0.998403760327 3.0
-0.0370565100951 0.998290786398 0.000126395841235 0.998402448938 3.0
-0.0351130674972 0.998329520638 0.000126395841235 0.998401206203 3.0
-0.0331696248993 0.998558720343 0.000126395841235 0.998400032061 3.0
-0.0312261823015 0.998290323936 0.000126395841235 0.998398926455 3.0
-0.0292827397036 0.998445684861 0.000126395841235 0.998397889333 3.0
-0.0273392971058 0.998045630328 0.000126395841235 0.998396920645 3.0
-0.0253958545079 0.998405753359 0.000126395841235 0.998396020345 3.0
-0.0234524119101 0.998455864833 0.000126395841235 0.998395188391 3.0
-0.0215089693122 0.998448491609 0.000126395841235 0.998394424744 3.0
-0.0195655267144 0.998315698231 0.000126395841235 0.998393729368 3.0
-0.0176220841165 0.998608030888 0.000126395841235 0.998393102231 3.0
-0.0156786415187 0.998402216841 0.000126395841235 0.998392543303 3.0
-0.0137351989208 0.998475354268 0.000126395841235 0.998392052559 3.0
-0.011791756323 0.998346551971 0.000126395841235 0.998391629976 3.0
-0.00984831372511 0.998456809373 0.000126395841235 0.998391275536 3.0
-0.00790487112726 0.998443107581 0.000126395841235 0.998390989221 3.0
-0.0059614285294 0.998465941827 0.000126395841235 0.998390771018 3.0
-0.00401798593155 0.998502809347 0.000126395841235 0.998390620918 3.0
-0.0020745433337 0.998515967348 0.000126395841235 0.998390538914 3.0
-0.000131100735844 0.998278699434 0.000126395841235 0.998390525001 3.0
0.00181234186201 0.998445514768 0.000126395841235 0.99839057918 3.0
0.00375578445986 0.998253603064 0.000126395841235 0.998390701453 3.0
0.00569922705772 0.998471698873 0.000126395841235 0.998390891825 3.0
0.00764266965557 0.998169007166 0.000126395841235 0.998391150306 3.0
0.00958611225342 0.998326860368 0.000126395841235 0.998391476906 3.0
0.0115295548513 0.998255497017 0.000126395841235 0.998391871641 3.0
0.0134729974491 0.998401728777 0.000126395841235 0.998392334528 3.0
0.015416440047 0.998276042542 0.000126395841235 0.998392865591 3.0
0.0173598826448 0.99828724157 0.000126395841235 0.998393464852 3.0
0.0193033252427 0.998274962687 0.000126395841235 0.998394132339 3.0
0.0212467678405 0.998591488458 0.000126395841235 0.998394868084 3.0
0.0231902104384 0.998415832253 0.000126395841235 0.99839567212 3.0
0.0251336530362 0.998606278191 0.000126395841235 0.998396544486 3.0
0.0270770956341 0.998566295423 0.000126395841235 0.998397485223 3.0
0.029020538232 0.998242434923 0.000126395841235 0.998398494374 3.0
0.0309639808298 0.99851310607 0.000126395841235 0.998399571989 3.0
0.0329074234277 0.998614071823 0.000126395841235 0.998400718117 3.0
0.0348508660255 0.998411379151 0.000126395841235 0.998401932816 3.0
0.0367943086234 0.998276335206 0.000126395841235 0.998403216142 3.0
0.0387377512212 0.998507362476 0.000126395841235 0.99840456816 3.0
0.0406811938191 0.998379431071 0.000126395841235 0.998405988935 3.0
0.0426246364169 0.998329285078 0.000126395841235 0.998407478538 3.0
0.0445680790148 0.99841502542 0.000126395841235 0.998409037043 3.0
0.0465115216126 0.998485580111 0.000126395841235 0.998410664528 3.0
0.0484549642105 0.998222360621 0.000126395841235 0.998412361077 3.0
0.0503984068083 0.99837560183 0.000126395841235 0.998414126777 3.0
0.0523418494062 0.99852006447 0.000126395841235 0.998415961718 3.0
0.054285292004 0.998398838926 0.000126395841235 0.998417865998 3.0
0.0562287346019 0.998322695555 0.000126395841235 0.998419839716 3.0
0.0581721771998 0.998701123524 0.000126395841235 0.99842188298 3.0
0.0601156197976 0.998357812568 0.000126395841235 0.998423995898 3.0
0.0620590623955 0.998579363851 0.000126395841235 0.998426178588 3.0
0.0640025049933 0.99845935283 0.000126395841235 0.99842843117 3.0
0.0659459475912 0.998508911207 0.000126395841235 0.998430753772 3.0
0.067889390189 0.998463390767 0.000126395841235 0.998433146525 3.0
0.0698328327869 0.998405673357 0.000126395841235 0.998435609569 3.0
0.0717762753847 0.998460594023 0.000126395841235 0.998438143048 3.0
0.0737197179826 0.998494900634 0.000126395841235 0.998440747112 3.0
0.0756631605804 0.998597909902 0.000126395841235 0.998443421921 3.0
0.0776066031783 0.998691719352 0.000126395841235 0.998446167638 3.0
0.0795500457761 0.998228293963 0.000126395841235 0.998448984436 3.0
0.081493488374 0.998277035019 0.000126395841235 0.998451872493 3.0
0.0834369309718 0.998439302893 0.000126395841235 0.998454831997 3.0
0.0853803735697 0.998529411016 0.000126395841235 0.998457863144 3.0
0.0873238161676 0.998573744043 0.000126395841235 0.998460966137 3.0
0.0892672587654 0.998453889873 0.000126395841235 0.99846414119 3.0
0.0912107013633 0.998470253089 0.000126395841235 0.998467388525 3.0
0.0931541439611 0.998398542223 0.000126395841235 0.998470708374 3.0
0.095097586559 0.99835745501 0.000126395841235 0.998474100979 3.0
0.0970410291568 0.998564656569 0.000126395841235 0.998477566595 3.0
0.0989844717547 0.998369814792 0.000126395841235 0.998481105486 3.0
0.100927914353 0.998450042088 0.000126395841235 0.998484717929 3.0
0.10287135695 0.998365354977 0.000126395841235 0.998488404214 3.0
0.104814799548 0.998534654358 0.000126395841235 0.998492164643 3.0
0.106758242146 0.99850272739 0.000126395841235 0.998495999534 3.0
0.108701684744 0.998547369622 0.000126395841235 0.998499909218 3.0
0.110645127342 0.998445825686 0.000126395841235 0.998503894044 3.0
0.11258856994 0.998651875389 0.000126395841235 0.998507954376 3.0
0.114532012537 0.998655343094 0.000126395841235 0.998512090597 3.0
0.116475455135 0.998448370096 0.000126395841235 0.998516303108 3.0
0.118418897733 0.998533505348 0.000126395841235 0.99852059233 3.0
0.120362340331 0.998550536655 0.000126395841235 0.998524958707 3.0
0.122305782929 0.998416074023 0.000126395841235 0.998529402704 3.0
0.124249225527 0.998639041313 0.000126395841235 0.998533924812 3.0
0.126192668125 0.99823949839 0.000126395841235 0.998538525548 3.0
0.128136110722 0.998465910435 0.000126395841235 0.998543205456 3.0
0.13007955332 0.998309701002 0.000126395841235 0.998547965111 3.0
0.132022995918 0.998583089495 0.000126395841235 0.99855280512 3.0
0.133966438516 0.998364967541 0.000126395841235 0.998557726126 3.0
0.135909881114 0.998625217306 0.000126395841235 0.99856272881 3.0
0.137853323712 0.998564286003 0.000126395841235 0.998567813892 3.0
0.13979676631 0.99869839168 0.000126395841235 0.998572982137 3.0
0.141740208907 0.998730894334 0.000126395841235 0.998578234361 3.0
0.143683651505 0.998653292232 0.000126395841235 0.998583571428 3.0
0.145627094103 0.998622349406 0.000126395841235 0.998588994262 3.0
0.147570536701 0.998617455222 0.000126395841235 0.99859450385 3.0
0.149513979299 0.998554298539 0.000126395841235 0.998600101248 3.0
0.151457421897 0.998464641751 0.000126395841235 0.998605787586 3.0
0.153400864495 0.998481471917 0.000126395841235 0.99861156408 3.0
0.155344307092 0.998596550066 0.000126395841235 0.998617432038 3.0
0.15728774969 0.998446733924 0.000126395841235 0.998623392872 3.0
0.159231192288 0.998683254643 0.000126395841235 0.998629448109 3.0
0.161174634886 0.998504195833 0.000126395841235 0.998635599407 3.0
0.163118077484 0.998548109927 0.000126395841235 0.998641848568 3.0
0.165061520082 0.998552107379 0.000126395841235 0.998648197561 3.0
0.16700496268 0.998584769032 0.000126395841235 0.998654648543 3.0
0.168948405277 0.998486826047 0.000126395841235 0.998661203884 3.0
0.170891847875 0.998471339746 0.000126395841235 0.998667866205 3.0
0.172835290473 0.99864825856 0.000126395841235 0.998674638411 3.0
0.174778733071 0.998634725602 0.000126395841235 0.998681523745 3.0
0.176722175669 0.998801320468 0.000126395841235 0.99868852584 3.0
0.178665618267 0.998763694812 0.000126395841235 0.9986956488 3.0
0.180609060865 0.998777177893 0.000126395841235 0.998702897283 3.0
0.182552503462 0.998702787897 0.000126395841235 0.998710276626 3.0
0.18449594606 0.998816820721 0.000126395841235 0.998717792992 3.0
0.186439388658 0.998834453551 0.000126395841235 0.998725453574 3.0
0.188382831256 0.998967803657 0.000126395841235 0.998733266866 3.0
0.190326273854 0.998553492936 0.000126395841235 0.998741243061 3.0
0.192269716452 0.998823818607 0.000126395841235 0.99874939464 3.0
0.194213159049 0.998470286436 0.000126395841235 0.998757737353 3.0
0.196156601647 0.998674016587 0.000126395841235 0.998766291999 3.0
0.198100044245 0.998727975253 0.000126395841235 0.998775088095 3.0
0.200043486843 0.998720264126 0.000126395841235 0.998784172488 3.0
0.201986929441 0.99870469606 0.000126395841235 0.998793631742 3.0
0.203930372039 0.998584995821 0.000126395841235 0.998818263612 2.0
0.205873814637 0.99893928956 0.000126395841235 0.998861218693 2.0
0.207817257234 0.99905153424 0.000126395841235 0.99891401872 2.0
0.209760699832 0.999129894611 0.000126395841235 0.998973868103 2.0
0.21170414243 0.998923481502 0.000126395841235 0.999039044715 2.0
0.213647585028 0.999103528272 0.000126395841235 0.999108278017 2.0
0.215591027626 0.999176952989 0.000126395841235 0.999180533615 2.0
0.217534470224 0.999276113569 0.000126395841235 0.999254913278 2.0
0.219477912822 0.999558243655 0.000126395841235 0.999330599574 2.0
0.221421355419 0.9993910336 0.000126395841235 0.999406820535 2.0
0.223364798017 0.999392221613 0.000126395841235 0.999482823732 2.0
0.225308240615 0.999440146551 0.000126395841235 0.999557854147 2.0
0.227251683213 0.999653830868 0.000126395841235 0.999631131975 2.0
0.229195125811 0.999725125703 0.000126395841235 0.999701826571 2.0
0.231138568409 0.999620381676 0.000126395841235 0.999769021191 2.0
0.233082011007 0.999934177507 0.000126395841235 0.999831658701 2.0
0.235025453604 0.999895810986 0.000126395841235 0.9998884461 2.0
0.236968896202 1.00006417396 0.000126395841235 0.999937656516 2.0
0.2389123388 0.999847553093 0.000126395841235 0.999976595576 2.0
0.240855781398 1.00011321076 0.000126395841235 0.999998658157 2.0
0.242799223996 1.00013467105 0.000126395841235 0.999998712076 0.0
0.244742666594 0.999845155913 0.000126395841235 0.999998712076 0.0
0.246686109192 1.00000126999 0.000126395841235 0.999998712076 0.0
0.248629551789 0.999877456195 0.000126395841235 0.999998712076 0.0
0.250572994387 0.999982412732 0.000126395841235 0.999998712076 0.0
0.252516436985 1.00007786878 0.000126395841235 0.999998712076 0.0
0.254459879583 1.00004863361 0.000126395841235 0.999998712076 0.0
0.256403322181 0.999999080345 0.000126395841235 0.999998712076 0.0
0.258346764779 0.999934227768 0.000126395841235 0.999998712076 0.0
0.260290207376 0.999960299603 0.000126395841235 0.999998712076 0.0
0.262233649974 0.999877555255 0.000126395841235 0.999998712076 0.0
0.264177092572 0.999901642419 0.000126395841235 0.999998712076 0.0
0.26612053517 0.999870891064 0.000126395841235 0.999998712076 0.0
0.268063977768 0.999957608728 0.000126395841235 0.999998712076 0.0
0.270007420366 1.00006720994 0.000126395841235 0.999998712076 0.0
0.271950862964 0.999913010545 0.000126395841235 0.999998712076 0.0
0.273894305561 1.00010125926 0.000126395841235 0.999998712076 0.0
0.275837748159 1.00021257313 0.000126395841235 0.999998712076 0.0
0.277781190757 1.00018510376 0.000126395841235 0.999998712076 0.0
0.279724633355 1.00019291077 0.000126395841235 0.999998712076 0.0
0.281668075953 1.0001162847 0.000126395841235 0.999998712076 0.0
0.283611518551 1.00025664316 0.000126395841235 0.999998712076 0.0
0.285554961149 1.00002178794 0.000126395841235 0.999998712076 0.0
0.287498403746 1.00003594791 0.000126395841235 0.999998712076 0.0
0.289441846344 1.00003788801 0.000126395841235 0.999998712076 0.0
0.291385288942 0.999884477123 0.000126395841235 0.999998712076 0.0
