-0.115227981672 1.00016225505 0.000182665724322 1.00002271106 0.0
-0.114456897015 0.999974093613 0.000182665724322 1.00002271106 0.0
-0.113685812358 1.00009954578 0.000182665724322 1.00002271106 0.0
-0.112914727701 0.99987918213 0.000182665724322 1.00002271106 0.0
-0.112143643043 1.00020154152 0.000182665724322 1.00002271106 0.0
-0.111372558386 1.00011498784 0.000182665724322 1.00002271106 0.0
-0.110601473729 1.00005081608 0.000182665724322 1.00002271106 0.0
-0.109830389072 0.999994848556 0.000182665724322 1.00002271106 0.0
-0.109059304414 1.00029862003 0.000182665724322 1.00002271106 0.0
-0.108288219757 1.00009546551 0.000182665724322 1.00002271106 0.0
-0.1075171351 0.999989697051 0.000182665724322 1.00002271106 0.0
-0.106746050443 0.999815057033 0.000182665724322 1.00002271106 0.0
-0.105974965785 1.00037830339 0.000182665724322 1.00002271106 0.0
-0.105203881128 0.99989812085 0.000182665724322 1.00002271106 0.0
-0.104432796471 1.00013133314 0.000182665724322 1.00002271106 0.0
-0.103661711813 1.00002708512 0.000182665724322 1.00002271106 0.0
-0.102890627156 1.00026943329 0.000182665724322 1.00002271106 0.0
-0.102119542499 1.00000495157 0.000182665724322 1.00002271106 0.0
-0.101348457842 0.999998700125 0.000182665724322 1.00002271106 0.0
-0.100577373184 1.00011328125 0.000182665724322 1.00002271106 0.0
-0.0998062885272 0.999948195999 0.000182665724322 1.00002271106 0.0
-0.0990352038699 0.999527835986 0.000182665724322 1.00002271106 0.0
-0.0982641192126 1.00002441377 0.000182665724322 1.00002271106 0.0
-0.0974930345554 0.999714961239 0.000182665724322 1.00002271106 0.0
-0.0967219498981 0.999928644474 0.000182665724322 1.00002271106 0.0
-0.0959508652409 1.00023138106 0.000182665724322 0.999973744737 1.0
-0.0951797805836 0.999714142271 0.000182665724322 0.999861493875 1.0
-0.0944086959263 0.999630248206 0.000182665724322 0.999709707568 1.0
-0.0936376112691 0.999367615754 0.000182665724322 0.999526703079 1.0
-0.0928665266118 0.999345273995 0.000182665724322 0.999317814964 1.0
-0.0920954419545 0.999002721956 0.000182665724322 0.999087112357 1.0
-0.0913243572973 0.998863412529 0.000182665724322 0.998838001054 1.0
-0.09055327264 0.998597745391 0.000182665724322 0.998573506955 1.0
-0.0897821879828 0.998210020441 0.000182665724322 0.998296435867 1.0
-0.0890111033255 0.998107441974 0.000182665724322 0.998009477316 1.0
-0.0882400186682 0.99775479162 0.000182665724322 0.997715281621 1.0
-0.087468934011 0.997346666307 0.000182665724322 0.997416525569 1.0
-0.0866978493537 0.997075541706 0.000182665724322 0.997115976963 1.0
-0.0859267646965 0.996928248943 0.000182665724322 0.996816567619 1.0
-0.0851556800392 0.996305799853 0.000182665724322 0.996521487262 1.0
-0.0843845953819 0.996232440634 0.000182665724322 0.996234319384 1.0
-0.0836135107247 0.996029461984 0.000182665724322 0.995959261634 1.0
-0.0828424260674 0.995756417076 0.000182665724322 0.995701532676 1.0
-0.0820713414101 0.995489941441 0.000182665724322 0.995468268949 1.0
-0.0813002567529 0.99537642808 0.000182665724322 0.995271244807 1.0
-0.0805291720956 0.995208982383 0.000182665724322 0.995145512923 3.0
-0.0797580874384 0.994901483056 0.000182665724322 0.995065076513 3.0
-0.0789870027811 0.995226143107 0.000182665724322 0.994992828336 3.0
-0.0782159181238 0.995013434787 0.000182665724322 0.994926615483 3.0
-0.0774448334666 0.995073165203 0.000182665724322 0.994865257101 3.0
-0.0766737488093 0.995101911919 0.000182665724322 0.994807974764 3.0
-0.0759026641521 0.994783449847 0.000182665724322 0.994754205885 3.0
-0.0751315794948 0.99466116046 0.000182665724322 0.994703520459 3.0
-0.0743604948375 0.994392699011 0.000182665724322 0.994655577288 3.0
-0.0735894101803 0.994232475987 0.000182665724322 0.994610098275 3.0
-0.072818325523 0.994613395589 0.000182665724322 0.99456685211 3.0
-0.0720472408658 0.994402158173 0.000182665724322 0.994525643283 3.0
-0.0712761562085 0.994444373829 0.000182665724322 0.994486304373 3.0
-0.0705050715512 0.994665042101 0.000182665724322 0.994448690426 3.0
-0.069733986894 0.994525574248 0.000182665724322 0.994412674765 3.0
-0.0689629022367 0.994757590355 0.000182665724322 0.994378145782 3.0
-0.0681918175794 0.994180441373 0.000182665724322 0.994345004447 3.0
-0.0674207329222 0.994187758084 0.000182665724322 0.994313162332 3.0
-0.0666496482649 0.994364980466 0.000182665724322 0.994282540035 3.0
-0.0658785636077 0.993995634969 0.000182665724322 0.994253065897 3.0
-0.0651074789504 0.99434317258 0.000182665724322 0.994224674952 3.0
-0.0643363942931 0.994157747065 0.000182665724322 0.994197308061 3.0
-0.0635653096359 0.994195857145 0.000182665724322 0.994170911184 3.0
-0.0627942249786 0.994339239594 0.000182665724322 0.99414543477 3.0
-0.0620231403214 0.994152462526 0.000182665724322 0.994120833242 3.0
-0.0612520556641 0.993875739889 0.000182665724322 0.994097064556 3.0
-0.0604809710068 0.993733179419 0.000182665724322 0.994074089821 3.0
-0.0597098863496 0.994114054179 0.000182665724322 0.994051872975 3.0
-0.0589388016923 0.994170855115 0.000182665724322 0.9940303805 3.0
-0.058167717035 0.994136240708 0.000182665724322 0.994009581179 3.0
-0.0573966323778 0.994251536704 0.000182665724322 0.993989445873 3.0
-0.0566255477205 0.994167886825 0.000182665724322 0.993969947339 3.0
-0.0558544630633 0.994453294757 0.000182665724322 0.993951060057 3.0
-0.055083378406 0.993918887388 0.000182665724322 0.993932760083 3.0
-0.0543122937487 0.993817335174 0.000182665724322 0.993915024918 3.0
-0.0535412090915 0.994009386793 0.000182665724322 0.993897833389 3.0
-0.0527701244342 0.993993306922 0.000182665724322 0.993881165545 3.0
-0.051999039777 0.993843208822 0.000182665724322 0.993865002559 3.0
-0.0512279551197 0.993724549558 0.000182665724322 0.993849326647 3.0
-0.0504568704624 0.994115895969 0.000182665724322 0.993834120991 3.0
-0.0496857858052 0.993869912591 0.000182665724322 0.993819369666 3.0
-0.0489147011479 0.99374910439 0.000182665724322 0.993805057579 3.0
-0.0481436164906 0.993850265709 0.000182665724322 0.993791170413 3.0
-0.0473725318334 0.993637933511 0.000182665724322 0.993777694575 3.0
-0.0466014471761 0.993793871879 0.000182665724322 0.993764617146 3.0
-0.0458303625189 0.993576511446 0.000182665724322 0.993751925839 3.0
-0.0450592778616 0.993835514468 0.000182665724322 0.993739608962 3.0
-0.0442881932043 0.993886087359 0.000182665724322 0.993727655376 3.0
-0.0435171085471 0.993494941734 0.000182665724322 0.993716054465 3.0
-0.0427460238898 0.99376970577 0.000182665724322 0.993704796107 3.0
-0.0419749392326 0.993770224647 0.000182665724322 0.993693870641 3.0
-0.0412038545753 0.993514452154 0.000182665724322 0.993683268845 3.0
-0.040432769918 0.993578915603 0.000182665724322 0.993672981907 3.0
-0.0396616852608 0.993313808566 0.000182665724322 0.993663001408 3.0
-0.0388906006035 0.993684866858 0.000182665724322 0.993653319299 3.0
-0.0381195159462 0.993499639689 0.000182665724322 0.99364392788 3.0
-0.037348431289 0.993507950327 0.000182665724322 0.993634819784 3.0
-0.0365773466317 0.993839031041 0.000182665724322 0.993625987959 3.0
-0.0358062619745 0.993537555034 0.000182665724322 0.993617425657 3.0
-0.0350351773172 0.993522786959 0.000182665724322 0.993609126412 3.0
-0.0342640926599 0.993279167437 0.000182665724322 0.993601084032 3.0
-0.0334930080027 0.993424047482 0.000182665724322 0.993593292586 3.0
-0.0327219233454 0.993698194512 0.000182665724322 0.99358574639 3.0
-0.0319508386882 0.993690286994 0.000182665724322 0.993578439999 3.0
-0.0311797540309 0.9935436819 0.000182665724322 0.993571368192 3.0
-0.0304086693736 0.993728509758 0.000182665724322 0.993564525969 3.0
-0.0296375847164 0.993773593487 0.000182665724322 0.993557908537 3.0
-0.0288665000591 0.993451566299 0.000182665724322 0.993551511302 3.0
-0.0280954154018 0.993497765171 0.000182665724322 0.993545329864 3.0
-0.0273243307446 0.993426275474 0.000182665724322 0.993539360007 3.0
-0.0265532460873 0.993676890052 0.000182665724322 0.993533597692 3.0
-0.0257821614301 0.993861611566 0.000182665724322 0.993528039052 3.0
-0.0250110767728 0.993590907119 0.000182665724322 0.993522680386 3.0
-0.0242399921155 0.993727905697 0.000182665724322 0.99351751815 3.0
-0.0234689074583 0.993555212063 0.000182665724322 0.993512548955 3.0
-0.022697822801 0.993227972819 0.000182665724322 0.993507769562 3.0
-0.0219267381438 0.993340093942 0.000182665724322 0.993503176873 3.0
-0.0211556534865 0.993484796843 0.000182665724322 0.993498767933 3.0
-0.0203845688292 0.993637915426 0.000182665724322 0.993494539919 3.0
-0.019613484172 0.993246230199 0.000182665724322 0.993490490141 3.0
-0.0188423995147 0.993601004645 0.000182665724322 0.993486616036 3.0
-0.0180713148574 0.993201384511 0.000182665724322 0.993482915166 3.0
-0.0173002302002 0.993437070335 0.000182665724322 0.993479385211 3.0
-0.0165291455429 0.99341835551 0.000182665724322 0.99347602397 3.0
-0.0157580608857 0.993341194362 0.000182665724322 0.993472829358 3.0
-0.0149869762284 0.993549990772 0.000182665724322 0.993469799399 3.0
-0.0142158915711 0.993621813459 0.000182665724322 0.99346693223 3.0
-0.0134448069139 0.993403206343 0.000182665724322 0.993464226091 3.0
-0.0126737222566 0.993618613608 0.000182665724322 0.993461679329 3.0
-0.0119026375994 0.993637679987 0.000182665724322 0.993459290393 3.0
-0.0111315529421 0.993373708134 0.000182665724322 0.993457057834 3.0
-0.0103604682848 0.993366412094 0.000182665724322 0.9934549803 3.0
-0.00958938362757 0.9931804787 0.000182665724322 0.993453056538 3.0
-0.00881829897031 0.993411615681 0.000182665724322 0.993451285389 3.0
-0.00804721431305 0.993531080202 0.000182665724322 0.993449665791 3.0
-0.00727612965579 0.993693609988 0.000182665724322 0.993448196771 3.0
-0.00650504499853 0.993423239687 0.000182665724322 0.993446877453 3.0
-0.00573396034127 0.993591647323 0.000182665724322 0.993445707048 3.0
-0.00496287568401 0.993476108386 0.000182665724322 0.993444684858 3.0
-0.00419179102674 0.993374504632 0.000182665724322 0.993443810277 3.0
-0.00342070636948 0.993604085533 0.000182665724322 0.993443082782 3.0
-0.00264962171222 0.99343916588 0.000182665724322 0.993442501944 3.0
-0.00187853705496 0.993567099398 0.000182665724322 0.993442067416 3.0
-0.0011074523977 0.993316317674 0.000182665724322 0.993441778941 3.0
-0.000336367740437 0.99340278732 0.000182665724322 0.993441636349 3.0
0.000434716916825 0.993550202713 0.000182665724322 0.993441639554 3.0
0.00120580157409 0.993657545697 0.000182665724322 0.993441788559 3.0
0.00197688623135 0.993719582702 0.000182665724322 0.993442083452 3.0
0.00274797088861 0.993109559775 0.000182665724322 0.993442524408 3.0
0.00351905554587 0.993090639994 0.000182665724322 0.993443111687 3.0
0.00429014020313 0.993232359921 0.000182665724322 0.99344384564 3.0
0.00506122486039 0.993492868792 0.000182665724322 0.993444726701 3.0
0.00583230951765 0.993467589454 0.000182665724322 0.993445755395 3.0
0.00660339417492 0.993284408344 0.000182665724322 0.993446932333 3.0
0.00737447883218 0.99327895178 0.000182665724322 0.993448258217 3.0
0.00814556348944 0.993527213353 0.000182665724322 0.993449733838 3.0
0.0089166481467 0.993444221382 0.000182665724322 0.99345136008 3.0
0.00968773280396 0.993347226646 0.000182665724322 0.993453137917 3.0
0.0104588174612 0.993549248106 0.000182665724322 0.993455068416 3.0
0.0112299021185 0.993437759882 0.000182665724322 0.99345715274 3.0
0.0120009867757 0.993242939208 0.000182665724322 0.993459392147 3.0
0.012772071433 0.993485691752 0.000182665724322 0.993461787991 3.0
0.0135431560903 0.993291149649 0.000182665724322 0.993464341728 3.0
0.0143142407475 0.993541151113 0.000182665724322 0.993467054913 3.0
0.0150853254048 0.993686799367 0.000182665724322 0.993469929203 3.0
0.0158564100621 0.993424345006 0.000182665724322 0.993472966362 3.0
0.0166274947193 0.99363667917 0.000182665724322 0.993476168259 3.0
0.0173985793766 0.993520212085 0.000182665724322 0.993479536874 3.0
0.0181696640338 0.993407769667 0.000182665724322 0.993483074298 3.0
0.0189407486911 0.993658056617 0.000182665724322 0.993486782737 3.0
0.0197118333484 0.993299426443 0.000182665724322 0.993490664514 3.0
0.0204829180056 0.993624850007 0.000182665724322 0.993494722075 3.0
0.0212540026629 0.993391358709 0.000182665724322 0.993498957987 3.0
0.0220250873201 0.99332157371 0.000182665724322 0.993503374947 3.0
0.0227961719774 0.993592452304 0.000182665724322 0.993507975783 3.0
0.0235672566347 0.993570606251 0.000182665724322 0.993512763456 3.0
0.0243383412919 0.993474624151 0.000182665724322 0.993517741071 3.0
0.0251094259492 0.99345184148 0.000182665724322 0.993522911872 3.0
0.0258805106065 0.993772588942 0.000182665724322 0.993528279257 3.0
0.0266515952637 0.993534832281 0.000182665724322 0.993533846774 3.0
0.027422679921 0.993306092705 0.000182665724322 0.993539618132 3.0
0.0281937645782 0.9936403859 0.000182665724322 0.993545597207 3.0
0.0289648492355 0.993778430911 0.000182665724322 0.993551788045 3.0
0.0297359338928 0.993842489375 0.000182665724322 0.993558194869 3.0
0.03050701855 0.99333345651 0.000182665724322 0.993564822088 3.0
0.0312781032073 0.993735762861 0.000182665724322 0.993571674304 3.0
0.0320491878645 0.993879465708 0.000182665724322 0.99357875632 3.0
0.0328202725218 0.993529801207 0.000182665724322 0.993586073145 3.0
0.0335913571791 0.993633941979 0.000182665724322 0.993593630009 3.0
0.0343624418363 0.993496366602 0.000182665724322 0.993601432368 3.0
0.0351335264936 0.993558787327 0.000182665724322 0.993609485917 3.0
0.0359046111509 0.993719818167 0.000182665724322 0.993617796598 3.0
0.0366756958081 0.993664640679 0.000182665724322 0.993626370614 3.0
0.0374467804654 0.993917615871 0.000182665724322 0.993635214443 3.0
0.0382178651226 0.993495444997 0.000182665724322 0.993644334848 3.0
0.0389889497799 0.994004794854 0.000182665724322 0.993653738892 3.0
0.0397600344372 0.993706456304 0.000182665724322 0.993663433959 3.0
0.0405311190944 0.993655672796 0.000182665724322 0.99367342776 3.0
0.0413022037517 0.993579132303 0.000182665724322 0.993683728364 3.0
0.0420732884089 0.993624679059 0.000182665724322 0.993694344206 3.0
0.0428443730662 0.993829294065 0.000182665724322 0.993705284113 3.0
0.0436154577235 0.993718263285 0.000182665724322 0.993716557328 3.0
0.0443865423807 0.993781233058 0.000182665724322 0.99372817353 3.0
0.045157627038 0.993699392699 0.000182665724322 0.993740142865 3.0
0.0459287116953 0.993345095471 0.000182665724322 0.99375247597 3.0
0.0466997963525 0.993958894007 0.000182665724322 0.993765184005 3.0
0.0474708810098 0.993588567555 0.000182665724322 0.993778278691 3.0
0.048241965667 0.993830355032 0.000182665724322 0.993791772341 3.0
0.0490130503243 0.993948778305 0.000182665724322 0.993805677901 3.0
0.0497841349816 0.994008198055 0.000182665724322 0.993820008996 3.0
0.0505552196388 0.993565824529 0.000182665724322 0.993834779977 3.0
0.0513263042961 0.993734105212 0.000182665724322 0.993850005971 3.0
0.0520973889533 0.993891960005 0.000182665724322 0.993865702941 3.0
0.0528684736106 0.994091389233 0.000182665724322 0.993881887746 3.0
0.0536395582679 0.99372976818 0.000182665724322 0.993898578215 3.0
0.0544106429251 0.993779610478 0.000182665724322 0.993915793222 3.0
0.0551817275824 0.993752075691 0.000182665724322 0.993933552769 3.0
0.0559528122396 0.993848274314 0.000182665724322 0.993951878086 3.0
0.0567238968969 0.993923203774 0.000182665724322 0.993970791733 3.0
0.0574949815542 0.994030982409 0.000182665724322 0.99399031772 3.0
0.0582660662114 0.993802656908 0.000182665724322 0.994010481639 3.0
0.0590371508687 0.994153892349 0.000182665724322 0.994031310814 3.0
0.059808235526 0.993910170301 0.000182665724322 0.99405283447 3.0
0.0605793201832 0.994201599077 0.000182665724322 0.994075083921 3.0
0.0613504048405 0.993966006467 0.000182665724322 0.994098092791 3.0
0.0621214894977 0.994291527412 0.000182665724322 0.994121897261 3.0
0.062892574155 0.993995461561 0.000182665724322 0.994146536353 3.0
0.0636636588123 0.994203765907 0.000182665724322 0.994172052258 3.0
0.0644347434695 0.994193747427 0.000182665724322 0.994198490718 3.0
0.0652058281268 0.994367179176 0.000182665724322 0.994225901469 3.0
0.065976912784 0.994141572237 0.000182665724322 0.994254338763 3.0
0.0667479974413 0.994324363015 0.000182665724322 0.994283861979 3.0
0.0675190820986 0.994434359096 0.000182665724322 0.994314536357 3.0
0.0682901667558 0.994107409418 0.000182665724322 0.994346433874 3.0
0.0690612514131 0.993949414514 0.000182665724322 0.994379634299 3.0
0.0698323360704 0.994394662209 0.000182665724322 0.99441422649 3.0
0.0706034207276 0.994556664415 0.000182665724322 0.994450309987 3.0
0.0713745053849 0.99430672347 0.000182665724322 0.994487997003 3.0
0.0721455900421 0.994468466709 0.000182665724322 0.994527414947 3.0
0.0729166746994 0.994677013121 0.000182665724322 0.99456870966 3.0
0.0736877593567 0.99453654017 0.000182665724322 0.994612049672 3.0
0.0744588440139 0.994966689079 0.000182665724322 0.994657631884 3.0
0.0752299286712 0.994707531643 0.000182665724322 0.994705689403 3.0
0.0760010133284 0.994864272054 0.000182665724322 0.994756502709 3.0
0.0767720979857 0.995116597655 0.000182665724322 0.994810416272 3.0
0.077543182643 0.994691540845 0.000182665724322 0.994867864824 3.0
0.0783142673002 0.99493160959 0.000182665724322 0.994929418272 3.0
0.0790853519575 0.994896447138 0.000182665724322 0.99499586761 3.0
0.0798564366148 0.994917885706 0.000182665724322 0.995068419282 3.0
0.080627521272 0.995020945832 0.000182665724322 0.995149302001 3.0
0.0813986059293 0.995153676637 0.000182665724322 0.995278870228 2.0
0.0821696905865 0.995190123915 0.000182665724322 0.995477879526 2.0
0.0829407752438 0.995660071901 0.000182665724322 0.995712414038 2.0
0.0837118599011 0.995930605993 0.000182665724322 0.995971035842 2.0
0.0844829445583 0.996442688283 0.000182665724322 0.996246726234 2.0
0.0852540292156 0.996332172483 0.000182665724322 0.996534324729 2.0
0.0860251138728 0.996988828498 0.000182665724322 0.996829667273 2.0
0.0867961985301 0.997208023896 0.000182665724322 0.997129191472 2.0
0.0875672831874 0.997702997776 0.000182665724322 0.997429721385 2.0
0.0883383678446 0.997547758425 0.000182665724322 0.997728334174 2.0
0.0891094525019 0.998133287334 0.000182665724322 0.998022267471 2.0
0.0898805371592 0.998308295251 0.000182665724322 0.998308846987 2.0
0.0906516218164 0.998534585679 0.000182665724322 0.998585422101 2.0
0.0914227064737 0.998925435465 0.000182665724322 0.998849299923 2.0
0.0921937911309 0.999090597616 0.000182665724322 0.999097667425 2.0
0.0929648757882 0.999475415324 0.000182665724322 0.999327485935 2.0
0.0937359604455 0.999450796451 0.000182665724322 0.999535327769 2.0
0.0945070451027 0.999896576354 0.000182665724322 0.99971708448 2.0
0.09527812976 0.99978673115 0.000182665724322 0.999867341123 2.0
0.0960492144172 0.999671800892 0.000182665724322 0.999977558002 2.0
0.0968202990745 1.00001418036 0.000182665724322 1.00002271106 0.0
0.0975913837318 1.00020338331 0.000182665724322 1.00002271106 0.0
0.098362468389 1.00002393465 0.000182665724322 1.00002271106 0.0
0.0991335530463 0.99993174527 0.000182665724322 1.00002271106 0.0
0.0999046377036 1.0003671221 0.000182665724322 1.00002271106 0.0
0.100675722361 1.00020150016 0.000182665724322 1.00002271106 0.0
0.101446807018 1.00000898162 0.000182665724322 1.00002271106 0.0
0.102217891675 0.999996103874 0.000182665724322 1.00002271106 0.0
0.102988976333 0.999894156611 0.000182665724322 1.00002271106 0.0
0.10376006099 1.00016482566 0.000182665724322 1.00002271106 0.0
0.104531145647 0.999704780796 0.000182665724322 1.00002271106 0.0
0.105302230304 0.999849347803 0.000182665724322 1.00002271106 0.0
0.106073314962 0.999897694499 0.000182665724322 1.00002271106 0.0
0.106844399619 0.999930766644 0.000182665724322 1.00002271106 0.0
0.107615484276 0.999957223547 0.000182665724322 1.00002271106 0.0
0.108386568933 0.999992118076 0.000182665724322 1.00002271106 0.0
0.109157653591 1.00007492816 0.000182665724322 1.00002271106 0.0
0.109928738248 1.00035478244 0.000182665724322 1.00002271106 0.0
0.110699822905 0.999795351878 0.000182665724322 1.00002271106 0.0
0.111470907562 0.999939763843 0.000182665724322 1.00002271106 0.0
0.11224199222 0.999871771166 0.000182665724322 1.00002271106 0.0
0.113013076877 1.00023727161 0.000182665724322 1.00002271106 0.0
0.113784161534 0.999976525456 0.000182665724322 1.00002271106 0.0
0.114555246192 0.999963882065 0.000182665724322 1.00002271106 0.0
0.115326330849 1.0002987195 0.000182665724322 1.00002271106 0.0
