-0.12395123263 0.999883533218 5.02355037165e-05 0.999997322243 0.0
-0.123122606559 0.999987667873 5.02355037165e-05 0.999997322243 0.0
-0.122293980488 0.9999621729 5.02355037165e-05 0.999997322243 0.0
-0.121465354416 1.00004762305 5.02355037165e-05 0.999997322243 0.0
-0.120636728345 0.999904453514 5.02355037165e-05 0.999997322243 0.0
-0.119808102273 1.00004544706 5.02355037165e-05 0.999997322243 0.0
-0.118979476202 0.999929150376 5.02355037165e-05 0.999997322243 0.0
-0.11815085013 1.0000055721 5.02355037165e-05 0.999997322243 0.0
-0.117322224059 0.999947221071 5.02355037165e-05 0.999997322243 0.0
-0.116493597988 0.999962122516 5.02355037165e-05 0.999997322243 0.0
-0.115664971916 1.00002867205 5.02355037165e-05 0.999997322243 0.0
-0.114836345845 1.00006921136 5.02355037165e-05 0.999997322243 0.0
-0.114007719773 1.00005766154 5.02355037165e-05 0.999997322243 0.0
-0.113179093702 0.999974471344 5.02355037165e-05 0.999997322243 0.0
-0.11235046763 0.999989346859 5.02355037165e-05 0.999997322243 0.0
-0.111521841559 0.999941821535 5.02355037165e-05 0.999997322243 0.0
-0.110693215488 0.999982971044 5.02355037165e-05 0.999997322243 0.0
-0.109864589416 0.999999142291 5.02355037165e-05 0.999997322243 0.0
-0.109035963345 1.00005488133 5.02355037165e-05 0.999997322243 0.0
-0.108207337273 1.00000216734 5.02355037165e-05 0.999997322243 0.0
-0.107378711202 0.999923993895 5.02355037165e-05 0.999997322243 0.0
-0.10655008513 1.00002243016 5.02355037165e-05 0.999996450818 1.0
-0.105721459059 0.999976612765 5.02355037165e-05 0.99999427582 1.0
-0.104892832988 0.999981793213 5.02355037165e-05 0.999991115351 1.0
-0.104064206916 1.00001118287 5.02355037165e-05 0.99998702239 1.0
-0.103235580845 0.999918393358 5.02355037165e-05 0.999982013555 1.0
-0.102406954773 0.999914020707 5.02355037165e-05 0.999976094973 1.0
-0.101578328702 1.00010256959 5.02355037165e-05 0.999969269876 1.0
-0.10074970263 0.999884359685 5.02355037165e-05 0.999961541507 1.0
-0.0999210765591 0.999966860643 5.02355037165e-05 0.999952914372 1.0
-0.0990924504876 0.999950563617 5.02355037165e-05 0.999943394806 1.0
-0.0982638244162 0.999960666679 5.02355037165e-05 0.999932991212 1.0
-0.0974351983448 1.00003365577 5.02355037165e-05 0.99992171414 1.0
-0.0966065722734 0.999853499354 5.02355037165e-05 0.99990957629 1.0
-0.0957779462019 0.999841621738 5.02355037165e-05 0.999896592467 1.0
-0.0949493201305 0.999913962726 5.02355037165e-05 0.999882779511 1.0
-0.0941206940591 0.999726856801 5.02355037165e-05 0.999868156225 1.0
-0.0932920679876 0.999776750614 5.02355037165e-05 0.999852743295 1.0
-0.0924634419162 0.999913946918 5.02355037165e-05 0.99983656321 1.0
-0.0916348158448 0.999864261803 5.02355037165e-05 0.999819640188 1.0
-0.0908061897734 0.999867234602 5.02355037165e-05 0.999802000106 1.0
-0.0899775637019 0.999745365478 5.02355037165e-05 0.999783670438 1.0
-0.0891489376305 0.999729524944 5.02355037165e-05 0.999764680194 1.0
-0.0883203115591 0.999736198533 5.02355037165e-05 0.999745059875 1.0
-0.0874916854877 0.999633210531 5.02355037165e-05 0.999724841433 1.0
-0.0866630594162 0.999749476397 5.02355037165e-05 0.999704058237 1.0
-0.0858344333448 0.999739196451 5.02355037165e-05 0.99968274506 1.0
-0.0850058072734 0.999675091382 5.02355037165e-05 0.999660938073 1.0
-0.084177181202 0.999626886935 5.02355037165e-05 0.999638674856 1.0
-0.0833485551305 0.999663791618 5.02355037165e-05 0.999615994428 1.0
-0.0825199290591 0.999594621514 5.02355037165e-05 0.999592937312 1.0
-0.0816913029877 0.99956776206 5.02355037165e-05 0.999569545614 1.0
-0.0808626769163 0.999527552263 5.02355037165e-05 0.999545863163 1.0
-0.0800340508448 0.999494492031 5.02355037165e-05 0.999521935699 1.0
-0.0792054247734 0.999476497238 5.02355037165e-05 0.999497811148 1.0
-0.078376798702 0.999413769847 5.02355037165e-05 0.999473540012 1.0
-0.0775481726305 0.999464113994 5.02355037165e-05 0.999449175943 1.0
-0.0767195465591 0.999358975675 5.02355037165e-05 0.999424776609 1.0
-0.0758909204877 0.999454461054 5.02355037165e-05 0.99940040505 1.0
-0.0750622944163 0.999371057612 5.02355037165e-05 0.999376131954 1.0
-0.0742336683448 0.999327841126 5.02355037165e-05 0.999352039841 1.0
-0.0734050422734 0.999303992242 5.02355037165e-05 0.999328231978 1.0
-0.072576416202 0.999285539271 5.02355037165e-05 0.999304857319 1.0
-0.0717477901306 0.99925691599 5.02355037165e-05 0.999282284537 3.0
-0.0709191640591 0.999309273571 5.02355037165e-05 0.999260529539 3.0
-0.0700905379877 0.999305361741 5.02355037165e-05 0.999239026877 3.0
-0.0692619119163 0.999135649761 5.02355037165e-05 0.999217776574 3.0
-0.0684332858449 0.999143934919 5.02355037165e-05 0.999196778654 3.0
-0.0676046597734 0.999051114896 5.02355037165e-05 0.999176033138 3.0
-0.066776033702 0.999125541329 5.02355037165e-05 0.999155540051 3.0
-0.0659474076306 0.99910532935 5.02355037165e-05 0.999135299413 3.0
-0.0651187815592 0.999021623308 5.02355037165e-05 0.999115311248 3.0
-0.0642901554877 0.999126048592 5.02355037165e-05 0.999095575578 3.0
-0.0634615294163 0.999119570703 5.02355037165e-05 0.999076092423 3.0
-0.0626329033449 0.999045977415 5.02355037165e-05 0.999056861804 3.0
-0.0618042772735 0.999052474541 5.02355037165e-05 0.999037883744 3.0
-0.060975651202 0.999008417465 5.02355037165e-05 0.999019158263 3.0
-0.0601470251306 0.999021654075 5.02355037165e-05 0.999000685381 3.0
-0.0593183990592 0.999028207505 5.02355037165e-05 0.998982465118 3.0
-0.0584897729877 0.999033185198 5.02355037165e-05 0.998964497494 3.0
-0.0576611469163 0.998948288076 5.02355037165e-05 0.998946782529 3.0
-0.0568325208449 0.998939095637 5.02355037165e-05 0.998929320242 3.0
-0.0560038947735 0.998918614694 5.02355037165e-05 0.998912110653 3.0
-0.055175268702 0.998983555631 5.02355037165e-05 0.998895153779 3.0
-0.0543466426306 0.998911261461 5.02355037165e-05 0.99887844964 3.0
-0.0535180165592 0.99897202049 5.02355037165e-05 0.998861998253 3.0
-0.0526893904878 0.998895117984 5.02355037165e-05 0.998845799638 3.0
-0.0518607644163 0.998868819728 5.02355037165e-05 0.99882985381 3.0
-0.0510321383449 0.998773224408 5.02355037165e-05 0.998814160789 3.0
-0.0502035122735 0.999000487395 5.02355037165e-05 0.99879872059 3.0
-0.0493748862021 0.998848224996 5.02355037165e-05 0.998783533231 3.0
-0.0485462601306 0.998667483702 5.02355037165e-05 0.998768598729 3.0
-0.0477176340592 0.998807736565 5.02355037165e-05 0.998753917099 3.0
-0.0468890079878 0.998815372265 5.02355037165e-05 0.998739488357 3.0
-0.0460603819164 0.998697230256 5.02355037165e-05 0.99872531252 3.0
-0.0452317558449 0.99873321845 5.02355037165e-05 0.998711389604 3.0
-0.0444031297735 0.99868449033 5.02355037165e-05 0.998697719622 3.0
-0.0435745037021 0.998666383784 5.02355037165e-05 0.99868430259 3.0
-0.0427458776306 0.998721668744 5.02355037165e-05 0.998671138523 3.0
-0.0419172515592 0.998612880325 5.02355037165e-05 0.998658227434 3.0
-0.0410886254878 0.998747002076 5.02355037165e-05 0.998645569339 3.0
-0.0402599994164 0.998642269938 5.02355037165e-05 0.998633164251 3.0
-0.0394313733449 0.998627356324 5.02355037165e-05 0.998621012184 3.0
-0.0386027472735 0.998683864116 5.02355037165e-05 0.99860911315 3.0
-0.0377741212021 0.998559418953 5.02355037165e-05 0.998597467163 3.0
-0.0369454951307 0.998629815923 5.02355037165e-05 0.998586074235 3.0
-0.0361168690592 0.998501503046 5.02355037165e-05 0.998574934379 3.0
-0.0352882429878 0.998602251663 5.02355037165e-05 0.998564047607 3.0
-0.0344596169164 0.998491687021 5.02355037165e-05 0.998553413932 3.0
-0.033630990845 0.998641289306 5.02355037165e-05 0.998543033363 3.0
-0.0328023647735 0.99854621824 5.02355037165e-05 0.998532905914 3.0
-0.0319737387021 0.998453334415 5.02355037165e-05 0.998523031594 3.0
-0.0311451126307 0.998529070259 5.02355037165e-05 0.998513410416 3.0
-0.0303164865593 0.998479218738 5.02355037165e-05 0.998504042388 3.0
-0.0294878604878 0.998360152722 5.02355037165e-05 0.998494927522 3.0
-0.0286592344164 0.998420622008 5.02355037165e-05 0.998486065827 3.0
-0.027830608345 0.998488036607 5.02355037165e-05 0.998477457313 3.0
-0.0270019822735 0.998369742872 5.02355037165e-05 0.99846910199 3.0
-0.0261733562021 0.998377408857 5.02355037165e-05 0.998460999866 3.0
-0.0253447301307 0.998517215006 5.02355037165e-05 0.998453150951 3.0
-0.0245161040593 0.998466081413 5.02355037165e-05 0.998445555253 3.0
-0.0236874779878 0.998449385926 5.02355037165e-05 0.99843821278 3.0
-0.0228588519164 0.998484663838 5.02355037165e-05 0.99843112354 3.0
-0.022030225845 0.998402492208 5.02355037165e-05 0.998424287541 3.0
-0.0212015997736 0.998401513918 5.02355037165e-05 0.998417704791 3.0
-0.0203729737021 0.99834277905 5.02355037165e-05 0.998411375297 3.0
-0.0195443476307 0.99847788994 5.02355037165e-05 0.998405299065 3.0
-0.0187157215593 0.99843858802 5.02355037165e-05 0.998399476102 3.0
-0.0178870954879 0.998442038341 5.02355037165e-05 0.998393906415 3.0
-0.0170584694164 0.998374040231 5.02355037165e-05 0.998388590009 3.0
-0.016229843345 0.998391280596 5.02355037165e-05 0.998383526891 3.0
-0.0154012172736 0.998293762362 5.02355037165e-05 0.998378717066 3.0
-0.0145725912022 0.998405641896 5.02355037165e-05 0.998374160539 3.0
-0.0137439651307 0.998338493182 5.02355037165e-05 0.998369857315 3.0
-0.0129153390593 0.998384164777 5.02355037165e-05 0.9983658074 3.0
-0.0120867129879 0.998242092287 5.02355037165e-05 0.998362010796 3.0
-0.0112580869164 0.998416567689 5.02355037165e-05 0.998358467509 3.0
-0.010429460845 0.998443660692 5.02355037165e-05 0.998355177543 3.0
-0.00960083477359 0.998370854711 5.02355037165e-05 0.9983521409 3.0
-0.00877220870217 0.998414344576 5.02355037165e-05 0.998349357585 3.0
-0.00794358263074 0.998380723439 5.02355037165e-05 0.998346827599 3.0
-0.00711495655931 0.998334038312 5.02355037165e-05 0.998344550947 3.0
-0.00628633048789 0.998391411053 5.02355037165e-05 0.998342527631 3.0
-0.00545770441646 0.998272268008 5.02355037165e-05 0.998340757652 3.0
-0.00462907834503 0.998354785251 5.02355037165e-05 0.998339241013 3.0
-0.00380045227361 0.998341282654 5.02355037165e-05 0.998337977715 3.0
-0.00297182620218 0.998347878988 5.02355037165e-05 0.99833696776 3.0
-0.00214320013076 0.998201381892 5.02355037165e-05 0.998336211148 3.0
-0.00131457405933 0.998364970134 5.02355037165e-05 0.998335707882 3.0
-0.000485947987903 0.998271173673 5.02355037165e-05 0.99833545796 3.0
0.000342678083523 0.998341268389 5.02355037165e-05 0.998335461384 3.0
0.00117130415495 0.998246650662 5.02355037165e-05 0.998335718154 3.0
0.00199993022638 0.998276433815 5.02355037165e-05 0.998336228268 3.0
0.0028285562978 0.998319841818 5.02355037165e-05 0.998336991727 3.0
0.00365718236923 0.998278960787 5.02355037165e-05 0.99833800853 3.0
0.00448580844065 0.998246383686 5.02355037165e-05 0.998339278676 3.0
0.00531443451208 0.998344877905 5.02355037165e-05 0.998340802163 3.0
0.00614306058351 0.998320233096 5.02355037165e-05 0.998342578989 3.0
0.00697168665493 0.998302161258 5.02355037165e-05 0.998344609154 3.0
0.00780031272636 0.998304128741 5.02355037165e-05 0.998346892653 3.0
0.00862893879779 0.998410559641 5.02355037165e-05 0.998349429486 3.0
0.00945756486921 0.998326708095 5.02355037165e-05 0.998352219649 3.0
0.0102861909406 0.998305209479 5.02355037165e-05 0.998355263139 3.0
0.0111148170121 0.998392915866 5.02355037165e-05 0.998358559953 3.0
0.0119434430835 0.998335113026 5.02355037165e-05 0.998362110087 3.0
0.0127720691549 0.998494080043 5.02355037165e-05 0.998365913537 3.0
0.0136006952263 0.998424497614 5.02355037165e-05 0.9983699703 3.0
0.0144293212978 0.998315915859 5.02355037165e-05 0.99837428037 3.0
0.0152579473692 0.998346657126 5.02355037165e-05 0.998378843744 3.0
0.0160865734406 0.998357800996 5.02355037165e-05 0.998383660416 3.0
0.016915199512 0.998473110016 5.02355037165e-05 0.99838873038 3.0
0.0177438255835 0.998409379767 5.02355037165e-05 0.998394053632 3.0
0.0185724516549 0.998404777084 5.02355037165e-05 0.998399630165 3.0
0.0194010777263 0.99846493937 5.02355037165e-05 0.998405459974 3.0
0.0202297037978 0.998392147052 5.02355037165e-05 0.998411543051 3.0
0.0210583298692 0.998470266977 5.02355037165e-05 0.998417879392 3.0
0.0218869559406 0.998442027763 5.02355037165e-05 0.998424468987 3.0
0.022715582012 0.998410467846 5.02355037165e-05 0.998431311831 3.0
0.0235442080835 0.998343567201 5.02355037165e-05 0.998438407916 3.0
0.0243728341549 0.998484875825 5.02355037165e-05 0.998445757234 3.0
0.0252014602263 0.998581124017 5.02355037165e-05 0.998453359776 3.0
0.0260300862977 0.998464022106 5.02355037165e-05 0.998461215536 3.0
0.0268587123692 0.998446395249 5.02355037165e-05 0.998469324504 3.0
0.0276873384406 0.998482649578 5.02355037165e-05 0.998477686671 3.0
0.028515964512 0.998489485916 5.02355037165e-05 0.998486302028 3.0
0.0293445905834 0.998502362148 5.02355037165e-05 0.998495170566 3.0
0.0301732166549 0.998572355176 5.02355037165e-05 0.998504292275 3.0
0.0310018427263 0.998575034155 5.02355037165e-05 0.998513667146 3.0
0.0318304687977 0.998537493494 5.02355037165e-05 0.998523295167 3.0
0.0326590948691 0.998633783663 5.02355037165e-05 0.998533176329 3.0
0.0334877209406 0.998497923307 5.02355037165e-05 0.99854331062 3.0
0.034316347012 0.998531892833 5.02355037165e-05 0.99855369803 3.0
0.0351449730834 0.998510282812 5.02355037165e-05 0.998564338547 3.0
0.0359735991549 0.998498983702 5.02355037165e-05 0.99857523216 3.0
0.0368022252263 0.99853713941 5.02355037165e-05 0.998586378856 3.0
0.0376308512977 0.9986241503 5.02355037165e-05 0.998597778624 3.0
0.0384594773691 0.998585515895 5.02355037165e-05 0.998609431451 3.0
0.0392881034406 0.998557629833 5.02355037165e-05 0.998621337325 3.0
0.040116729512 0.998624647307 5.02355037165e-05 0.998633496232 3.0
0.0409453555834 0.998661109967 5.02355037165e-05 0.998645908159 3.0
0.0417739816548 0.998663372137 5.02355037165e-05 0.998658573092 3.0
0.0426026077263 0.998706925738 5.02355037165e-05 0.998671491019 3.0
0.0434312337977 0.998703988778 5.02355037165e-05 0.998684661924 3.0
0.0442598598691 0.998758070614 5.02355037165e-05 0.998698085793 3.0
0.0450884859405 0.998608634511 5.02355037165e-05 0.998711762612 3.0
0.045917112012 0.998688366587 5.02355037165e-05 0.998725692365 3.0
0.0467457380834 0.998721437487 5.02355037165e-05 0.998739875038 3.0
0.0475743641548 0.9987487959 5.02355037165e-05 0.998754310615 3.0
0.0484029902262 0.998826600347 5.02355037165e-05 0.998768999081 3.0
0.0492316162977 0.998731839916 5.02355037165e-05 0.998783940418 3.0
0.0500602423691 0.998718755079 5.02355037165e-05 0.998799134611 3.0
0.0508888684405 0.99876806246 5.02355037165e-05 0.998814581644 3.0
0.051717494512 0.998834134594 5.02355037165e-05 0.998830281499 3.0
0.0525461205834 0.998954018504 5.02355037165e-05 0.99884623416 3.0
0.0533747466548 0.998811997869 5.02355037165e-05 0.998862439608 3.0
0.0542033727262 0.998950217677 5.02355037165e-05 0.998878897826 3.0
0.0550319987977 0.998837153846 5.02355037165e-05 0.998895608797 3.0
0.0558606248691 0.998920347644 5.02355037165e-05 0.998912572502 3.0
0.0566892509405 0.999063146708 5.02355037165e-05 0.998929788922 3.0
0.0575178770119 0.999014694688 5.02355037165e-05 0.998947258039 3.0
0.0583465030834 0.998948528539 5.02355037165e-05 0.998964979834 3.0
0.0591751291548 0.998944655266 5.02355037165e-05 0.998982954287 3.0
0.0600037552262 0.999044916016 5.02355037165e-05 0.999001181378 3.0
0.0608323812976 0.998987762041 5.02355037165e-05 0.999019661088 3.0
0.0616610073691 0.99907684196 5.02355037165e-05 0.999038393397 3.0
0.0624896334405 0.9990385586 5.02355037165e-05 0.999057378284 3.0
0.0633182595119 0.998992235869 5.02355037165e-05 0.999076615728 3.0
0.0641468855833 0.99907251069 5.02355037165e-05 0.999096105709 3.0
0.0649755116548 0.999053197845 5.02355037165e-05 0.999115848205 3.0
0.0658041377262 0.99919165781 5.02355037165e-05 0.999135843195 3.0
0.0666327637976 0.999154879788 5.02355037165e-05 0.999156090656 3.0
0.0674613898691 0.99921294594 5.02355037165e-05 0.999176590567 3.0
0.0682900159405 0.999187937733 5.02355037165e-05 0.999197342905 3.0
0.0691186420119 0.999263223545 5.02355037165e-05 0.999218347648 3.0
0.0699472680833 0.999172031915 5.02355037165e-05 0.999239604772 3.0
0.0707758941548 0.99927743898 5.02355037165e-05 0.999261114255 3.0
0.0716045202262 0.999298009685 5.02355037165e-05 0.999282876074 3.0
0.0724331462976 0.999290246147 5.02355037165e-05 0.999305481492 2.0
0.073261772369 0.999281843394 5.02355037165e-05 0.999328870643 2.0
0.0740903984405 0.999257084169 5.02355037165e-05 0.999352687839 2.0
0.0749190245119 0.999294815084 5.02355037165e-05 0.999376786078 2.0
0.0757476505833 0.999383516472 5.02355037165e-05 0.999401062854 2.0
0.0765762766547 0.99949106044 5.02355037165e-05 0.999425436052 2.0
0.0774049027262 0.999510096519 5.02355037165e-05 0.999449835234 2.0
0.0782335287976 0.999525631459 5.02355037165e-05 0.999474197529 2.0
0.079062154869 0.999463147588 5.02355037165e-05 0.999498465392 2.0
0.0798907809404 0.999677550708 5.02355037165e-05 0.999522585267 2.0
0.0807194070119 0.999548285892 5.02355037165e-05 0.999546506728 2.0
0.0815480330833 0.999569581442 5.02355037165e-05 0.999570181912 2.0
0.0823766591547 0.99974507367 5.02355037165e-05 0.999593565135 2.0
0.0832052852262 0.999634962384 5.02355037165e-05 0.999616612616 2.0
0.0840339112976 0.999634570314 5.02355037165e-05 0.999639282292 2.0
0.084862537369 0.999649633297 5.02355037165e-05 0.999661533684 2.0
0.0856911634404 0.999652326516 5.02355037165e-05 0.999683327811 2.0
0.0865197895119 0.999718544672 5.02355037165e-05 0.999704627132 2.0
0.0873484155833 0.999580598195 5.02355037165e-05 0.999725395514 2.0
0.0881770416547 0.999784411989 5.02355037165e-05 0.999745598221 2.0
0.0890056677261 0.999822851569 5.02355037165e-05 0.999765201923 2.0
0.0898342937976 0.999827059283 5.02355037165e-05 0.999784174706 2.0
0.090662919869 0.999692486563 5.02355037165e-05 0.999802486109 2.0
0.0914915459404 0.999751479101 5.02355037165e-05 0.999820107163 2.0
0.0923201720118 0.999831055842 5.02355037165e-05 0.999837010437 2.0
0.0931487980833 0.999780943762 5.02355037165e-05 0.999853170097 2.0
0.0939774241547 0.999810058721 5.02355037165e-05 0.999868561971 2.0
0.0948060502261 0.999858842894 5.02355037165e-05 0.999883163617 2.0
0.0956346762975 0.999857548501 5.02355037165e-05 0.999896954401 2.0
0.096463302369 0.999869161391 5.02355037165e-05 0.99990991557 2.0
0.0972919284404 0.999969151239 5.02355037165e-05 0.999922030338 2.0
0.0981205545118 0.999985295996 5.02355037165e-05 0.999933283957 2.0
0.0989491805833 0.999997897659 5.02355037165e-05 0.999943663786 2.0
0.0997778066547 0.999987053076 5.02355037165e-05 0.99995315933 2.0
0.100606432726 1.00003367772 5.02355037165e-05 0.999961762246 2.0
0.101435058798 0.999982434804 5.02355037165e-05 0.999969466252 2.0
0.102263684869 1.00002748059 5.02355037165e-05 0.999976266885 2.0
0.10309231094 0.999992210232 5.02355037165e-05 0.999982160923 2.0
0.103920937012 0.999993553482 5.02355037165e-05 0.999987145107 2.0
0.104749563083 1.00008155056 5.02355037165e-05 0.999991213158 2.0
0.105578189155 1.00003395426 5.02355037165e-05 0.99999434797 2.0
0.106406815226 1.00000544037 5.02355037165e-05 0.99999649468 2.0
0.107235441298 1.00005783886 5.02355037165e-05 0.999997322243 0.0
0.108064067369 0.999996321783 5.02355037165e-05 0.999997322243 0.0
0.10889269344 0.999974966328 5.02355037165e-05 0.999997322243 0.0
0.109721319512 1.00000220626 5.02355037165e-05 0.999997322243 0.0
0.110549945583 1.00000069412 5.02355037165e-05 0.999997322243 0.0
0.111378571655 0.999988906524 5.02355037165e-05 0.999997322243 0.0
0.112207197726 1.00009412665 5.02355037165e-05 0.999997322243 0.0
0.113035823798 0.999953604482 5.02355037165e-05 0.999997322243 0.0
0.113864449869 0.999979055835 5.02355037165e-05 0.999997322243 0.0
0.11469307594 1.00000725151 5.02355037165e-05 0.999997322243 0.0
0.115521702012 1.0000105618 5.02355037165e-05 0.999997322243 0.0
0.116350328083 1.00002041885 5.02355037165e-05 0.999997322243 0.0
0.117178954155 0.999973641501 5.02355037165e-05 0.999997322243 0.0
0.118007580226 0.999929525176 5.02355037165e-05 0.999997322243 0.0
0.118836206297 1.00002538444 5.02355037165e-05 0.999997322243 0.0
0.119664832369 0.999923184901 5.02355037165e-05 0.999997322243 0.0
0.12049345844 1.00003040998 5.02355037165e-05 0.999997322243 0.0
0.121322084512 0.999957547456 5.02355037165e-05 0.999997322243 0.0
0.122150710583 0.999991351714 5.02355037165e-05 0.999997322243 0.0
0.122979336655 1.00009186878 5.02355037165e-05 0.999997322243 0.0
0.123807962726 1.00000132997 5.02355037165e-05 0.999997322243 0.0
