-0.10730953197 0.999874654576 0.00021676276696 1.00004110924 0.0
-0.106593732149 0.999934557748 0.00021676276696 1.00004110924 0.0
-0.105877932327 1.00005233392 0.00021676276696 1.00004110924 0.0
-0.105162132506 1.00051897533 0.00021676276696 1.00004110924 0.0
-0.104446332685 1.0001844366 0.00021676276696 1.00004110924 0.0
-0.103730532864 0.999924159169 0.00021676276696 1.00004110924 0.0
-0.103014733043 1.00026712339 0.00021676276696 1.00004110924 0.0
-0.102298933222 1.00029820676 0.00021676276696 1.00004110924 0.0
-0.101583133401 0.999861058122 0.00021676276696 1.00004110924 0.0
-0.10086733358 1.00019608686 0.00021676276696 1.00004110924 0.0
-0.100151533759 0.999739148356 0.00021676276696 1.00004110924 0.0
-0.0994357339378 0.999949796135 0.00021676276696 1.00004110924 0.0
-0.0987199341167 1.00028867939 0.00021676276696 1.00004110924 0.0
-0.0980041342956 0.999893952475 0.00021676276696 1.00004110924 0.0
-0.0972883344745 1.00046383478 0.00021676276696 1.00004110924 0.0
-0.0965725346535 0.99998053821 0.00021676276696 1.00004110924 0.0
-0.0958567348324 0.999652849465 0.00021676276696 1.00004110924 0.0
-0.0951409350113 0.999965260366 0.00021676276696 1.00004110924 0.0
-0.0944251351902 0.999445321473 0.00021676276696 1.00004110924 0.0
-0.0937093353692 1.00037397112 0.00021676276696 1.00004110924 0.0
-0.0929935355481 1.00009488379 0.00021676276696 1.00004110924 0.0
-0.092277735727 1.00022421407 0.00021676276696 1.00004110924 0.0
-0.0915619359059 1.00010386121 0.00021676276696 1.00004110924 0.0
-0.0908461360849 1.00028767111 0.00021676276696 1.00004110924 0.0
-0.0901303362638 0.999776499777 0.00021676276696 1.00004110924 0.0
-0.0894145364427 1.00021122129 0.00021676276696 1.00002466638 1.0
-0.0886987366216 0.999906281409 0.00021676276696 0.999926555766 1.0
-0.0879829368006 0.999842202434 0.00021676276696 0.999773096873 1.0
-0.0872671369795 0.999431790404 0.00021676276696 0.999575987179 1.0
-0.0865513371584 0.999095185652 0.00021676276696 0.999341886727 1.0
-0.0858355373374 0.999345646942 0.00021676276696 0.999075695546 1.0
-0.0851197375163 0.999070109077 0.00021676276696 0.998781464159 1.0
-0.0844039376952 0.998122362977 0.00021676276696 0.998462780304 1.0
-0.0836881378741 0.998189063783 0.00021676276696 0.998122973662 1.0
-0.0829723380531 0.997345981037 0.00021676276696 0.997765243001 1.0
-0.082256538232 0.997304316242 0.00021676276696 0.997392747079 1.0
-0.0815407384109 0.997161836637 0.00021676276696 0.997008679318 1.0
-0.0808249385898 0.996828096618 0.00021676276696 0.996616338298 1.0
-0.0801091387688 0.995976567474 0.00021676276696 0.996219203818 1.0
-0.0793933389477 0.99623693301 0.00021676276696 0.99582102959 1.0
-0.0786775391266 0.995203104608 0.00021676276696 0.995425969199 1.0
-0.0779617393055 0.995027412231 0.00021676276696 0.995038765748 1.0
-0.0772459394845 0.994842185103 0.00021676276696 0.994665070081 1.0
-0.0765301396634 0.994093077408 0.00021676276696 0.994312051288 1.0
-0.0758143398423 0.993912640033 0.00021676276696 0.993989829032 1.0
-0.0750985400212 0.99365321517 0.00021676276696 0.993716581133 1.0
-0.0743827402002 0.99356936285 0.00021676276696 0.993536909451 3.0
-0.0736669403791 0.993768161122 0.00021676276696 0.993391716153 3.0
-0.072951140558 0.993164861577 0.00021676276696 0.993260156449 3.0
-0.0722353407369 0.993354857574 0.00021676276696 0.99313901949 3.0
-0.0715195409159 0.99291064079 0.00021676276696 0.993026404054 3.0
-0.0708037410948 0.99270555374 0.00021676276696 0.992921011452 3.0
-0.0700879412737 0.993259767305 0.00021676276696 0.992821883789 3.0
-0.0693721414526 0.992711601397 0.00021676276696 0.99272827952 3.0
-0.0686563416316 0.992511280666 0.00021676276696 0.992639605125 3.0
-0.0679405418105 0.992859378212 0.00021676276696 0.992555373785 3.0
-0.0672247419894 0.992270250708 0.00021676276696 0.99247517858 3.0
-0.0665089421683 0.992476721419 0.00021676276696 0.992398674192 3.0
-0.0657931423473 0.992448304464 0.00021676276696 0.992325563902 3.0
-0.0650773425262 0.992020189972 0.00021676276696 0.992255590061 3.0
-0.0643615427051 0.99235795283 0.00021676276696 0.992188526925 3.0
-0.063645742884 0.992486170804 0.00021676276696 0.99212417515 3.0
-0.062929943063 0.992015683415 0.00021676276696 0.992062357493 3.0
-0.0622141432419 0.992259558391 0.00021676276696 0.9920029154 3.0
-0.0614983434208 0.992290723958 0.00021676276696 0.991945706267 3.0
-0.0607825435997 0.991589782648 0.00021676276696 0.991890601205 3.0
-0.0600667437787 0.991836986846 0.00021676276696 0.991837483207 3.0
-0.0593509439576 0.991913973124 0.00021676276696 0.991786245626 3.0
-0.0586351441365 0.99195290901 0.00021676276696 0.991736790906 3.0
-0.0579193443155 0.991579279013 0.00021676276696 0.991689029503 3.0
-0.0572035444944 0.992021362521 0.00021676276696 0.991642878979 3.0
-0.0564877446733 0.991146587194 0.00021676276696 0.991598263218 3.0
-0.0557719448522 0.991820150788 0.00021676276696 0.991555111763 3.0
-0.0550561450312 0.991397166081 0.00021676276696 0.991513359232 3.0
-0.0543403452101 0.991778933281 0.00021676276696 0.991472944817 3.0
-0.053624545389 0.991244204863 0.00021676276696 0.991433811845 3.0
-0.0529087455679 0.991305603041 0.00021676276696 0.991395907394 3.0
-0.0521929457469 0.991114866727 0.00021676276696 0.991359181953 3.0
-0.0514771459258 0.991067910206 0.00021676276696 0.991323589125 3.0
-0.0507613461047 0.991212431338 0.00021676276696 0.991289085356 3.0
-0.0500455462836 0.990840632688 0.00021676276696 0.991255629705 3.0
-0.0493297464626 0.991263329882 0.00021676276696 0.991223183629 3.0
-0.0486139466415 0.991188838239 0.00021676276696 0.991191710794 3.0
-0.0478981468204 0.991058907402 0.00021676276696 0.99116117691 3.0
-0.0471823469993 0.991030535382 0.00021676276696 0.991131549569 3.0
-0.0464665471783 0.99147950372 0.00021676276696 0.991102798116 3.0
-0.0457507473572 0.991209825248 0.00021676276696 0.99107489352 3.0
-0.0450349475361 0.990974421663 0.00021676276696 0.991047808258 3.0
-0.044319147715 0.991104904066 0.00021676276696 0.991021516218 3.0
-0.043603347894 0.99112426726 0.00021676276696 0.990995992602 3.0
-0.0428875480729 0.990990256047 0.00021676276696 0.990971213838 3.0
-0.0421717482518 0.990798506798 0.00021676276696 0.990947157507 3.0
-0.0414559484307 0.991013074174 0.00021676276696 0.990923802265 3.0
-0.0407401486097 0.990773357596 0.00021676276696 0.990901127783 3.0
-0.0400243487886 0.99115207074 0.00021676276696 0.990879114683 3.0
-0.0393085489675 0.990595167776 0.00021676276696 0.990857744483 3.0
-0.0385927491464 0.990771390556 0.00021676276696 0.990836999545 3.0
-0.0378769493254 0.991224563094 0.00021676276696 0.990816863029 3.0
-0.0371611495043 0.991004684808 0.00021676276696 0.990797318848 3.0
-0.0364453496832 0.990918185245 0.00021676276696 0.990778351629 3.0
-0.0357295498621 0.990848956257 0.00021676276696 0.990759946671 3.0
-0.0350137500411 0.990232892792 0.00021676276696 0.990742089916 3.0
-0.03429795022 0.990579266428 0.00021676276696 0.990724767912 3.0
-0.0335821503989 0.99071489484 0.00021676276696 0.990707967785 3.0
-0.0328663505779 0.990627775354 0.00021676276696 0.990691677211 3.0
-0.0321505507568 0.990533329101 0.00021676276696 0.990675884388 3.0
-0.0314347509357 0.990724621616 0.00021676276696 0.990660578013 3.0
-0.0307189511146 0.990779507268 0.00021676276696 0.99064574726 3.0
-0.0300031512936 0.990349463101 0.00021676276696 0.990631381755 3.0
-0.0292873514725 0.99043028606 0.00021676276696 0.990617471561 3.0
-0.0285715516514 0.990741517671 0.00021676276696 0.990604007157 3.0
-0.0278557518303 0.990307837286 0.00021676276696 0.990590979419 3.0
-0.0271399520093 0.990326595439 0.00021676276696 0.990578379606 3.0
-0.0264241521882 0.990553227254 0.00021676276696 0.990566199343 3.0
-0.0257083523671 0.990753568753 0.00021676276696 0.99055443061 3.0
-0.024992552546 0.990430778504 0.00021676276696 0.990543065722 3.0
-0.024276752725 0.991031678011 0.00021676276696 0.990532097324 3.0
-0.0235609529039 0.99052374091 0.00021676276696 0.990521518373 3.0
-0.0228451530828 0.990574153489 0.00021676276696 0.99051132213 3.0
-0.0221293532617 0.990464820878 0.00021676276696 0.990501502148 3.0
-0.0214135534407 0.990607664501 0.00021676276696 0.990492052263 3.0
-0.0206977536196 0.990060442537 0.00021676276696 0.990482966586 3.0
-0.0199819537985 0.990457551602 0.00021676276696 0.99047423949 3.0
-0.0192661539774 0.990323318807 0.00021676276696 0.990465865607 3.0
-0.0185503541564 0.990562651155 0.00021676276696 0.990457839816 3.0
-0.0178345543353 0.990783822383 0.00021676276696 0.990450157239 3.0
-0.0171187545142 0.990638662997 0.00021676276696 0.990442813232 3.0
-0.0164029546931 0.990370303552 0.00021676276696 0.990435803379 3.0
-0.0156871548721 0.990586907244 0.00021676276696 0.990429123488 3.0
-0.014971355051 0.990281617061 0.00021676276696 0.990422769581 3.0
-0.0142555552299 0.990520821389 0.00021676276696 0.990416737895 3.0
-0.0135397554088 0.989992944396 0.00021676276696 0.990411024871 3.0
-0.0128239555878 0.990456760838 0.00021676276696 0.990405627152 3.0
-0.0121081557667 0.990396893533 0.00021676276696 0.990400541581 3.0
-0.0113923559456 0.990105368919 0.00021676276696 0.990395765193 3.0
-0.0106765561245 0.99053514077 0.00021676276696 0.990391295212 3.0
-0.00996075630347 0.990551221619 0.00021676276696 0.990387129051 3.0
-0.0092449564824 0.990362411331 0.00021676276696 0.990383264305 3.0
-0.00852915666132 0.990425864484 0.00021676276696 0.990379698749 3.0
-0.00781335684025 0.990441210755 0.00021676276696 0.990376430338 3.0
-0.00709755701917 0.99051514112 0.00021676276696 0.9903734572 3.0
-0.0063817571981 0.990727639603 0.00021676276696 0.990370777639 3.0
-0.00566595737703 0.99019729141 0.00021676276696 0.990368390126 3.0
-0.00495015755595 0.990852834677 0.00021676276696 0.990366293305 3.0
-0.00423435773488 0.989872008437 0.00021676276696 0.990364485987 3.0
-0.0035185579138 0.990276915529 0.00021676276696 0.99036296715 3.0
-0.00280275809273 0.990234441975 0.00021676276696 0.990361735934 3.0
-0.00208695827165 0.99023992769 0.00021676276696 0.990360791645 3.0
-0.00137115845058 0.990057555869 0.00021676276696 0.990360133753 3.0
-0.000655358629505 0.990179213161 0.00021676276696 0.990359761888 3.0
6.04411915691e-05 0.990546832833 0.00021676276696 0.990359675839 3.0
0.000776241012643 0.990434558661 0.00021676276696 0.99035987556 3.0
0.00149204083372 0.990460504245 0.00021676276696 0.990360361162 3.0
0.00220784065479 0.990218147835 0.00021676276696 0.990361132918 3.0
0.00292364047587 0.990171002989 0.00021676276696 0.990362191262 3.0
0.00363944029694 0.990483233236 0.00021676276696 0.990363536791 3.0
0.00435524011802 0.990178500441 0.00021676276696 0.990365170263 3.0
0.00507103993909 0.990415443819 0.00021676276696 0.990367092602 3.0
0.00578683976016 0.990365013228 0.00021676276696 0.990369304897 3.0
0.00650263958124 0.990038002421 0.00021676276696 0.990371808404 3.0
0.00721843940231 0.990465181888 0.00021676276696 0.990374604546 3.0
0.00793423922339 0.990697856088 0.00021676276696 0.99037769492 3.0
0.00865003904446 0.990663598559 0.00021676276696 0.990381081289 3.0
0.00936583886554 0.990756684881 0.00021676276696 0.990384765596 3.0
0.0100816386866 0.99010377114 0.00021676276696 0.990388749957 3.0
0.0107974385077 0.990148646488 0.00021676276696 0.990393036668 3.0
0.0115132383288 0.990502018698 0.00021676276696 0.990397628206 3.0
0.0122290381498 0.990514878055 0.00021676276696 0.990402527232 3.0
0.0129448379709 0.99021013558 0.00021676276696 0.990407736598 3.0
0.013660637792 0.990455433985 0.00021676276696 0.990413259343 3.0
0.0143764376131 0.990763223882 0.00021676276696 0.990419098706 3.0
0.0150922374341 0.99066554509 0.00021676276696 0.990425258121 3.0
0.0158080372552 0.990314781295 0.00021676276696 0.990431741229 3.0
0.0165238370763 0.990578785612 0.00021676276696 0.990438551878 3.0
0.0172396368974 0.990435676933 0.00021676276696 0.99044569413 3.0
0.0179554367184 0.990904886717 0.00021676276696 0.990453172266 3.0
0.0186712365395 0.990025537252 0.00021676276696 0.990460990791 3.0
0.0193870363606 0.990233492152 0.00021676276696 0.990469154442 3.0
0.0201028361817 0.990428217432 0.00021676276696 0.990477668192 3.0
0.0208186360027 0.99052231539 0.00021676276696 0.990486537261 3.0
0.0215344358238 0.990333572151 0.00021676276696 0.990495767117 3.0
0.0222502356449 0.990451137614 0.00021676276696 0.990505363492 3.0
0.0229660354659 0.99054145452 0.00021676276696 0.990515332382 3.0
0.023681835287 0.990004093717 0.00021676276696 0.990525680064 3.0
0.0243976351081 0.990146348621 0.00021676276696 0.990536413098 3.0
0.0251134349292 0.990312540095 0.00021676276696 0.990547538344 3.0
0.0258292347502 0.990464992695 0.00021676276696 0.990559062967 3.0
0.0265450345713 0.990467471787 0.00021676276696 0.990570994452 3.0
0.0272608343924 0.99041323187 0.00021676276696 0.990583340615 3.0
0.0279766342135 0.990444157741 0.00021676276696 0.990596109617 3.0
0.0286924340345 0.990627903688 0.00021676276696 0.990609309976 3.0
0.0294082338556 0.991026623039 0.00021676276696 0.990622950584 3.0
0.0301240336767 0.990800662972 0.00021676276696 0.990637040719 3.0
0.0308398334978 0.991259049915 0.00021676276696 0.990651590068 3.0
0.0315556333188 0.990726809581 0.00021676276696 0.990666608738 3.0
0.0322714331399 0.990803375408 0.00021676276696 0.99068210728 3.0
0.032987232961 0.99090930308 0.00021676276696 0.990698096708 3.0
0.0337030327821 0.9912460191 0.00021676276696 0.990714588521 3.0
0.0344188326031 0.990591095891 0.00021676276696 0.990731594724 3.0
0.0351346324242 0.991050884636 0.00021676276696 0.990749127858 3.0
0.0358504322453 0.990544375238 0.00021676276696 0.990767201022 3.0
0.0365662320664 0.990672030584 0.00021676276696 0.990785827907 3.0
0.0372820318874 0.990971514154 0.00021676276696 0.990805022823 3.0
0.0379978317085 0.990799122327 0.00021676276696 0.990824800731 3.0
0.0387136315296 0.991120456027 0.00021676276696 0.990845177286 3.0
0.0394294313507 0.990926991888 0.00021676276696 0.990866168869 3.0
0.0401452311717 0.99083340467 0.00021676276696 0.990887792631 3.0
0.0408610309928 0.991093595289 0.00021676276696 0.990910066541 3.0
0.0415768308139 0.991275213079 0.00021676276696 0.99093300943 3.0
0.042292630635 0.990734157716 0.00021676276696 0.990956641048 3.0
0.043008430456 0.991319001489 0.00021676276696 0.99098098212 3.0
0.0437242302771 0.990804408706 0.00021676276696 0.99100605441 3.0
0.0444400300982 0.990719251591 0.00021676276696 0.991031880785 3.0
0.0451558299193 0.991110693291 0.00021676276696 0.991058485296 3.0
0.0458716297403 0.990894124039 0.00021676276696 0.991085893254 3.0
0.0465874295614 0.990789463056 0.00021676276696 0.991114131319 3.0
0.0473032293825 0.99122601478 0.00021676276696 0.991143227601 3.0
0.0480190292035 0.991169621497 0.00021676276696 0.991173211764 3.0
0.0487348290246 0.991299330504 0.00021676276696 0.991204115143 3.0
0.0494506288457 0.991312631753 0.00021676276696 0.991235970877 3.0
0.0501664286668 0.991844218359 0.00021676276696 0.991268814052 3.0
0.0508822284878 0.991222784001 0.00021676276696 0.991302681859 3.0
0.0515980283089 0.991197374019 0.00021676276696 0.991337613769 3.0
0.05231382813 0.991731336366 0.00021676276696 0.991373651737 3.0
0.0530296279511 0.991707879349 0.00021676276696 0.991410840418 3.0
0.0537454277721 0.991207746912 0.00021676276696 0.991449227414 3.0
0.0544612275932 0.99166335816 0.00021676276696 0.991488863555 3.0
0.0551770274143 0.991356148873 0.00021676276696 0.991529803211 3.0
0.0558928272354 0.991593355514 0.00021676276696 0.991572104652 3.0
0.0566086270564 0.991366125834 0.00021676276696 0.991615830449 3.0
0.0573244268775 0.991392998051 0.00021676276696 0.991661047939 3.0
0.0580402266986 0.991345963753 0.00021676276696 0.991707829755 3.0
0.0587560265197 0.991630858778 0.00021676276696 0.991756254443 3.0
0.0594718263407 0.992031334677 0.00021676276696 0.991806407166 3.0
0.0601876261618 0.99153357959 0.00021676276696 0.991858380538 3.0
0.0609034259829 0.991701125393 0.00021676276696 0.991912275593 3.0
0.061619225804 0.992092022221 0.00021676276696 0.991968202933 3.0
0.062335025625 0.991989741843 0.00021676276696 0.992026284093 3.0
0.0630508254461 0.992119749674 0.00021676276696 0.992086653178 3.0
0.0637666252672 0.991929939651 0.00021676276696 0.992149458844 3.0
0.0644824250883 0.992102063414 0.00021676276696 0.992214866716 3.0
0.0651982249093 0.991653084536 0.00021676276696 0.992283062376 3.0
0.0659140247304 0.992706101126 0.00021676276696 0.992354255094 3.0
0.0666298245515 0.992341031251 0.00021676276696 0.992428682568 3.0
0.0673456243726 0.992512274458 0.00021676276696 0.992506617014 3.0
0.0680614241936 0.992354526126 0.00021676276696 0.992588373176 3.0
0.0687772240147 0.992464980645 0.00021676276696 0.992674319076 3.0
0.0694930238358 0.993104586595 0.00021676276696 0.99276489084 3.0
0.0702088236569 0.992946603933 0.00021676276696 0.992860613887 3.0
0.0709246234779 0.992848411195 0.00021676276696 0.992962134544 3.0
0.071640423299 0.993352135157 0.00021676276696 0.993070270038 3.0
0.0723562231201 0.993146052321 0.00021676276696 0.993186094053 3.0
0.0730720229412 0.993261707686 0.00021676276696 0.993311100515 3.0
0.0737878227622 0.993329508523 0.00021676276696 0.993447576826 3.0
0.0745036225833 0.993301568363 0.00021676276696 0.993599813037 3.0
0.0752194224044 0.994127534482 0.00021676276696 0.993817423902 2.0
0.0759352222254 0.994147214127 0.00021676276696 0.994113448257 2.0
0.0766510220465 0.994400339264 0.00021676276696 0.994449438362 2.0
0.0773668218676 0.994839528767 0.00021676276696 0.994811679834 2.0
0.0780826216887 0.995380835308 0.00021676276696 0.995191503216 2.0
0.0787984215097 0.995231061127 0.00021676276696 0.995582448669 2.0
0.0795142213308 0.995877822131 0.00021676276696 0.995979277523 2.0
0.0802300211519 0.996803759046 0.00021676276696 0.99637750999 2.0
0.080945820973 0.996829634649 0.00021676276696 0.996773169766 2.0
0.081661620794 0.997191611301 0.00021676276696 0.997162624844 2.0
0.0823774206151 0.997348213347 0.00021676276696 0.997542477392 2.0
0.0830932204362 0.997771153438 0.00021676276696 0.997909479243 2.0
0.0838090202573 0.998313980142 0.00021676276696 0.998260459212 2.0
0.0845248200783 0.9983299641 0.00021676276696 0.998592252158 2.0
0.0852406198994 0.999029122342 0.00021676276696 0.998901619568 2.0
0.0859564197205 0.999076467274 0.00021676276696 0.999185147378 2.0
0.0866722195416 0.999561200832 0.00021676276696 0.999439094958 2.0
0.0873880193626 0.999782027078 0.00021676276696 0.999659136961 2.0
0.0881038191837 0.9999690081 0.00021676276696 0.999839836951 2.0
0.0888196190048 1.00034383838 0.00021676276696 0.999973240688 2.0
0.0895354188259 0.99993560218 0.00021676276696 1.00004104701 2.0
0.0902512186469 0.999664848418 0.00021676276696 1.00004110924 0.0
0.090967018468 1.00026696872 0.00021676276696 1.00004110924 0.0
0.0916828182891 1.00008226935 0.00021676276696 1.00004110924 0.0
0.0923986181102 1.00051055767 0.00021676276696 1.00004110924 0.0
0.0931144179312 0.999740417428 0.00021676276696 1.00004110924 0.0
0.0938302177523 0.999747461781 0.00021676276696 1.00004110924 0.0
0.0945460175734 1.00038899754 0.00021676276696 1.00004110924 0.0
0.0952618173945 1.00003519311 0.00021676276696 1.00004110924 0.0
0.0959776172155 1.00012177726 0.00021676276696 1.00004110924 0.0
0.0966934170366 1.00016007108 0.00021676276696 1.00004110924 0.0
0.0974092168577 1.00009654231 0.00021676276696 1.00004110924 0.0
0.0981250166788 0.999931140223 0.00021676276696 1.00004110924 0.0
0.0988408164998 1.00005384578 0.00021676276696 1.00004110924 0.0
0.0995566163209 0.999923559435 0.00021676276696 1.00004110924 0.0
0.100272416142 0.999986395817 0.00021676276696 1.00004110924 0.0
0.100988215963 0.999976028599 0.00021676276696 1.00004110924 0.0
0.101704015784 0.999618676229 0.00021676276696 1.00004110924 0.0
0.102419815605 1.0001024635 0.00021676276696 1.00004110924 0.0
0.103135615426 1.00015503355 0.00021676276696 1.00004110924 0.0
0.103851415247 0.999982131105 0.00021676276696 1.00004110924 0.0
0.104567215068 0.999814732881 0.00021676276696 1.00004110924 0.0
0.105283014889 1.00034143984 0.00021676276696 1.00004110924 0.0
0.105998814711 1.0000277859 0.00021676276696 1.00004110924 0.0
0.106714614532 0.999568854777 0.00021676276696 1.00004110924 0.0
