-0.0717031469083 0.999855789749 0.00012677217025 0.999991616468 0.0
-0.071224526966 0.999978055449 0.00012677217025 0.999991616468 0.0
-0.0707459070238 0.999937422848 0.00012677217025 0.999991616468 0.0
-0.0702672870815 1.00009368667 0.00012677217025 0.999991616468 0.0
-0.0697886671392 1.00025423098 0.00012677217025 0.999991616468 0.0
-0.0693100471969 1.00001275207 0.00012677217025 0.999991616468 0.0
-0.0688314272546 0.999919448177 0.00012677217025 0.999991616468 0.0
-0.0683528073124 1.00006659628 0.00012677217025 0.999991616468 0.0
-0.0678741873701 0.999838151619 0.00012677217025 0.999991616468 0.0
-0.0673955674278 0.999998231655 0.00012677217025 0.999991616468 0.0
-0.0669169474855 1.00013208486 0.00012677217025 0.999991616468 0.0
-0.0664383275432 0.99998353108 0.00012677217025 0.999991616468 0.0
-0.065959707601 0.99993188037 0.00012677217025 0.999991616468 0.0
-0.0654810876587 0.999912458313 0.00012677217025 0.999991616468 0.0
-0.0650024677164 0.999921802553 0.00012677217025 0.999991616468 0.0
-0.0645238477741 0.999957016368 0.00012677217025 0.999991616468 0.0
-0.0640452278319 1.00014714795 0.00012677217025 0.999991616468 0.0
-0.0635666078896 0.999893270831 0.00012677217025 0.999991616468 0.0
-0.0630879879473 0.999890617704 0.00012677217025 0.999991616468 0.0
-0.062609368005 0.999877291991 0.00012677217025 0.999991616468 0.0
-0.0621307480627 0.999943116513 0.00012677217025 0.999991616468 0.0
-0.0616521281205 0.999884133134 0.00012677217025 0.999991616468 0.0
-0.0611735081782 0.999957420788 0.00012677217025 0.999991616468 0.0
-0.0606948882359 0.999757230274 0.00012677217025 0.999991616468 0.0
-0.0602162682936 1.00012919568 0.00012677217025 0.999991616468 0.0
-0.0597376483513 1.000018949 0.00012677217025 0.999991616468 0.0
-0.0592590284091 0.999920078088 0.00012677217025 0.999965835164 1.0
-0.0587804084668 0.999924813321 0.00012677217025 0.999904567306 1.0
-0.0583017885245 1.00004617533 0.00012677217025 0.999823669015 1.0
-0.0578231685822 0.999803143993 0.00012677217025 0.999729465615 1.0
-0.05734454864 0.999671678808 0.00012677217025 0.999626670005 1.0
-0.0568659286977 0.999352697349 0.00012677217025 0.999519597574 1.0
-0.0563873087554 0.999419155541 0.00012677217025 0.999412748042 1.0
-0.0559086888131 0.999286803311 0.00012677217025 0.999311411839 1.0
-0.0554300688708 0.999123581213 0.00012677217025 0.999223094694 1.0
-0.0549514489286 0.999019991986 0.00012677217025 0.99916710719 3.0
-0.0544728289863 0.999091318626 0.00012677217025 0.999140145035 3.0
-0.053994209044 0.999013227742 0.00012677217025 0.999116476352 3.0
-0.0535155891017 0.998882915765 0.00012677217025 0.999094971324 3.0
-0.0530369691594 0.999048578049 0.00012677217025 0.999075110185 3.0
-0.0525583492172 0.999109894619 0.00012677217025 0.999056571021 3.0
-0.0520797292749 0.999192308526 0.00012677217025 0.999039131119 3.0
-0.0516011093326 0.998798915681 0.00012677217025 0.999022627757 3.0
-0.0511224893903 0.998963186414 0.00012677217025 0.999006937503 3.0
-0.0506438694481 0.998887151094 0.00012677217025 0.998991963901 3.0
-0.0501652495058 0.9990901217 0.00012677217025 0.998977629693 3.0
-0.0496866295635 0.999203334252 0.00012677217025 0.998963871722 3.0
-0.0492080096212 0.999206036362 0.00012677217025 0.998950637454 3.0
-0.0487293896789 0.998890857397 0.00012677217025 0.998937882568 3.0
-0.0482507697367 0.999041441194 0.00012677217025 0.9989255692 3.0
-0.0477721497944 0.999068011022 0.00012677217025 0.998913664671 3.0
-0.0472935298521 0.998818214046 0.00012677217025 0.998902140518 3.0
-0.0468149099098 0.998852692782 0.00012677217025 0.998890971751 3.0
-0.0463362899675 0.998855899101 0.00012677217025 0.998880136281 3.0
-0.0458576700253 0.998927801271 0.00012677217025 0.998869614458 3.0
-0.045379050083 0.998896832807 0.00012677217025 0.998859388708 3.0
-0.0449004301407 0.998794801415 0.00012677217025 0.998849443233 3.0
-0.0444218101984 0.998902825032 0.00012677217025 0.998839763768 3.0
-0.0439431902562 0.998807586114 0.00012677217025 0.998830337376 3.0
-0.0434645703139 0.999225299947 0.00012677217025 0.998821152286 3.0
-0.0429859503716 0.998818197114 0.00012677217025 0.998812197743 3.0
-0.0425073304293 0.99891249947 0.00012677217025 0.998803463895 3.0
-0.042028710487 0.998762082865 0.00012677217025 0.998794941684 3.0
-0.0415500905448 0.998758105072 0.00012677217025 0.998786622766 3.0
-0.0410714706025 0.998784229161 0.00012677217025 0.998778499428 3.0
-0.0405928506602 0.998616733817 0.00012677217025 0.998770564526 3.0
-0.0401142307179 0.998899447296 0.00012677217025 0.99876281143 3.0
-0.0396356107756 0.998766624471 0.00012677217025 0.99875523397 3.0
-0.0391569908334 0.998626959603 0.00012677217025 0.998747826395 3.0
-0.0386783708911 0.998731902831 0.00012677217025 0.998740583334 3.0
-0.0381997509488 0.998628581229 0.00012677217025 0.998733499763 3.0
-0.0377211310065 0.998689719491 0.00012677217025 0.998726570971 3.0
-0.0372425110643 0.998821931034 0.00012677217025 0.998719792539 3.0
-0.036763891122 0.99874351084 0.00012677217025 0.998713160312 3.0
-0.0362852711797 0.998481052136 0.00012677217025 0.99870667038 3.0
-0.0358066512374 0.998530867502 0.00012677217025 0.998700319054 3.0
-0.0353280312951 0.998812714762 0.00012677217025 0.998694102857 3.0
-0.0348494113529 0.998668727892 0.00012677217025 0.9986880185 3.0
-0.0343707914106 0.998740269166 0.00012677217025 0.998682062873 3.0
-0.0338921714683 0.998594548638 0.00012677217025 0.998676233032 3.0
-0.033413551526 0.998461042658 0.00012677217025 0.998670526185 3.0
-0.0329349315837 0.998763535951 0.00012677217025 0.998664939683 3.0
-0.0324563116415 0.998721322831 0.00012677217025 0.99865947101 3.0
-0.0319776916992 0.998670664616 0.00012677217025 0.998654117775 3.0
-0.0314990717569 0.998640297265 0.00012677217025 0.998648877703 3.0
-0.0310204518146 0.998725613671 0.00012677217025 0.998643748627 3.0
-0.0305418318724 0.998534347776 0.00012677217025 0.998638728485 3.0
-0.0300632119301 0.998684747342 0.00012677217025 0.998633815308 3.0
-0.0295845919878 0.998575549716 0.00012677217025 0.998629007219 3.0
-0.0291059720455 0.998460145731 0.00012677217025 0.998624302426 3.0
-0.0286273521032 0.998603237716 0.00012677217025 0.998619699217 3.0
-0.028148732161 0.998427854676 0.00012677217025 0.998615195956 3.0
-0.0276701122187 0.998580229914 0.00012677217025 0.998610791078 3.0
-0.0271914922764 0.998430556306 0.00012677217025 0.998606483086 3.0
-0.0267128723341 0.99866740018 0.00012677217025 0.998602270547 3.0
-0.0262342523918 0.99864592177 0.00012677217025 0.998598152089 3.0
-0.0257556324496 0.998723584711 0.00012677217025 0.998594126397 3.0
-0.0252770125073 0.998957380671 0.00012677217025 0.998590192212 3.0
-0.024798392565 0.99842171051 0.00012677217025 0.998586348327 3.0
-0.0243197726227 0.998503345574 0.00012677217025 0.998582593582 3.0
-0.0238411526805 0.998883639856 0.00012677217025 0.998578926869 3.0
-0.0233625327382 0.998619116358 0.00012677217025 0.998575347119 3.0
-0.0228839127959 0.998323790412 0.00012677217025 0.998571853312 3.0
-0.0224052928536 0.998586542359 0.00012677217025 0.998568444466 3.0
-0.0219266729113 0.998552750399 0.00012677217025 0.998565119637 3.0
-0.0214480529691 0.99885569297 0.00012677217025 0.998561877922 3.0
-0.0209694330268 0.998391581156 0.00012677217025 0.998558718452 3.0
-0.0204908130845 0.998554602815 0.00012677217025 0.998555640392 3.0
-0.0200121931422 0.998783412948 0.00012677217025 0.998552642942 3.0
-0.0195335731999 0.998586297422 0.00012677217025 0.998549725332 3.0
-0.0190549532577 0.998455589232 0.00012677217025 0.998546886824 3.0
-0.0185763333154 0.998680241462 0.00012677217025 0.998544126708 3.0
-0.0180977133731 0.99831224147 0.00012677217025 0.998541444304 3.0
-0.0176190934308 0.998493037875 0.00012677217025 0.998538838958 3.0
-0.0171404734886 0.998366562864 0.00012677217025 0.998536310043 3.0
-0.0166618535463 0.998649932051 0.00012677217025 0.998533856957 3.0
-0.016183233604 0.998540379907 0.00012677217025 0.998531479123 3.0
-0.0157046136617 0.998556279357 0.00012677217025 0.998529175987 3.0
-0.0152259937194 0.998469164862 0.00012677217025 0.998526947019 3.0
-0.0147473737772 0.99841281748 0.00012677217025 0.998524791711 3.0
-0.0142687538349 0.99854227165 0.00012677217025 0.998522709576 3.0
-0.0137901338926 0.998520555472 0.00012677217025 0.998520700147 3.0
-0.0133115139503 0.998854159054 0.00012677217025 0.998518762981 3.0
-0.012832894008 0.998493350307 0.00012677217025 0.99851689765 3.0
-0.0123542740658 0.998643415117 0.00012677217025 0.998515103749 3.0
-0.0118756541235 0.998526493681 0.00012677217025 0.99851338089 3.0
-0.0113970341812 0.998434461084 0.00012677217025 0.998511728704 3.0
-0.0109184142389 0.998514705108 0.00012677217025 0.998510146837 3.0
-0.0104397942967 0.998495895382 0.00012677217025 0.998508634957 3.0
-0.00996117435437 0.998614884477 0.00012677217025 0.998507192746 3.0
-0.0094825544121 0.998594492879 0.00012677217025 0.998505819902 3.0
-0.00900393446982 0.998538278924 0.00012677217025 0.998504516141 3.0
-0.00852531452754 0.998644964275 0.00012677217025 0.998503281195 3.0
-0.00804669458526 0.99843043563 0.00012677217025 0.99850211481 3.0
-0.00756807464298 0.998353360851 0.00012677217025 0.998501016748 3.0
-0.0070894547007 0.998597740854 0.00012677217025 0.998499986786 3.0
-0.00661083475842 0.998701601342 0.00012677217025 0.998499024717 3.0
-0.00613221481615 0.998625023381 0.00012677217025 0.998498130346 3.0
-0.00565359487387 0.998554875223 0.00012677217025 0.998497303495 3.0
-0.00517497493159 0.998503590864 0.00012677217025 0.998496543998 3.0
-0.00469635498931 0.998500596109 0.00012677217025 0.998495851705 3.0
-0.00421773504703 0.998445556793 0.00012677217025 0.998495226479 3.0
-0.00373911510475 0.998294569834 0.00012677217025 0.998494668194 3.0
-0.00326049516247 0.998221898397 0.00012677217025 0.998494176743 3.0
-0.0027818752202 0.998652621637 0.00012677217025 0.998493752027 3.0
-0.00230325527792 0.998378501909 0.00012677217025 0.998493393963 3.0
-0.00182463533564 0.998685199196 0.00012677217025 0.998493102481 3.0
-0.00134601539336 0.998593519026 0.00012677217025 0.998492877524 3.0
-0.000867395451081 0.998375285399 0.00012677217025 0.998492719049 3.0
-0.000388775508802 0.998262611371 0.00012677217025 0.998492627023 3.0
8.98444334763e-05 0.998446746405 0.00012677217025 0.99849260143 3.0
0.000568464375755 0.998552863509 0.00012677217025 0.998492642264 3.0
0.00104708431803 0.99834044831 0.00012677217025 0.998492749532 3.0
0.00152570426031 0.998404644329 0.00012677217025 0.998492923257 3.0
0.00200432420259 0.998549050982 0.00012677217025 0.998493163472 3.0
0.00248294414487 0.998475233595 0.00012677217025 0.998493470223 3.0
0.00296156408715 0.998528947823 0.00012677217025 0.998493843572 3.0
0.00344018402943 0.998469379917 0.00012677217025 0.998494283591 3.0
0.00391880397171 0.99883618956 0.00012677217025 0.998494790367 3.0
0.00439742391398 0.998496720317 0.00012677217025 0.998495363999 3.0
0.00487604385626 0.998569617235 0.00012677217025 0.998496004601 3.0
0.00535466379854 0.998346254949 0.00012677217025 0.9984967123 3.0
0.00583328374082 0.99847194306 0.00012677217025 0.998497487235 3.0
0.0063119036831 0.998487618542 0.00012677217025 0.998498329562 3.0
0.00679052362538 0.998531312296 0.00012677217025 0.998499239448 3.0
0.00726914356766 0.998433692591 0.00012677217025 0.998500217076 3.0
0.00774776350993 0.998373512724 0.00012677217025 0.998501262642 3.0
0.00822638345221 0.998544458748 0.00012677217025 0.998502376359 3.0
0.00870500339449 0.998596184227 0.00012677217025 0.998503558452 3.0
0.00918362333677 0.998405804222 0.00012677217025 0.998504809163 3.0
0.00966224327905 0.99835327315 0.00012677217025 0.998506128749 3.0
0.0101408632213 0.998508221083 0.00012677217025 0.998507517482 3.0
0.0106194831636 0.998533012511 0.00012677217025 0.99850897565 3.0
0.0110981031059 0.998544358925 0.00012677217025 0.998510503558 3.0
0.0115767230482 0.998728965486 0.00012677217025 0.998512101527 3.0
0.0120553429904 0.998757348497 0.00012677217025 0.998513769896 3.0
0.0125339629327 0.998424692314 0.00012677217025 0.99851550902 3.0
0.013012582875 0.998495355543 0.00012677217025 0.998517319274 3.0
0.0134912028173 0.998628759413 0.00012677217025 0.998519201049 3.0
0.0139698227596 0.998465391545 0.00012677217025 0.998521154756 3.0
0.0144484427018 0.99819501913 0.00012677217025 0.998523180825 3.0
0.0149270626441 0.998458048888 0.00012677217025 0.998525279706 3.0
0.0154056825864 0.998399371413 0.00012677217025 0.998527451869 3.0
0.0158843025287 0.998544999693 0.00012677217025 0.998529697808 3.0
0.0163629224709 0.998425948902 0.00012677217025 0.998532018033 3.0
0.0168415424132 0.998716138666 0.00012677217025 0.998534413082 3.0
0.0173201623555 0.998446464039 0.00012677217025 0.998536883513 3.0
0.0177987822978 0.998524260041 0.00012677217025 0.998539429909 3.0
0.0182774022401 0.998710203919 0.00012677217025 0.998542052878 3.0
0.0187560221823 0.998530423525 0.00012677217025 0.998544753052 3.0
0.0192346421246 0.998641498788 0.00012677217025 0.998547531092 3.0
0.0197132620669 0.998394382171 0.00012677217025 0.998550387684 3.0
0.0201918820092 0.998653761264 0.00012677217025 0.998553323545 3.0
0.0206705019515 0.998615401192 0.00012677217025 0.99855633942 3.0
0.0211491218937 0.998451650508 0.00012677217025 0.998559436085 3.0
0.021627741836 0.998990537174 0.00012677217025 0.99856261435 3.0
0.0221063617783 0.99842389622 0.00012677217025 0.998565875055 3.0
0.0225849817206 0.99879616907 0.00012677217025 0.998569219078 3.0
0.0230636016628 0.998672369637 0.00012677217025 0.998572647332 3.0
0.0235422216051 0.998644661613 0.00012677217025 0.998576160768 3.0
0.0240208415474 0.998498301517 0.00012677217025 0.998579760377 3.0
0.0244994614897 0.998360858665 0.00012677217025 0.998583447191 3.0
0.024978081432 0.998545830417 0.00012677217025 0.998587222287 3.0
0.0254567013742 0.998623395702 0.00012677217025 0.998591086785 3.0
0.0259353213165 0.998502559347 0.00012677217025 0.998595041855 3.0
0.0264139412588 0.998648009079 0.00012677217025 0.998599088716 3.0
0.0268925612011 0.998672126585 0.00012677217025 0.99860322864 3.0
0.0273711811434 0.998545738176 0.00012677217025 0.998607462955 3.0
0.0278498010856 0.99849812192 0.00012677217025 0.998611793046 3.0
0.0283284210279 0.99862353882 0.00012677217025 0.998616220361 3.0
0.0288070409702 0.998533591895 0.00012677217025 0.998620746412 3.0
0.0292856609125 0.998722942266 0.00012677217025 0.998625372779 3.0
0.0297642808547 0.998391783463 0.00012677217025 0.998630101117 3.0
0.030242900797 0.998524847244 0.00012677217025 0.998634933154 3.0
0.0307215207393 0.998751860909 0.00012677217025 0.998639870702 3.0
0.0312001406816 0.998674224613 0.00012677217025 0.998644915659 3.0
0.0316787606239 0.99870939745 0.00012677217025 0.998650070014 3.0
0.0321573805661 0.998667719056 0.00012677217025 0.998655335854 3.0
0.0326360005084 0.998687634448 0.00012677217025 0.998660715368 3.0
0.0331146204507 0.998533839293 0.00012677217025 0.998666210858 3.0
0.033593240393 0.998768707959 0.00012677217025 0.998671824743 3.0
0.0340718603353 0.998607649001 0.00012677217025 0.998677559569 3.0
0.0345504802775 0.998711436587 0.00012677217025 0.998683418015 3.0
0.0350291002198 0.998450280266 0.00012677217025 0.99868940291 3.0
0.0355077201621 0.998667059753 0.00012677217025 0.998695517233 3.0
0.0359863401044 0.99873130826 0.00012677217025 0.998701764135 3.0
0.0364649600467 0.998902693738 0.00012677217025 0.998708146945 3.0
0.0369435799889 0.998662297793 0.00012677217025 0.99871466919 3.0
0.0374221999312 0.998567552574 0.00012677217025 0.998721334606 3.0
0.0379008198735 0.998601761483 0.00012677217025 0.998728147157 3.0
0.0383794398158 0.998713482013 0.00012677217025 0.998735111058 3.0
0.038858059758 0.998751088268 0.00012677217025 0.998742230793 3.0
0.0393366797003 0.998724489143 0.00012677217025 0.998749511142 3.0
0.0398152996426 0.998767466886 0.00012677217025 0.998756957204 3.0
0.0402939195849 0.998555834129 0.00012677217025 0.998764574437 3.0
0.0407725395272 0.998792942565 0.00012677217025 0.998772368682 3.0
0.0412511594694 0.998568926365 0.00012677217025 0.998780346211 3.0
0.0417297794117 0.998790994286 0.00012677217025 0.99878851377 3.0
0.042208399354 0.998625622564 0.00012677217025 0.998796878625 3.0
0.0426870192963 0.99904870437 0.00012677217025 0.998805448628 3.0
0.0431656392386 0.998634955512 0.00012677217025 0.998814232281 3.0
0.0436442591808 0.99879302125 0.00012677217025 0.998823238815 3.0
0.0441228791231 0.998851937173 0.00012677217025 0.99883247828 3.0
0.0446014990654 0.998793946167 0.00012677217025 0.998841961653 3.0
0.0450801190077 0.998865785673 0.00012677217025 0.998851700959 3.0
0.0455587389499 0.998926568593 0.00012677217025 0.998861709422 3.0
0.0460373588922 0.999126650316 0.00012677217025 0.998872001642 3.0
0.0465159788345 0.99885821094 0.00012677217025 0.9988825938 3.0
0.0469945987768 0.998946837729 0.00012677217025 0.998893503917 3.0
0.0474732187191 0.999069058359 0.00012677217025 0.998904752169 3.0
0.0479518386613 0.999041107864 0.00012677217025 0.998916361265 3.0
0.0484304586036 0.998909411951 0.00012677217025 0.998928356936 3.0
0.0489090785459 0.998900697065 0.00012677217025 0.99894076854 3.0
0.0493876984882 0.99904444064 0.00012677217025 0.99895362985 3.0
0.0498663184305 0.998983639698 0.00012677217025 0.998966980085 3.0
0.0503449383727 0.99874584916 0.00012677217025 0.998980865275 3.0
0.050823558315 0.999232920635 0.00012677217025 0.998995340147 3.0
0.0513021782573 0.999003691809 0.00012677217025 0.999010470739 3.0
0.0517807981996 0.999166527057 0.00012677217025 0.999026338185 3.0
0.0522594181418 0.999039717475 0.00012677217025 0.999043044318 3.0
0.0527380380841 0.998895655144 0.00012677217025 0.999060720275 3.0
0.0532166580264 0.998761156199 0.00012677217025 0.999079540282 3.0
0.0536952779687 0.999078097087 0.00012677217025 0.999099745282 3.0
0.054173897911 0.999302037843 0.00012677217025 0.999121689772 3.0
0.0546525178532 0.999387810674 0.00012677217025 0.999145972164 3.0
0.0551311377955 0.99916305481 0.00012677217025 0.9991741681 2.0
0.0556097577378 0.99913428247 0.00012677217025 0.999241631626 2.0
0.0560883776801 0.999519609978 0.00012677217025 0.999333841589 2.0
0.0565669976224 0.999585647269 0.00012677217025 0.999436986304 2.0
0.0570456175646 0.999572143717 0.00012677217025 0.999544313338 2.0
0.0575242375069 0.999502214756 0.00012677217025 0.999650787565 2.0
0.0580028574492 0.999699351089 0.00012677217025 0.999751996918 2.0
0.0584814773915 0.999817463583 0.00012677217025 0.999843594488 2.0
0.0589600973337 0.999909709548 0.00012677217025 0.999920653243 2.0
0.059438717276 0.999799121771 0.00012677217025 0.999976054767 2.0
0.0599173372183 0.999804144203 0.00012677217025 0.999991616468 0.0
0.0603959571606 0.999944999937 0.00012677217025 0.999991616468 0.0
0.0608745771029 1.00001196297 0.00012677217025 0.999991616468 0.0
0.0613531970451 1.00014104113 0.00012677217025 0.999991616468 0.0
0.0618318169874 1.00000148794 0.00012677217025 0.999991616468 0.0
0.0623104369297 1.00004005298 0.00012677217025 0.999991616468 0.0
0.062789056872 0.999894611951 0.00012677217025 0.999991616468 0.0
0.0632676768143 1.00012994302 0.00012677217025 0.999991616468 0.0
0.0637462967565 1.00024079259 0.00012677217025 0.999991616468 0.0
0.0642249166988 1.00007666655 0.00012677217025 0.999991616468 0.0
0.0647035366411 1.00009107862 0.00012677217025 0.999991616468 0.0
0.0651821565834 0.999912553195 0.00012677217025 0.999991616468 0.0
0.0656607765256 1.00008148636 0.00012677217025 0.999991616468 0.0
0.0661393964679 1.00019569889 0.00012677217025 0.999991616468 0.0
0.0666180164102 0.999935596078 0.00012677217025 0.999991616468 0.0
0.0670966363525 0.999889364758 0.00012677217025 0.999991616468 0.0
0.0675752562948 0.999892590331 0.00012677217025 0.999991616468 0.0
0.068053876237 0.999953650524 0.00012677217025 0.999991616468 0.0
0.0685324961793 1.00007150866 0.00012677217025 0.999991616468 0.0
0.0690111161216 1.00009231371 0.00012677217025 0.999991616468 0.0
0.0694897360639 1.00002416727 0.00012677217025 0.999991616468 0.0
0.0699683560062 1.00024666382 0.00012677217025 0.999991616468 0.0
0.0704469759484 1.00002602837 0.00012677217025 0.999991616468 0.0
0.0709255958907 1.0000097505 0.00012677217025 0.999991616468 0.0
0.071404215833 0.999670953267 0.00012677217025 0.999991616468 0.0
