-0.135989005808 0.999738965561 0.000218035209255 0.99995341595 0.0
-0.135076350298 0.999858201646 0.000218035209255 0.99995341595 0.0
-0.134163694788 0.999753639684 0.000218035209255 0.99995341595 0.0
-0.133251039278 0.999757867122 0.000218035209255 0.99995341595 0.0
-0.132338383768 0.999689349977 0.000218035209255 0.99995341595 0.0
-0.131425728258 1.00016857703 0.000218035209255 0.99995341595 0.0
-0.130513072748 0.9994675794 0.000218035209255 0.99995341595 0.0
-0.129600417238 1.000100093 0.000218035209255 0.99995341595 0.0
-0.128687761728 1.00038751487 0.000218035209255 0.99995341595 0.0
-0.127775106218 1.00000913146 0.000218035209255 0.99995341595 0.0
-0.126862450708 1.00038500136 0.000218035209255 0.99995341595 0.0
-0.125949795198 1.00005886487 0.000218035209255 0.99995341595 0.0
-0.125037139688 1.00037295577 0.000218035209255 0.99995341595 0.0
-0.124124484178 1.00000741573 0.000218035209255 0.99995341595 0.0
-0.123211828668 1.00005158658 0.000218035209255 0.99995341595 0.0
-0.122299173158 0.999985442118 0.000218035209255 0.99995341595 0.0
-0.121386517648 0.999814588036 0.000218035209255 0.99995341595 0.0
-0.120473862138 0.999866072936 0.000218035209255 0.99995341595 0.0
-0.119561206628 0.999901432421 0.000218035209255 0.99995341595 0.0
-0.118648551118 1.00015472387 0.000218035209255 0.99995341595 0.0
-0.117735895609 0.999963592844 0.000218035209255 0.99995341595 0.0
-0.116823240099 1.00015000427 0.000218035209255 0.99995341595 0.0
-0.115910584589 0.999258809615 0.000218035209255 0.99995341595 0.0
-0.114997929079 1.00001285222 0.000218035209255 0.99995341595 0.0
-0.114085273569 0.999680511123 0.000218035209255 0.99995341595 0.0
-0.113172618059 1.00009623629 0.000218035209255 0.999947424914 1.0
-0.112259962549 0.999623570279 0.000218035209255 0.999888049912 1.0
-0.111347307039 0.999714331985 0.000218035209255 0.999791670443 1.0
-0.110434651529 0.999807977783 0.000218035209255 0.999667022625 1.0
-0.109521996019 0.999362713722 0.000218035209255 0.999518437834 1.0
-0.108609340509 0.999570190181 0.000218035209255 0.999348815534 1.0
-0.107696684999 0.99897187437 0.000218035209255 0.999160355671 1.0
-0.106784029489 0.998863289052 0.000218035209255 0.998954850502 1.0
-0.105871373979 0.998656917415 0.000218035209255 0.998733828734 1.0
-0.104958718469 0.998926311248 0.000218035209255 0.998498636608 1.0
-0.104046062959 0.99846508607 0.000218035209255 0.998250487772 1.0
-0.103133407449 0.997751762285 0.000218035209255 0.997990496034 1.0
-0.102220751939 0.997848363347 0.000218035209255 0.997719697999 1.0
-0.101308096429 0.997344729609 0.000218035209255 0.997439069382 1.0
-0.100395440919 0.996942100819 0.000218035209255 0.997149537176 1.0
-0.0994827854094 0.997036799151 0.000218035209255 0.996851989013 1.0
-0.0985701298995 0.996543176002 0.000218035209255 0.996547280562 1.0
-0.0976574743895 0.995975596076 0.000218035209255 0.996236241539 1.0
-0.0967448188796 0.995847493556 0.000218035209255 0.995919680705 1.0
-0.0958321633696 0.995538680421 0.000218035209255 0.995598390142 1.0
-0.0949195078597 0.995543184834 0.000218035209255 0.995273149001 1.0
-0.0940068523497 0.994967330647 0.000218035209255 0.994944726886 1.0
-0.0930941968398 0.994633270805 0.000218035209255 0.994613887 1.0
-0.0921815413298 0.994091325504 0.000218035209255 0.994281389171 1.0
-0.0912688858199 0.994036836539 0.000218035209255 0.993947992843 1.0
-0.0903562303099 0.993541277537 0.000218035209255 0.993614460153 1.0
-0.0894435747999 0.993568648654 0.000218035209255 0.993281559192 1.0
-0.08853091929 0.99334016508 0.000218035209255 0.99295006758 1.0
-0.08761826378 0.992370190951 0.000218035209255 0.9926207765 1.0
-0.0867056082701 0.992202129048 0.000218035209255 0.992294495412 1.0
-0.0857929527601 0.992014193212 0.000218035209255 0.991972057679 1.0
-0.0848802972502 0.991464083084 0.000218035209255 0.991654327511 1.0
-0.0839676417402 0.991671351505 0.000218035209255 0.991342208735 1.0
-0.0830549862303 0.991233853751 0.000218035209255 0.991036656195 1.0
-0.0821423307203 0.990542315579 0.000218035209255 0.990738691033 1.0
-0.0812296752104 0.99031682943 0.000218035209255 0.990449421815 1.0
-0.0803170197004 0.989985000943 0.000218035209255 0.990170074939 1.0
-0.0794043641905 0.989847406984 0.000218035209255 0.989902040461 1.0
-0.0784917086805 0.989618781135 0.000218035209255 0.989646945434 1.0
-0.0775790531705 0.98910170101 0.000218035209255 0.98940678111 1.0
-0.0766663976606 0.989662781296 0.000218035209255 0.989184150711 1.0
-0.0757537421506 0.988956074012 0.000218035209255 0.988982851308 1.0
-0.0748410866407 0.988643159777 0.000218035209255 0.988809876087 1.0
-0.0739284311307 0.988653226985 0.000218035209255 0.988685813035 3.0
-0.0730157756208 0.988464556759 0.000218035209255 0.988583091477 3.0
-0.0721031201108 0.988727654405 0.000218035209255 0.988487558271 3.0
-0.0711904646009 0.988103244921 0.000218035209255 0.988397851697 3.0
-0.0702778090909 0.988151402889 0.000218035209255 0.988313128179 3.0
-0.069365153581 0.988069641145 0.000218035209255 0.98823278649 3.0
-0.068452498071 0.987957703704 0.000218035209255 0.988156366928 3.0
-0.0675398425611 0.988295810742 0.000218035209255 0.988083502221 3.0
-0.0666271870511 0.987794001444 0.000218035209255 0.988013889861 3.0
-0.0657145315411 0.987995438102 0.000218035209255 0.987947275028 3.0
-0.0648018760312 0.98794491793 0.000218035209255 0.987883439328 3.0
-0.0638892205212 0.987845911012 0.000218035209255 0.987822193002 3.0
-0.0629765650113 0.988128356698 0.000218035209255 0.987763369321 3.0
-0.0620639095013 0.987953846398 0.000218035209255 0.98770682043 3.0
-0.0611512539914 0.987560944844 0.000218035209255 0.987652414188 3.0
-0.0602385984814 0.987566242491 0.000218035209255 0.987600031705 3.0
-0.0593259429715 0.987506865615 0.000218035209255 0.987549565401 3.0
-0.0584132874615 0.987575908737 0.000218035209255 0.987500917434 3.0
-0.0575006319516 0.987216278619 0.000218035209255 0.987453998426 3.0
-0.0565879764416 0.987709263385 0.000218035209255 0.987408726405 3.0
-0.0556753209317 0.987254756338 0.000218035209255 0.987365025931 3.0
-0.0547626654217 0.987316662444 0.000218035209255 0.987322827352 3.0
-0.0538500099118 0.987335637958 0.000218035209255 0.987282066175 3.0
-0.0529373544018 0.987253074441 0.000218035209255 0.987242682529 3.0
-0.0520246988918 0.987309982135 0.000218035209255 0.987204620704 3.0
-0.0511120433819 0.987222857249 0.000218035209255 0.987167828744 3.0
-0.0501993878719 0.987037954515 0.000218035209255 0.987132258105 3.0
-0.049286732362 0.987005322178 0.000218035209255 0.987097863341 3.0
-0.048374076852 0.987168236362 0.000218035209255 0.987064601839 3.0
-0.0474614213421 0.987079883487 0.000218035209255 0.987032433579 3.0
-0.0465487658321 0.986919634432 0.000218035209255 0.987001320924 3.0
-0.0456361103222 0.98667033662 0.000218035209255 0.986971228429 3.0
-0.0447234548122 0.987048941148 0.000218035209255 0.986942122676 3.0
-0.0438107993023 0.987009980823 0.000218035209255 0.986913972121 3.0
-0.0428981437923 0.98733792471 0.000218035209255 0.986886746959 3.0
-0.0419854882824 0.986856871904 0.000218035209255 0.986860419001 3.0
-0.0410728327724 0.986733504255 0.000218035209255 0.986834961562 3.0
-0.0401601772624 0.98696475827 0.000218035209255 0.986810349366 3.0
-0.0392475217525 0.986653892494 0.000218035209255 0.986786558449 3.0
-0.0383348662425 0.986602491882 0.000218035209255 0.986763566079 3.0
-0.0374222107326 0.986715575907 0.000218035209255 0.98674135068 3.0
-0.0365095552226 0.986801569535 0.000218035209255 0.986719891761 3.0
-0.0355968997127 0.987095013403 0.000218035209255 0.986699169857 3.0
-0.0346842442027 0.98651220158 0.000218035209255 0.986679166465 3.0
-0.0337715886928 0.986362597701 0.000218035209255 0.986659863996 3.0
-0.0328589331828 0.98663475824 0.000218035209255 0.986641245723 3.0
-0.0319462776729 0.986589632471 0.000218035209255 0.986623295737 3.0
-0.0310336221629 0.986734054347 0.000218035209255 0.986605998903 3.0
-0.030120966653 0.986936377225 0.000218035209255 0.986589340825 3.0
-0.029208311143 0.986689587308 0.000218035209255 0.986573307808 3.0
-0.028295655633 0.986487275439 0.000218035209255 0.986557886826 3.0
-0.0273830001231 0.986688641147 0.000218035209255 0.98654306549 3.0
-0.0264703446131 0.98595032297 0.000218035209255 0.986528832022 3.0
-0.0255576891032 0.986694542089 0.000218035209255 0.986515175227 3.0
-0.0246450335932 0.986326036456 0.000218035209255 0.98650208447 3.0
-0.0237323780833 0.986486880064 0.000218035209255 0.986489549652 3.0
-0.0228197225733 0.98640873057 0.000218035209255 0.986477561188 3.0
-0.0219070670634 0.986442087225 0.000218035209255 0.986466109992 3.0
-0.0209944115534 0.986246631705 0.000218035209255 0.986455187455 3.0
-0.0200817560435 0.986578351867 0.000218035209255 0.986444785428 3.0
-0.0191691005335 0.986056534766 0.000218035209255 0.986434896208 3.0
-0.0182564450236 0.986210951695 0.000218035209255 0.986425512523 3.0
-0.0173437895136 0.986482208445 0.000218035209255 0.986416627518 3.0
-0.0164311340036 0.98696760025 0.000218035209255 0.986408234744 3.0
-0.0155184784937 0.986446810248 0.000218035209255 0.986400328144 3.0
-0.0146058229837 0.986336139013 0.000218035209255 0.986392902044 3.0
-0.0136931674738 0.986787080669 0.000218035209255 0.986385951143 3.0
-0.0127805119638 0.986340387401 0.000218035209255 0.986379470502 3.0
-0.0118678564539 0.986347475161 0.000218035209255 0.986373455538 3.0
-0.0109552009439 0.98631553566 0.000218035209255 0.986367902016 3.0
-0.010042545434 0.986287295975 0.000218035209255 0.986362806039 3.0
-0.00912988992401 0.986656477597 0.000218035209255 0.986358164047 3.0
-0.00821723441406 0.986203375869 0.000218035209255 0.986353972805 3.0
-0.0073045789041 0.98615605769 0.000218035209255 0.986350229402 3.0
-0.00639192339415 0.986248566059 0.000218035209255 0.986346931245 3.0
-0.0054792678842 0.986783207314 0.000218035209255 0.986344076055 3.0
-0.00456661237424 0.98629020393 0.000218035209255 0.986341661861 3.0
-0.00365395686429 0.98667945907 0.000218035209255 0.986339687003 3.0
-0.00274130135433 0.986132187079 0.000218035209255 0.986338150122 3.0
-0.00182864584438 0.986873598617 0.000218035209255 0.986337050163 3.0
-0.000915990334427 0.986123133757 0.000218035209255 0.986336386372 3.0
-3.33482447338e-06 0.986255125888 0.000218035209255 0.986336158293 3.0
0.00090932068548 0.986164516003 0.000218035209255 0.98633636577 3.0
0.00182197619543 0.986530419817 0.000218035209255 0.986337008946 3.0
0.00273463170539 0.986120716211 0.000218035209255 0.98633808826 3.0
0.00364728721534 0.985876106224 0.000218035209255 0.986339604455 3.0
0.0045599427253 0.986119285923 0.000218035209255 0.98634155857 3.0
0.00547259823525 0.986440890797 0.000218035209255 0.986343951949 3.0
0.0063852537452 0.986416005931 0.000218035209255 0.98634678624 3.0
0.00729790925516 0.986582201785 0.000218035209255 0.986350063397 3.0
0.00821056476511 0.986281052353 0.000218035209255 0.986353785685 3.0
0.00912322027507 0.986154864938 0.000218035209255 0.986357955682 3.0
0.010035875785 0.986274126628 0.000218035209255 0.986362576285 3.0
0.010948531295 0.986465050577 0.000218035209255 0.986367650711 3.0
0.0118611868049 0.986529102903 0.000218035209255 0.986373182508 3.0
0.0127738423149 0.986498286516 0.000218035209255 0.986379175554 3.0
0.0136864978248 0.986536997255 0.000218035209255 0.986385634069 3.0
0.0145991533348 0.987081691794 0.000218035209255 0.986392562621 3.0
0.0155118088447 0.986207265329 0.000218035209255 0.986399966128 3.0
0.0164244643547 0.986289710458 0.000218035209255 0.986407849877 3.0
0.0173371198646 0.986533722704 0.000218035209255 0.986416219523 3.0
0.0182497753746 0.986649067319 0.000218035209255 0.986425081104 3.0
0.0191624308846 0.98638948812 0.000218035209255 0.986434441052 3.0
0.0200750863945 0.986484287179 0.000218035209255 0.986444306201 3.0
0.0209877419045 0.986237929977 0.000218035209255 0.986454683804 3.0
0.0219003974144 0.986503298828 0.000218035209255 0.986465581543 3.0
0.0228130529244 0.986550813632 0.000218035209255 0.986477007544 3.0
0.0237257084343 0.987098570624 0.000218035209255 0.986488970395 3.0
0.0246383639443 0.986594084171 0.000218035209255 0.986501479161 3.0
0.0255510194542 0.98653305237 0.000218035209255 0.986514543401 3.0
0.0264636749642 0.98643289501 0.000218035209255 0.986528173188 3.0
0.0273763304741 0.986268474333 0.000218035209255 0.986542379133 3.0
0.0282889859841 0.986427814801 0.000218035209255 0.986557172404 3.0
0.029201641494 0.986584910616 0.000218035209255 0.98657256475 3.0
0.030114297004 0.986643716731 0.000218035209255 0.986588568531 3.0
0.031026952514 0.986505674284 0.000218035209255 0.986605196742 3.0
0.0319396080239 0.986295609559 0.000218035209255 0.986622463046 3.0
0.0328522635339 0.986734567219 0.000218035209255 0.986640381805 3.0
0.0337649190438 0.986648102933 0.000218035209255 0.986658968118 3.0
0.0346775745538 0.986425095516 0.000218035209255 0.986678237856 3.0
0.0355902300637 0.986230260106 0.000218035209255 0.986698207707 3.0
0.0365028855737 0.986794154652 0.000218035209255 0.986718895218 3.0
0.0374155410836 0.9866274753 0.000218035209255 0.986740318848 3.0
0.0383281965936 0.986354226989 0.000218035209255 0.986762498014 3.0
0.0392408521035 0.986847717454 0.000218035209255 0.986785453159 3.0
0.0401535076135 0.986728225993 0.000218035209255 0.986809205804 3.0
0.0410661631234 0.986705718609 0.000218035209255 0.986833778626 3.0
0.0419788186334 0.986970298706 0.000218035209255 0.986859195528 3.0
0.0428914741434 0.986612479053 0.000218035209255 0.986885481723 3.0
0.0438041296533 0.986779092091 0.000218035209255 0.986912663828 3.0
0.0447167851633 0.98719704898 0.000218035209255 0.986940769956 3.0
0.0456294406732 0.987043820633 0.000218035209255 0.986969829834 3.0
0.0465420961832 0.987000290809 0.000218035209255 0.986999874921 3.0
0.0474547516931 0.986761028163 0.000218035209255 0.987030938543 3.0
0.0483674072031 0.986913876845 0.000218035209255 0.987063056046 3.0
0.049280062713 0.986935242423 0.000218035209255 0.987096264959 3.0
0.050192718223 0.987140177235 0.000218035209255 0.987130605184 3.0
0.0511053737329 0.987174721367 0.000218035209255 0.987166119207 3.0
0.0520180292429 0.987091499702 0.000218035209255 0.987202852333 3.0
0.0529306847528 0.986943369201 0.000218035209255 0.987240852955 3.0
0.0538433402628 0.987399108645 0.000218035209255 0.987280172858 3.0
0.0547559957728 0.987140855272 0.000218035209255 0.987320867568 3.0
0.0556686512827 0.987118236002 0.000218035209255 0.987362996747 3.0
0.0565813067927 0.98727055815 0.000218035209255 0.987406624659 3.0
0.0574939623026 0.987652952175 0.000218035209255 0.987451820699 3.0
0.0584066178126 0.987753140737 0.000218035209255 0.987498660017 3.0
0.0593192733225 0.987772898178 0.000218035209255 0.987547224258 3.0
0.0602319288325 0.987566666595 0.000218035209255 0.987597602426 3.0
0.0611445843424 0.988146506055 0.000218035209255 0.987649891937 3.0
0.0620572398524 0.987823202839 0.000218035209255 0.987704199879 3.0
0.0629698953623 0.987871202564 0.000218035209255 0.987760644564 3.0
0.0638825508723 0.987789384275 0.000218035209255 0.987819357458 3.0
0.0647952063822 0.987938270109 0.000218035209255 0.987880485606 3.0
0.0657078618922 0.988258065695 0.000218035209255 0.98794419476 3.0
0.0666205174022 0.987886591748 0.000218035209255 0.988010673478 3.0
0.0675331729121 0.988057957178 0.000218035209255 0.988080138645 3.0
0.0684458284221 0.988199001114 0.000218035209255 0.98815284314 3.0
0.069358483932 0.988628895885 0.000218035209255 0.988229086886 3.0
0.070271139442 0.988380900585 0.000218035209255 0.988309233581 3.0
0.0711837949519 0.988344845621 0.000218035209255 0.988393737685 3.0
0.0720964504619 0.988412714635 0.000218035209255 0.988483192073 3.0
0.0730091059718 0.98861326035 0.000218035209255 0.98857842503 3.0
0.0739217614818 0.988562129601 0.000218035209255 0.988680760193 3.0
0.0748344169917 0.98850645691 0.000218035209255 0.988802637774 2.0
0.0757470725017 0.989031783322 0.000218035209255 0.988973952513 2.0
0.0766597280116 0.989021706346 0.000218035209255 0.989174111969 2.0
0.0775723835216 0.989664358966 0.000218035209255 0.989395832379 2.0
0.0784850390316 0.989575137522 0.000218035209255 0.989635232371 2.0
0.0793976945415 0.989842516561 0.000218035209255 0.989889669667 2.0
0.0803103500515 0.990428767114 0.000218035209255 0.990157131063 2.0
0.0812230055614 0.990365940531 0.000218035209255 0.990435975738 2.0
0.0821356610714 0.990949410762 0.000218035209255 0.990724804369 2.0
0.0830483165813 0.990906802408 0.000218035209255 0.991022384006 2.0
0.0839609720913 0.991295267857 0.000218035209255 0.991327601285 2.0
0.0848736276012 0.991325311186 0.000218035209255 0.991639431466 2.0
0.0857862831112 0.991604275419 0.000218035209255 0.991956916947 2.0
0.0866989386211 0.992574113152 0.000218035209255 0.99227915177 2.0
0.0876115941311 0.99270126142 0.000218035209255 0.992605270068 2.0
0.088524249641 0.993371874389 0.000218035209255 0.992934437185 2.0
0.089436905151 0.993086213674 0.000218035209255 0.993265842669 2.0
0.090349560661 0.993465621393 0.000218035209255 0.993598694582 2.0
0.0912622161709 0.993922830149 0.000218035209255 0.993932214759 2.0
0.0921748716809 0.994519789993 0.000218035209255 0.994265634741 2.0
0.0930875271908 0.994782462245 0.000218035209255 0.994598192186 2.0
0.0940001827008 0.994753377773 0.000218035209255 0.994929127592 2.0
0.0949128382107 0.995374757718 0.000218035209255 0.995257681218 2.0
0.0958254937207 0.995728875997 0.000218035209255 0.995583090087 2.0
0.0967381492306 0.995755560005 0.000218035209255 0.995904584968 2.0
0.0976508047406 0.996018877682 0.000218035209255 0.996221387235 2.0
0.0985634602505 0.996455595075 0.000218035209255 0.996532705499 2.0
0.0994761157605 0.996570999496 0.000218035209255 0.996837731878 2.0
0.10038877127 0.996657570791 0.000218035209255 0.997135637755 2.0
0.10130142678 0.997514190906 0.000218035209255 0.997425568814 2.0
0.10221408229 0.997870145283 0.000218035209255 0.997706639089 2.0
0.1031267378 0.997983069318 0.000218035209255 0.997977923641 2.0
0.10403939331 0.998241827109 0.000218035209255 0.998238449307 2.0
0.10495204882 0.998780975152 0.000218035209255 0.99848718269 2.0
0.10586470433 0.998710770347 0.000218035209255 0.998723014084 2.0
0.10677735984 0.999323489202 0.000218035209255 0.998944735201 2.0
0.10769001535 0.998666069756 0.000218035209255 0.99915100702 2.0
0.10860267086 0.999247639247 0.000218035209255 0.999340310968 2.0
0.10951532637 0.999731350688 0.000218035209255 0.999510869809 2.0
0.11042798188 0.999854013885 0.000218035209255 0.999660507732 2.0
0.11134063739 0.999667717705 0.000218035209255 0.999786369192 2.0
0.1122532929 0.999802464718 0.000218035209255 0.999884222722 2.0
0.11316594841 1.00013004689 0.000218035209255 0.999945743274 2.0
0.11407860392 1.00019742223 0.000218035209255 0.99995341595 0.0
0.11499125943 0.999720433944 0.000218035209255 0.99995341595 0.0
0.11590391494 1.00001825238 0.000218035209255 0.99995341595 0.0
0.11681657045 1.00013124768 0.000218035209255 0.99995341595 0.0
0.11772922596 0.999308160746 0.000218035209255 0.99995341595 0.0
0.11864188147 1.00010710629 0.000218035209255 0.99995341595 0.0
0.119554536979 1.0000513108 0.000218035209255 0.99995341595 0.0
0.120467192489 1.00010266917 0.000218035209255 0.99995341595 0.0
0.121379847999 1.00023431161 0.000218035209255 0.99995341595 0.0
0.122292503509 1.00033655044 0.000218035209255 0.99995341595 0.0
0.123205159019 1.00001872885 0.000218035209255 0.99995341595 0.0
0.124117814529 1.00037146464 0.000218035209255 0.99995341595 0.0
0.125030470039 0.999839939555 0.000218035209255 0.99995341595 0.0
0.125943125549 0.999647603768 0.000218035209255 0.99995341595 0.0
0.126855781059 0.999851420323 0.000218035209255 0.99995341595 0.0
0.127768436569 1.00003179064 0.000218035209255 0.99995341595 0.0
0.128681092079 0.999866121957 0.000218035209255 0.99995341595 0.0
0.129593747589 0.99981904521 0.000218035209255 0.99995341595 0.0
0.130506403099 1.00021483449 0.000218035209255 0.99995341595 0.0
0.131419058609 1.00005569435 0.000218035209255 0.99995341595 0.0
0.132331714119 0.999914421353 0.000218035209255 0.99995341595 0.0
0.133244369629 0.999537953596 0.000218035209255 0.99995341595 0.0
0.134157025139 1.00007410146 0.000218035209255 0.99995341595 0.0
0.135069680649 0.999851664935 0.000218035209255 0.99995341595 0.0
0.135982336159 0.999901804151 0.000218035209255 0.99995341595 0.0
0.136894991669 0.9997129981 0.000218035209255 0.99995341595 0.0
