-0.334990393344 1.00011810971 0.000117887240125 0.999993272112 0.0
-0.332753582886 1.00000752496 0.000117887240125 0.999993272112 0.0
-0.330516772428 0.999940066964 0.000117887240125 0.999993272112 0.0
-0.328279961971 1.00021125173 0.000117887240125 0.999993272112 0.0
-0.326043151513 0.999979904915 0.000117887240125 0.999993272112 0.0
-0.323806341055 0.99998898588 0.000117887240125 0.999993272112 0.0
-0.321569530597 1.00002467768 0.000117887240125 0.999993272112 0.0
-0.31933272014 0.999882977572 0.000117887240125 0.999993272112 0.0
-0.317095909682 1.0000561125 0.000117887240125 0.999993272112 0.0
-0.314859099224 1.00002850641 0.000117887240125 0.999993272112 0.0
-0.312622288766 0.999640250183 0.000117887240125 0.999993272112 0.0
-0.310385478309 1.0001152686 0.000117887240125 0.999993272112 0.0
-0.308148667851 0.999991094765 0.000117887240125 0.999993272112 0.0
-0.305911857393 1.00008067425 0.000117887240125 0.999993272112 0.0
-0.303675046935 1.00002012104 0.000117887240125 0.999993272112 0.0
-0.301438236478 0.999892876373 0.000117887240125 0.999993272112 0.0
-0.29920142602 0.999974730316 0.000117887240125 0.999993272112 0.0
-0.296964615562 1.0000603359 0.000117887240125 0.999993272112 0.0
-0.294727805105 0.999802668241 0.000117887240125 0.999993272112 0.0
-0.292490994647 1.00007888301 0.000117887240125 0.999993272112 0.0
-0.290254184189 0.999984709109 0.000117887240125 0.999993272112 0.0
-0.288017373731 0.999954228847 0.000117887240125 0.999993272112 0.0
-0.285780563274 1.00012775584 0.000117887240125 0.999993272112 0.0
-0.283543752816 1.00006500325 0.000117887240125 0.999993272112 0.0
-0.281306942358 0.999931864431 0.000117887240125 0.999993272112 0.0
-0.2790701319 0.999889299076 0.000117887240125 0.99999048788 1.0
-0.276833321443 0.999911023571 0.000117887240125 0.999961304923 1.0
-0.274596510985 0.999999871326 0.000117887240125 0.999914605389 1.0
-0.272359700527 0.999929975602 0.000117887240125 0.999855753726 1.0
-0.27012289007 0.999765909783 0.000117887240125 0.999787833215 1.0
-0.267886079612 0.999537799244 0.000117887240125 0.999713243001 1.0
-0.265649269154 0.99979263897 0.000117887240125 0.99963412636 1.0
-0.263412458696 0.999507362364 0.000117887240125 0.999552572643 1.0
-0.261175648239 0.999412131942 0.000117887240125 0.999470757035 1.0
-0.258938837781 0.999568350885 0.000117887240125 0.999391095271 1.0
-0.256702027323 0.999231310892 0.000117887240125 0.999316532213 1.0
-0.254465216865 0.999092324392 0.000117887240125 0.999251371346 1.0
-0.252228406408 0.999123458934 0.000117887240125 0.999206671005 3.0
-0.24999159595 0.999362399824 0.000117887240125 0.999182102633 3.0
-0.247754785492 0.999332111022 0.000117887240125 0.999160761483 3.0
-0.245517975034 0.999230324116 0.000117887240125 0.999141570507 3.0
-0.243281164577 0.999309806272 0.000117887240125 0.999124028592 3.0
-0.241044354119 0.999118801206 0.000117887240125 0.999107828253 3.0
-0.238807543661 0.999066061908 0.000117887240125 0.999092753549 3.0
-0.236570733204 0.999142108303 0.000117887240125 0.999078643168 3.0
-0.234333922746 0.998865127275 0.000117887240125 0.99906537227 3.0
-0.232097112288 0.999053693577 0.000117887240125 0.999052841762 3.0
-0.22986030183 0.998988146212 0.000117887240125 0.999040971352 3.0
-0.227623491373 0.998944611347 0.000117887240125 0.999029694824 3.0
-0.225386680915 0.999102380825 0.000117887240125 0.999018956729 3.0
-0.223149870457 0.999059606757 0.000117887240125 0.999008710016 3.0
-0.220913059999 0.998999819481 0.000117887240125 0.998998914298 3.0
-0.218676249542 0.998673796514 0.000117887240125 0.998989534555 3.0
-0.216439439084 0.999007535248 0.000117887240125 0.998980540157 3.0
-0.214202628626 0.998917973783 0.000117887240125 0.998971904102 3.0
-0.211965818168 0.998894222809 0.000117887240125 0.998963602427 3.0
-0.209729007711 0.998937485743 0.000117887240125 0.998955613738 3.0
-0.207492197253 0.999012286833 0.000117887240125 0.998947918826 3.0
-0.205255386795 0.998803688242 0.000117887240125 0.998940500366 3.0
-0.203018576338 0.998600754312 0.000117887240125 0.99893334266 3.0
-0.20078176588 0.998983514257 0.000117887240125 0.998926431429 3.0
-0.198544955422 0.998886588394 0.000117887240125 0.998919753637 3.0
-0.196308144964 0.99909744476 0.000117887240125 0.998913297342 3.0
-0.194071334507 0.998865312018 0.000117887240125 0.998907051573 3.0
-0.191834524049 0.998859575091 0.000117887240125 0.998901006218 3.0
-0.189597713591 0.998936736646 0.000117887240125 0.998895151938 3.0
-0.187360903133 0.998885407906 0.000117887240125 0.998889480081 3.0
-0.185124092676 0.998975511556 0.000117887240125 0.998883982617 3.0
-0.182887282218 0.998938054327 0.000117887240125 0.998878652075 3.0
-0.18065047176 0.998858295212 0.000117887240125 0.998873481492 3.0
-0.178413661302 0.998875420184 0.000117887240125 0.998868464364 3.0
-0.176176850845 0.99895439628 0.000117887240125 0.998863594608 3.0
-0.173940040387 0.998985894298 0.000117887240125 0.998858866522 3.0
-0.171703229929 0.998895854923 0.000117887240125 0.998854274755 3.0
-0.169466419472 0.998840179015 0.000117887240125 0.998849814275 3.0
-0.167229609014 0.998797564913 0.000117887240125 0.99884548035 3.0
-0.164992798556 0.998754478452 0.000117887240125 0.998841268515 3.0
-0.162755988098 0.998952794695 0.000117887240125 0.998837174558 3.0
-0.160519177641 0.9987459385 0.000117887240125 0.998833194501 3.0
-0.158282367183 0.998683101527 0.000117887240125 0.998829324579 3.0
-0.156045556725 0.998647803022 0.000117887240125 0.998825561227 3.0
-0.153808746267 0.999063879572 0.000117887240125 0.998821901066 3.0
-0.15157193581 0.998964820638 0.000117887240125 0.99881834089 3.0
-0.149335125352 0.99870441498 0.000117887240125 0.998814877655 3.0
-0.147098314894 0.998943867299 0.000117887240125 0.998811508467 3.0
-0.144861504436 0.998761511728 0.000117887240125 0.998808230574 3.0
-0.142624693979 0.998982320908 0.000117887240125 0.998805041353 3.0
-0.140387883521 0.998806759762 0.000117887240125 0.99880193831 3.0
-0.138151073063 0.99868376172 0.000117887240125 0.998798919064 3.0
-0.135914262606 0.998673918461 0.000117887240125 0.998795981343 3.0
-0.133677452148 0.998779354985 0.000117887240125 0.99879312298 3.0
-0.13144064169 0.998857215871 0.000117887240125 0.998790341906 3.0
-0.129203831232 0.998931607132 0.000117887240125 0.998787636141 3.0
-0.126967020775 0.998907281313 0.000117887240125 0.998785003795 3.0
-0.124730210317 0.998803460759 0.000117887240125 0.998782443056 3.0
-0.122493399859 0.998934902379 0.000117887240125 0.998779952195 3.0
-0.120256589401 0.998769874774 0.000117887240125 0.998777529551 3.0
-0.118019778944 0.998790788792 0.000117887240125 0.998775173538 3.0
-0.115782968486 0.998796173275 0.000117887240125 0.998772882634 3.0
-0.113546158028 0.998779697695 0.000117887240125 0.998770655379 3.0
-0.11130934757 0.998740671178 0.000117887240125 0.998768490377 3.0
-0.109072537113 0.998930988568 0.000117887240125 0.998766386287 3.0
-0.106835726655 0.998734369622 0.000117887240125 0.998764341821 3.0
-0.104598916197 0.998798118382 0.000117887240125 0.998762355747 3.0
-0.10236210574 0.998777648989 0.000117887240125 0.99876042688 3.0
-0.100125295282 0.998861983552 0.000117887240125 0.998758554084 3.0
-0.0978884848241 0.999026004714 0.000117887240125 0.998756736269 3.0
-0.0956516743664 0.998762381501 0.000117887240125 0.998754972388 3.0
-0.0934148639086 0.998758396742 0.000117887240125 0.998753261436 3.0
-0.0911780534509 0.998765737501 0.000117887240125 0.998751602448 3.0
-0.0889412429932 0.998678888044 0.000117887240125 0.9987499945 3.0
-0.0867044325354 0.998883604731 0.000117887240125 0.998748436702 3.0
-0.0844676220777 0.998796989673 0.000117887240125 0.998746928203 3.0
-0.08223081162 0.998995192054 0.000117887240125 0.998745468183 3.0
-0.0799940011622 0.9989028554 0.000117887240125 0.998744055858 3.0
-0.0777571907045 0.998674842204 0.000117887240125 0.998742690475 3.0
-0.0755203802468 0.998684926393 0.000117887240125 0.998741371313 3.0
-0.073283569789 0.998513132454 0.000117887240125 0.99874009768 3.0
-0.0710467593313 0.998676679931 0.000117887240125 0.998738868912 3.0
-0.0688099488736 0.998770015991 0.000117887240125 0.998737684376 3.0
-0.0665731384158 0.998709365496 0.000117887240125 0.998736543463 3.0
-0.0643363279581 0.998756424192 0.000117887240125 0.998735445592 3.0
-0.0620995175004 0.998493138028 0.000117887240125 0.998734390208 3.0
-0.0598627070426 0.998948817244 0.000117887240125 0.99873337678 3.0
-0.0576258965849 0.998874702175 0.000117887240125 0.998732404801 3.0
-0.0553890861272 0.998731918171 0.000117887240125 0.998731473789 3.0
-0.0531522756694 0.998690024745 0.000117887240125 0.998730583282 3.0
-0.0509154652117 0.998749340014 0.000117887240125 0.998729732844 3.0
-0.048678654754 0.99884177607 0.000117887240125 0.998728922059 3.0
-0.0464418442962 0.998761922637 0.000117887240125 0.998728150531 3.0
-0.0442050338385 0.998843103572 0.000117887240125 0.998727417887 3.0
-0.0419682233808 0.998838089724 0.000117887240125 0.998726723773 3.0
-0.039731412923 0.99868779577 0.000117887240125 0.998726067856 3.0
-0.0374946024653 0.998983091475 0.000117887240125 0.998725449822 3.0
-0.0352577920076 0.99897254857 0.000117887240125 0.998724869377 3.0
-0.0330209815498 0.998596552975 0.000117887240125 0.998724326244 3.0
-0.0307841710921 0.99863594941 0.000117887240125 0.998723820167 3.0
-0.0285473606344 0.998595610042 0.000117887240125 0.998723350906 3.0
-0.0263105501766 0.998811855597 0.000117887240125 0.99872291824 3.0
-0.0240737397189 0.998642923207 0.000117887240125 0.998722521966 3.0
-0.0218369292612 0.998726790545 0.000117887240125 0.998722161899 3.0
-0.0196001188035 0.998722912865 0.000117887240125 0.99872183787 3.0
-0.0173633083457 0.998587552241 0.000117887240125 0.998721549728 3.0
-0.015126497888 0.998561919084 0.000117887240125 0.998721297339 3.0
-0.0128896874303 0.998728230463 0.000117887240125 0.998721080585 3.0
-0.0106528769725 0.998514212517 0.000117887240125 0.998720899366 3.0
-0.00841606651479 0.998767442986 0.000117887240125 0.998720753597 3.0
-0.00617925605706 0.998771045403 0.000117887240125 0.998720643212 3.0
-0.00394244559932 0.998496296798 0.000117887240125 0.998720568158 3.0
-0.00170563514159 0.998486371774 0.000117887240125 0.998720528402 3.0
0.000531175316142 0.998639361176 0.000117887240125 0.998720523925 3.0
0.00276798577387 0.998657805631 0.000117887240125 0.998720554724 3.0
0.00500479623161 0.998790189892 0.000117887240125 0.998720620814 3.0
0.00724160668934 0.998782080521 0.000117887240125 0.998720722226 3.0
0.00947841714707 0.998872309065 0.000117887240125 0.998720859007 3.0
0.0117152276048 0.998728191755 0.000117887240125 0.998721031219 3.0
0.0139520380625 0.998652353 0.000117887240125 0.998721238944 3.0
0.0161888485203 0.998998496205 0.000117887240125 0.998721482276 3.0
0.018425658978 0.998845026767 0.000117887240125 0.99872176133 3.0
0.0206624694357 0.998742786948 0.000117887240125 0.998722076236 3.0
0.0228992798935 0.998710121271 0.000117887240125 0.998722427139 3.0
0.0251360903512 0.998777589052 0.000117887240125 0.998722814205 3.0
0.0273729008089 0.998587306693 0.000117887240125 0.998723237613 3.0
0.0296097112667 0.998844758327 0.000117887240125 0.998723697565 3.0
0.0318465217244 0.998624349713 0.000117887240125 0.998724194274 3.0
0.0340833321821 0.998758112677 0.000117887240125 0.998724727977 3.0
0.0363201426399 0.998760255857 0.000117887240125 0.998725298925 3.0
0.0385569530976 0.998772186031 0.000117887240125 0.998725907389 3.0
0.0407937635553 0.998725969304 0.000117887240125 0.99872655366 3.0
0.0430305740131 0.998837521127 0.000117887240125 0.998727238046 3.0
0.0452673844708 0.998684344361 0.000117887240125 0.998727960877 3.0
0.0475041949285 0.998663686249 0.000117887240125 0.998728722499 3.0
0.0497410053863 0.998689174447 0.000117887240125 0.998729523282 3.0
0.051977815844 0.998973097316 0.000117887240125 0.998730363616 3.0
0.0542146263017 0.998599986307 0.000117887240125 0.99873124391 3.0
0.0564514367595 0.998465808453 0.000117887240125 0.998732164597 3.0
0.0586882472172 0.998414243869 0.000117887240125 0.998733126132 3.0
0.0609250576749 0.998706943085 0.000117887240125 0.998734128991 3.0
0.0631618681327 0.99876522402 0.000117887240125 0.998735173674 3.0
0.0653986785904 0.998409142112 0.000117887240125 0.998736260708 3.0
0.0676354890481 0.998701782546 0.000117887240125 0.99873739064 3.0
0.0698722995059 0.99869442352 0.000117887240125 0.998738564046 3.0
0.0721091099636 0.998631312713 0.000117887240125 0.998739781527 3.0
0.0743459204213 0.998674503547 0.000117887240125 0.998741043709 3.0
0.0765827308791 0.998862931026 0.000117887240125 0.998742351249 3.0
0.0788195413368 0.998603452244 0.000117887240125 0.998743704831 3.0
0.0810563517945 0.998716588239 0.000117887240125 0.998745105169 3.0
0.0832931622522 0.999002750431 0.000117887240125 0.998746553009 3.0
0.08552997271 0.998716411723 0.000117887240125 0.998748049125 3.0
0.0877667831677 0.998770389967 0.000117887240125 0.998749594329 3.0
0.0900035936254 0.99876166203 0.000117887240125 0.998751189464 3.0
0.0922404040832 0.998450428427 0.000117887240125 0.998752835408 3.0
0.0944772145409 0.999036809997 0.000117887240125 0.998754533079 3.0
0.0967140249986 0.998655427785 0.000117887240125 0.99875628343 3.0
0.0989508354564 0.998613461787 0.000117887240125 0.998758087457 3.0
0.101187645914 0.998612114842 0.000117887240125 0.998759946194 3.0
0.103424456372 0.998820440936 0.000117887240125 0.998761860721 3.0
0.10566126683 0.998880312071 0.000117887240125 0.998763832163 3.0
0.107898077287 0.998923838002 0.000117887240125 0.99876586169 3.0
0.110134887745 0.998724776764 0.000117887240125 0.998767950525 3.0
0.112371698203 0.998868262476 0.000117887240125 0.99877009994 3.0
0.114608508661 0.998768904505 0.000117887240125 0.998772311261 3.0
0.116845319118 0.998749112183 0.000117887240125 0.998774585872 3.0
0.119082129576 0.998674495182 0.000117887240125 0.998776925215 3.0
0.121318940034 0.998888040783 0.000117887240125 0.998779330796 3.0
0.123555750491 0.99868630381 0.000117887240125 0.998781804186 3.0
0.125792560949 0.998885135311 0.000117887240125 0.998784347025 3.0
0.128029371407 0.998908549083 0.000117887240125 0.998786961025 3.0
0.130266181865 0.998875177455 0.000117887240125 0.998789647977 3.0
0.132502992322 0.998626455025 0.000117887240125 0.998792409749 3.0
0.13473980278 0.998865355898 0.000117887240125 0.998795248299 3.0
0.136976613238 0.99856124665 0.000117887240125 0.998798165673 3.0
0.139213423696 0.998678788056 0.000117887240125 0.998801164013 3.0
0.141450234153 0.998627587523 0.000117887240125 0.998804245563 3.0
0.143687044611 0.998761282918 0.000117887240125 0.998807412675 3.0
0.145923855069 0.99881874622 0.000117887240125 0.998810667815 3.0
0.148160665526 0.998651139129 0.000117887240125 0.998814013572 3.0
0.150397475984 0.998896615189 0.000117887240125 0.998817452665 3.0
0.152634286442 0.998740583193 0.000117887240125 0.998820987949 3.0
0.1548710969 0.999088478574 0.000117887240125 0.998824622431 3.0
0.157107907357 0.998573368594 0.000117887240125 0.998828359275 3.0
0.159344717815 0.998637652917 0.000117887240125 0.998832201814 3.0
0.161581528273 0.998793551105 0.000117887240125 0.998836153564 3.0
0.163818338731 0.998834753827 0.000117887240125 0.998840218238 3.0
0.166055149188 0.999164596088 0.000117887240125 0.99884439976 3.0
0.168291959646 0.998858118055 0.000117887240125 0.99884870228 3.0
0.170528770104 0.99874673507 0.000117887240125 0.998853130195 3.0
0.172765580562 0.998921552504 0.000117887240125 0.99885768817 3.0
0.175002391019 0.998892211677 0.000117887240125 0.998862381158 3.0
0.177239201477 0.998885847061 0.000117887240125 0.998867214424 3.0
0.179476011935 0.999025052188 0.000117887240125 0.99887219358 3.0
0.181712822392 0.9990458039 0.000117887240125 0.998877324609 3.0
0.18394963285 0.998836556685 0.000117887240125 0.998882613904 3.0
0.186186443308 0.998917526174 0.000117887240125 0.998888068308 3.0
0.188423253766 0.999124723965 0.000117887240125 0.998893695157 3.0
0.190660064223 0.998644325496 0.000117887240125 0.998899502334 3.0
0.192896874681 0.998906903502 0.000117887240125 0.998905498327 3.0
0.195133685139 0.998724420511 0.000117887240125 0.998911692295 3.0
0.197370495597 0.998813736567 0.000117887240125 0.998918094143 3.0
0.199607306054 0.998716752043 0.000117887240125 0.998924714616 3.0
0.201844116512 0.99884121679 0.000117887240125 0.998931565398 3.0
0.20408092697 0.999009948561 0.000117887240125 0.998938659235 3.0
0.206317737428 0.999000997528 0.000117887240125 0.998946010074 3.0
0.208554547885 0.999066289081 0.000117887240125 0.998953633234 3.0
0.210791358343 0.999076328395 0.000117887240125 0.998961545607 3.0
0.213028168801 0.999137962825 0.000117887240125 0.998969765895 3.0
0.215264979258 0.998925262056 0.000117887240125 0.998978314905 3.0
0.217501789716 0.99908167198 0.000117887240125 0.998987215908 3.0
0.219738600174 0.999052864462 0.000117887240125 0.998996495083 3.0
0.221975410632 0.998874994784 0.000117887240125 0.999006182076 3.0
0.224212221089 0.998900568387 0.000117887240125 0.999016310708 3.0
0.226449031547 0.999021390495 0.000117887240125 0.999026919897 3.0
0.228685842005 0.999047898141 0.000117887240125 0.999038054858 3.0
0.230922652463 0.999003554499 0.000117887240125 0.999049768711 3.0
0.23315946292 0.999026760312 0.000117887240125 0.99906212467 3.0
0.235396273378 0.999136528724 0.000117887240125 0.999075199075 3.0
0.237633083836 0.999151882697 0.000117887240125 0.999089085693 3.0
0.239869894294 0.999185846105 0.000117887240125 0.999103901999 3.0
0.242106704751 0.999053921179 0.000117887240125 0.999119798725 3.0
0.244343515209 0.99939426187 0.000117887240125 0.999136975532 3.0
0.246580325667 0.998987424677 0.000117887240125 0.999155711104 3.0
0.248817136124 0.999085880078 0.000117887240125 0.999176439375 3.0
0.251053946582 0.998986415686 0.000117887240125 0.999200020348 3.0
0.25329075704 0.999396541359 0.000117887240125 0.999237195426 2.0
0.255527567498 0.999371316219 0.000117887240125 0.9992988731 2.0
0.257764377955 0.999325449429 0.000117887240125 0.999371548284 2.0
0.260001188413 0.999446783116 0.000117887240125 0.999450226386 2.0
0.262237998871 0.99953022251 0.000117887240125 0.999531738104 2.0
0.264474809329 0.999616455991 0.000117887240125 0.999613570707 2.0
0.266711619786 0.999688369088 0.000117887240125 0.999693505017 2.0
0.268948430244 0.999648479087 0.000117887240125 0.999769442443 2.0
0.271185240702 0.999925252715 0.000117887240125 0.999839268519 2.0
0.27342205116 0.999861159681 0.000117887240125 0.999900675715 2.0
0.275658861617 1.00001266586 0.000117887240125 0.99995082288 2.0
0.277895672075 1.00002163788 0.000117887240125 0.999985291857 2.0
0.280132482533 0.999897531132 0.000117887240125 0.999993272112 0.0
0.28236929299 0.999961411893 0.000117887240125 0.999993272112 0.0
0.284606103448 0.999995394255 0.000117887240125 0.999993272112 0.0
0.286842913906 1.00024507556 0.000117887240125 0.999993272112 0.0
0.289079724364 0.999871511657 0.000117887240125 0.999993272112 0.0
0.291316534821 0.999787823191 0.000117887240125 0.999993272112 0.0
0.293553345279 0.999858692805 0.000117887240125 0.999993272112 0.0
0.295790155737 1.00006673317 0.000117887240125 0.999993272112 0.0
0.298026966195 0.999986687207 0.000117887240125 0.999993272112 0.0
0.300263776652 0.999933658879 0.000117887240125 0.999993272112 0.0
0.30250058711 0.999833123591 0.000117887240125 0.999993272112 0.0
0.304737397568 0.999978862282 0.000117887240125 0.999993272112 0.0
0.306974208026 0.999968560161 0.000117887240125 0.999993272112 0.0
0.309211018483 0.99998894564 0.000117887240125 0.999993272112 0.0
0.311447828941 0.999900601294 0.000117887240125 0.999993272112 0.0
0.313684639399 1.00022530204 0.000117887240125 0.999993272112 0.0
0.315921449856 0.999922551122 0.000117887240125 0.999993272112 0.0
0.318158260314 0.999929457762 0.000117887240125 0.999993272112 0.0
0.320395070772 1.00000714701 0.000117887240125 0.999993272112 0.0
0.32263188123 1.00013275605 0.000117887240125 0.999993272112 0.0
0.324868691687 1.00007811621 0.000117887240125 0.999993272112 0.0
0.327105502145 0.999967568858 0.000117887240125 0.999993272112 0.0
0.329342312603 1.00010995492 0.000117887240125 0.999993272112 0.0
0.331579123061 0.999919252013 0.000117887240125 0.999993272112 0.0
0.333815933518 1.00016648578 0.000117887240125 0.999993272112 0.0
