-0.0458598859146 1.00002855915 9.65136343686e-05 1.00000252033 0.0
-0.0455525590175 0.999911728027 9.65136343686e-05 1.00000252033 0.0
-0.0452452321204 0.999837566238 9.65136343686e-05 1.00000252033 0.0
-0.0449379052233 0.999883162429 9.65136343686e-05 1.00000252033 0.0
-0.0446305783262 1.00002559217 9.65136343686e-05 1.00000252033 0.0
-0.0443232514291 0.999896801108 9.65136343686e-05 1.00000252033 0.0
-0.044015924532 0.999885055315 9.65136343686e-05 1.00000252033 0.0
-0.0437085976349 1.00001342494 9.65136343686e-05 1.00000252033 0.0
-0.0434012707378 0.999664100743 9.65136343686e-05 1.00000252033 0.0
-0.0430939438408 1.00001929932 9.65136343686e-05 1.00000252033 0.0
-0.0427866169437 1.00010389076 9.65136343686e-05 1.00000252033 0.0
-0.0424792900466 0.999939336296 9.65136343686e-05 1.00000252033 0.0
-0.0421719631495 0.999965139766 9.65136343686e-05 1.00000252033 0.0
-0.0418646362524 1.00017283674 9.65136343686e-05 1.00000252033 0.0
-0.0415573093553 0.999978932174 9.65136343686e-05 1.00000252033 0.0
-0.0412499824582 0.999992960103 9.65136343686e-05 1.00000252033 0.0
-0.0409426555611 0.999923772528 9.65136343686e-05 1.00000252033 0.0
-0.0406353286641 1.00002309242 9.65136343686e-05 1.00000252033 0.0
-0.040328001767 1.00001184022 9.65136343686e-05 1.00000252033 0.0
-0.0400206748699 1.00003966529 9.65136343686e-05 1.00000252033 0.0
-0.0397133479728 0.999990051277 9.65136343686e-05 1.00000252033 0.0
-0.0394060210757 0.999912718719 9.65136343686e-05 1.00000252033 0.0
-0.0390986941786 1.00003150372 9.65136343686e-05 1.00000252033 0.0
-0.0387913672815 0.999971512081 9.65136343686e-05 1.00000252033 0.0
-0.0384840403844 1.00016724331 9.65136343686e-05 1.00000252033 0.0
-0.0381767134874 1.00000842021 9.65136343686e-05 0.99996812818 1.0
-0.0378693865903 0.999850759982 9.65136343686e-05 0.999887490197 1.0
-0.0375620596932 0.999853031853 9.65136343686e-05 0.999784733995 1.0
-0.0372547327961 0.999709419613 9.65136343686e-05 0.999670149266 1.0
-0.036947405899 0.999587935302 9.65136343686e-05 0.999552219701 1.0
-0.0366400790019 0.999343303422 9.65136343686e-05 0.999439993483 1.0
-0.0363327521048 0.999232149441 9.65136343686e-05 0.999346055257 1.0
-0.0360254252077 0.99946645557 9.65136343686e-05 0.999302523049 3.0
-0.0357180983107 0.999298729294 9.65136343686e-05 0.999284763862 3.0
-0.0354107714136 0.999283275255 9.65136343686e-05 0.999269385822 3.0
-0.0351034445165 0.999311080845 9.65136343686e-05 0.999255597735 3.0
-0.0347961176194 0.999084565864 9.65136343686e-05 0.999243004831 3.0
-0.0344887907223 0.99931315891 9.65136343686e-05 0.999231358466 3.0
-0.0341814638252 0.999329217501 9.65136343686e-05 0.999220489217 3.0
-0.0338741369281 0.999172995666 9.65136343686e-05 0.999210275448 3.0
-0.033566810031 0.999350319032 9.65136343686e-05 0.99920062606 3.0
-0.033259483134 0.999204334471 9.65136343686e-05 0.999191470463 3.0
-0.0329521562369 0.999003308574 9.65136343686e-05 0.999182752439 3.0
-0.0326448293398 0.999238315078 9.65136343686e-05 0.999174426228 3.0
-0.0323375024427 0.999266646058 9.65136343686e-05 0.999166453914 3.0
-0.0320301755456 0.999227634241 9.65136343686e-05 0.999158803618 3.0
-0.0317228486485 0.999104647485 9.65136343686e-05 0.999151448204 3.0
-0.0314155217514 0.999078447218 9.65136343686e-05 0.999144364333 3.0
-0.0311081948543 0.999270741032 9.65136343686e-05 0.999137531747 3.0
-0.0308008679573 0.999144666833 9.65136343686e-05 0.999130932722 3.0
-0.0304935410602 0.999217067924 9.65136343686e-05 0.999124551643 3.0
-0.0301862141631 0.999124414501 9.65136343686e-05 0.999118374663 3.0
-0.029878887266 0.999171574117 9.65136343686e-05 0.999112389437 3.0
-0.0295715603689 0.999144628119 9.65136343686e-05 0.999106584898 3.0
-0.0292642334718 0.999177108831 9.65136343686e-05 0.999100951082 3.0
-0.0289569065747 0.998898034167 9.65136343686e-05 0.999095478977 3.0
-0.0286495796776 0.999093273867 9.65136343686e-05 0.9990901604 3.0
-0.0283422527806 0.999137149105 9.65136343686e-05 0.999084987894 3.0
-0.0280349258835 0.998972263665 9.65136343686e-05 0.999079954641 3.0
-0.0277275989864 0.999123090358 9.65136343686e-05 0.999075054388 3.0
-0.0274202720893 0.999007336794 9.65136343686e-05 0.999070281381 3.0
-0.0271129451922 0.998981983796 9.65136343686e-05 0.999065630315 3.0
-0.0268056182951 0.998949175844 9.65136343686e-05 0.999061096284 3.0
-0.026498291398 0.999185313492 9.65136343686e-05 0.999056674739 3.0
-0.0261909645009 0.998891042057 9.65136343686e-05 0.999052361455 3.0
-0.0258836376038 0.998970393264 9.65136343686e-05 0.999048152499 3.0
-0.0255763107068 0.998890898011 9.65136343686e-05 0.999044044203 3.0
-0.0252689838097 0.998968627569 9.65136343686e-05 0.999040033139 3.0
-0.0249616569126 0.998943211566 9.65136343686e-05 0.999036116097 3.0
-0.0246543300155 0.998809695483 9.65136343686e-05 0.999032290071 3.0
-0.0243470031184 0.999049286287 9.65136343686e-05 0.999028552233 3.0
-0.0240396762213 0.999073155875 9.65136343686e-05 0.999024899927 3.0
-0.0237323493242 0.998951955971 9.65136343686e-05 0.999021330651 3.0
-0.0234250224271 0.999103598706 9.65136343686e-05 0.999017842046 3.0
-0.0231176955301 0.99901211046 9.65136343686e-05 0.999014431883 3.0
-0.022810368633 0.998685200395 9.65136343686e-05 0.999011098056 3.0
-0.0225030417359 0.998913883093 9.65136343686e-05 0.999007838573 3.0
-0.0221957148388 0.999005419145 9.65136343686e-05 0.999004651546 3.0
-0.0218883879417 0.998961595882 9.65136343686e-05 0.999001535185 3.0
-0.0215810610446 0.998878500318 9.65136343686e-05 0.99899848779 3.0
-0.0212737341475 0.998942566212 9.65136343686e-05 0.998995507747 3.0
-0.0209664072504 0.998992195361 9.65136343686e-05 0.99899259352 3.0
-0.0206590803534 0.999063978491 9.65136343686e-05 0.99898974365 3.0
-0.0203517534563 0.999117292722 9.65136343686e-05 0.998986956744 3.0
-0.0200444265592 0.998862191495 9.65136343686e-05 0.998984231476 3.0
-0.0197370996621 0.99904074009 9.65136343686e-05 0.998981566582 3.0
-0.019429772765 0.999097454622 9.65136343686e-05 0.998978960855 3.0
-0.0191224458679 0.999151645567 9.65136343686e-05 0.998976413142 3.0
-0.0188151189708 0.999045825 9.65136343686e-05 0.998973922341 3.0
-0.0185077920737 0.999031422868 9.65136343686e-05 0.998971487399 3.0
-0.0182004651767 0.998819368138 9.65136343686e-05 0.998969107309 3.0
-0.0178931382796 0.999309851611 9.65136343686e-05 0.998966781107 3.0
-0.0175858113825 0.998942395122 9.65136343686e-05 0.998964507869 3.0
-0.0172784844854 0.998956342653 9.65136343686e-05 0.998962286712 3.0
-0.0169711575883 0.99893440281 9.65136343686e-05 0.998960116788 3.0
-0.0166638306912 0.99898829147 9.65136343686e-05 0.998957997284 3.0
-0.0163565037941 0.999003215423 9.65136343686e-05 0.998955927421 3.0
-0.016049176897 0.999040639531 9.65136343686e-05 0.998953906452 3.0
-0.01574185 0.999066085708 9.65136343686e-05 0.99895193366 3.0
-0.0154345231029 0.99891829328 9.65136343686e-05 0.998950008357 3.0
-0.0151271962058 0.998702931706 9.65136343686e-05 0.998948129882 3.0
-0.0148198693087 0.99899777115 9.65136343686e-05 0.998946297599 3.0
-0.0145125424116 0.998958400786 9.65136343686e-05 0.9989445109 3.0
-0.0142052155145 0.999037275777 9.65136343686e-05 0.9989427692 3.0
-0.0138978886174 0.998919333532 9.65136343686e-05 0.998941071936 3.0
-0.0135905617203 0.999008343835 9.65136343686e-05 0.998939418567 3.0
-0.0132832348233 0.998897212242 9.65136343686e-05 0.998937808575 3.0
-0.0129759079262 0.999034281041 9.65136343686e-05 0.998936241461 3.0
-0.0126685810291 0.998859828349 9.65136343686e-05 0.998934716746 3.0
-0.012361254132 0.998916228658 9.65136343686e-05 0.99893323397 3.0
-0.0120539272349 0.998930617471 9.65136343686e-05 0.998931792689 3.0
-0.0117466003378 0.998902010167 9.65136343686e-05 0.998930392481 3.0
-0.0114392734407 0.998935591541 9.65136343686e-05 0.998929032936 3.0
-0.0111319465436 0.998961745151 9.65136343686e-05 0.998927713662 3.0
-0.0108246196466 0.999009676339 9.65136343686e-05 0.998926434284 3.0
-0.0105172927495 0.998819103348 9.65136343686e-05 0.998925194442 3.0
-0.0102099658524 0.998937206729 9.65136343686e-05 0.998923993788 3.0
-0.00990263895529 0.998763936056 9.65136343686e-05 0.99892283199 3.0
-0.0095953120582 0.998898386331 9.65136343686e-05 0.998921708731 3.0
-0.00928798516111 0.998865729015 9.65136343686e-05 0.998920623705 3.0
-0.00898065826403 0.998932742893 9.65136343686e-05 0.998919576621 3.0
-0.00867333136694 0.998986875056 9.65136343686e-05 0.998918567199 3.0
-0.00836600446985 0.99887713035 9.65136343686e-05 0.998917595171 3.0
-0.00805867757276 0.998963809476 9.65136343686e-05 0.998916660283 3.0
-0.00775135067567 0.998906230483 9.65136343686e-05 0.998915762292 3.0
-0.00744402377859 0.999087057639 9.65136343686e-05 0.998914900963 3.0
-0.0071366968815 0.998784525285 9.65136343686e-05 0.998914076077 3.0
-0.00682936998441 0.999029800197 9.65136343686e-05 0.998913287423 3.0
-0.00652204308732 0.9989732252 9.65136343686e-05 0.998912534799 3.0
-0.00621471619024 0.998887279652 9.65136343686e-05 0.998911818018 3.0
-0.00590738929315 0.99874462115 9.65136343686e-05 0.998911136899 3.0
-0.00560006239606 0.999134477219 9.65136343686e-05 0.998910491271 3.0
-0.00529273549897 0.998808755704 9.65136343686e-05 0.998909880976 3.0
-0.00498540860189 0.999000822779 9.65136343686e-05 0.998909305862 3.0
-0.0046780817048 0.998946095334 9.65136343686e-05 0.998908765788 3.0
-0.00437075480771 0.998952344571 9.65136343686e-05 0.998908260621 3.0
-0.00406342791062 0.999035501385 9.65136343686e-05 0.998907790239 3.0
-0.00375610101353 0.998957585315 9.65136343686e-05 0.998907354527 3.0
-0.00344877411645 0.998956676069 9.65136343686e-05 0.998906953381 3.0
-0.00314144721936 0.998793978762 9.65136343686e-05 0.998906586702 3.0
-0.00283412032227 0.998812666755 9.65136343686e-05 0.998906254403 3.0
-0.00252679342518 0.998910567418 9.65136343686e-05 0.998905956405 3.0
-0.0022194665281 0.998869169074 9.65136343686e-05 0.998905692635 3.0
-0.00191213963101 0.998930531155 9.65136343686e-05 0.998905463031 3.0
-0.00160481273392 0.998793423508 9.65136343686e-05 0.998905267539 3.0
-0.00129748583683 0.99878553745 9.65136343686e-05 0.998905106111 3.0
-0.000990158939745 0.998748795234 9.65136343686e-05 0.998904969357 3.0
-0.000682832042658 0.998879739701 9.65136343686e-05 0.998904875951 3.0
-0.00037550514557 0.998813219362 9.65136343686e-05 0.998904816518 3.0
-6.81782484823e-05 0.998764578784 9.65136343686e-05 0.998904791045 3.0
0.000239148648605 0.99886600507 9.65136343686e-05 0.9989047997 3.0
0.000546475545693 0.998852164677 9.65136343686e-05 0.998904842368 3.0
0.000853802442781 0.999014060073 9.65136343686e-05 0.998904919002 3.0
0.00116112933987 0.998897599925 9.65136343686e-05 0.998905038972 3.0
0.00146845623696 0.998875678168 9.65136343686e-05 0.9989051836 3.0
0.00177578313404 0.99897600272 9.65136343686e-05 0.998905362272 3.0
0.00208311003113 0.998804321281 9.65136343686e-05 0.998905575031 3.0
0.00239043692822 0.998859386153 9.65136343686e-05 0.998905821929 3.0
0.00269776382531 0.998802459464 9.65136343686e-05 0.998906103023 3.0
0.00300509072239 0.998965707726 9.65136343686e-05 0.99890641838 3.0
0.00331241761948 0.999048559315 9.65136343686e-05 0.998906768078 3.0
0.00361974451657 0.998814324089 9.65136343686e-05 0.998907152199 3.0
0.00392707141366 0.998979103407 9.65136343686e-05 0.998907570836 3.0
0.00423439831075 0.999024166122 9.65136343686e-05 0.99890802409 3.0
0.00454172520783 0.998949210731 9.65136343686e-05 0.998908512071 3.0
0.00484905210492 0.998752208834 9.65136343686e-05 0.998909034899 3.0
0.00515637900201 0.99898714994 9.65136343686e-05 0.998909592699 3.0
0.0054637058991 0.998792269273 9.65136343686e-05 0.99891018561 3.0
0.00577103279618 0.99883684227 9.65136343686e-05 0.998910813777 3.0
0.00607835969327 0.998791568016 9.65136343686e-05 0.998911477356 3.0
0.00638568659036 0.999002276189 9.65136343686e-05 0.998912176512 3.0
0.00669301348745 0.99890232624 9.65136343686e-05 0.99891291142 3.0
0.00700034038453 0.998840495629 9.65136343686e-05 0.998913682264 3.0
0.00730766728162 0.999144031422 9.65136343686e-05 0.99891448924 3.0
0.00761499417871 0.998917204219 9.65136343686e-05 0.998915332553 3.0
0.0079223210758 0.998997614892 9.65136343686e-05 0.998916212418 3.0
0.00822964797289 0.998854744249 9.65136343686e-05 0.998917129064 3.0
0.00853697486997 0.998895898527 9.65136343686e-05 0.998918082727 3.0
0.00884430176706 0.998680166155 9.65136343686e-05 0.998919073658 3.0
0.00915162866415 0.999021334645 9.65136343686e-05 0.998920102117 3.0
0.00945895556124 0.998961297146 9.65136343686e-05 0.998921168378 3.0
0.00976628245832 0.998981246616 9.65136343686e-05 0.998922272727 3.0
0.0100736093554 0.998935570959 9.65136343686e-05 0.998923415463 3.0
0.0103809362525 0.999062746323 9.65136343686e-05 0.998924596896 3.0
0.0106882631496 0.999052054235 9.65136343686e-05 0.998925817352 3.0
0.0109955900467 0.99890960494 9.65136343686e-05 0.99892707717 3.0
0.0113029169438 0.998761704908 9.65136343686e-05 0.998928376704 3.0
0.0116102438409 0.998869465595 9.65136343686e-05 0.998929716322 3.0
0.0119175707379 0.999041668448 9.65136343686e-05 0.998931096408 3.0
0.012224897635 0.998898261108 9.65136343686e-05 0.998932517363 3.0
0.0125322245321 0.998881471289 9.65136343686e-05 0.998933979602 3.0
0.0128395514292 0.999119137295 9.65136343686e-05 0.998935483558 3.0
0.0131468783263 0.998973597062 9.65136343686e-05 0.998937029685 3.0
0.0134542052234 0.999035869145 9.65136343686e-05 0.99893861845 3.0
0.0137615321205 0.998796711014 9.65136343686e-05 0.998940250343 3.0
0.0140688590176 0.998989721469 9.65136343686e-05 0.998941925873 3.0
0.0143761859146 0.998944891478 9.65136343686e-05 0.99894364557 3.0
0.0146835128117 0.999161481647 9.65136343686e-05 0.998945409985 3.0
0.0149908397088 0.999063475135 9.65136343686e-05 0.998947219692 3.0
0.0152981666059 0.998849234916 9.65136343686e-05 0.998949075288 3.0
0.015605493503 0.99904743072 9.65136343686e-05 0.998950977395 3.0
0.0159128204001 0.998939605241 9.65136343686e-05 0.998952926661 3.0
0.0162201472972 0.999142826126 9.65136343686e-05 0.998954923761 3.0
0.0165274741943 0.998893772162 9.65136343686e-05 0.998956969397 3.0
0.0168348010913 0.998875126931 9.65136343686e-05 0.998959064301 3.0
0.0171421279884 0.999012877733 9.65136343686e-05 0.998961209238 3.0
0.0174494548855 0.998741804871 9.65136343686e-05 0.998963405002 3.0
0.0177567817826 0.998881919144 9.65136343686e-05 0.998965652423 3.0
0.0180641086797 0.999121578166 9.65136343686e-05 0.998967952368 3.0
0.0183714355768 0.998994653134 9.65136343686e-05 0.99897030574 3.0
0.0186787624739 0.998895955177 9.65136343686e-05 0.998972713482 3.0
0.018986089371 0.998974635387 9.65136343686e-05 0.998975176581 3.0
0.019293416268 0.998964209551 9.65136343686e-05 0.998977696067 3.0
0.0196007431651 0.998937602493 9.65136343686e-05 0.998980273016 3.0
0.0199080700622 0.998877131229 9.65136343686e-05 0.998982908557 3.0
0.0202153969593 0.999206717982 9.65136343686e-05 0.998985603868 3.0
0.0205227238564 0.998886594975 9.65136343686e-05 0.998988360186 3.0
0.0208300507535 0.998860681815 9.65136343686e-05 0.998991178806 3.0
0.0211373776506 0.999239249434 9.65136343686e-05 0.998994061087 3.0
0.0214447045477 0.998796759914 9.65136343686e-05 0.998997008455 3.0
0.0217520314447 0.999120902261 9.65136343686e-05 0.999000022407 3.0
0.0220593583418 0.999084890076 9.65136343686e-05 0.999003104518 3.0
0.0223666852389 0.999116583631 9.65136343686e-05 0.999006256445 3.0
0.022674012136 0.998968931845 9.65136343686e-05 0.999009479932 3.0
0.0229813390331 0.998995748145 9.65136343686e-05 0.999012776819 3.0
0.0232886659302 0.998948933619 9.65136343686e-05 0.999016149044 3.0
0.0235959928273 0.999136238843 9.65136343686e-05 0.999019598658 3.0
0.0239033197244 0.999087508677 9.65136343686e-05 0.999023127827 3.0
0.0242106466214 0.998994442641 9.65136343686e-05 0.999026738844 3.0
0.0245179735185 0.99900768004 9.65136343686e-05 0.999030434139 3.0
0.0248253004156 0.998848626486 9.65136343686e-05 0.999034216291 3.0
0.0251326273127 0.998936910055 9.65136343686e-05 0.999038088042 3.0
0.0254399542098 0.999158022817 9.65136343686e-05 0.999042052306 3.0
0.0257472811069 0.999133638202 9.65136343686e-05 0.999046112192 3.0
0.026054608004 0.999074299595 9.65136343686e-05 0.999050271017 3.0
0.0263619349011 0.99905952619 9.65136343686e-05 0.999054532328 3.0
0.0266692617981 0.999120477347 9.65136343686e-05 0.999058899924 3.0
0.0269765886952 0.998884654448 9.65136343686e-05 0.999063377882 3.0
0.0272839155923 0.999102984227 9.65136343686e-05 0.999067970587 3.0
0.0275912424894 0.999096259099 9.65136343686e-05 0.999072682763 3.0
0.0278985693865 0.998922975756 9.65136343686e-05 0.999077519515 3.0
0.0282058962836 0.999199175468 9.65136343686e-05 0.999082486367 3.0
0.0285132231807 0.999258547716 9.65136343686e-05 0.999087589319 3.0
0.0288205500778 0.99901203004 9.65136343686e-05 0.999092834902 3.0
0.0291278769748 0.999095663383 9.65136343686e-05 0.999098230247 3.0
0.0294352038719 0.999326754317 9.65136343686e-05 0.999103783167 3.0
0.029742530769 0.999297796521 9.65136343686e-05 0.99910950225 3.0
0.0300498576661 0.999122498013 9.65136343686e-05 0.999115396974 3.0
0.0303571845632 0.999216506101 9.65136343686e-05 0.999121477842 3.0
0.0306645114603 0.999317047196 9.65136343686e-05 0.999127756542 3.0
0.0309718383574 0.998915865893 9.65136343686e-05 0.99913424615 3.0
0.0312791652545 0.998895360555 9.65136343686e-05 0.99914096137 3.0
0.0315864921516 0.999218026661 9.65136343686e-05 0.999147918838 3.0
0.0318938190486 0.999065869122 9.65136343686e-05 0.999155137501 3.0
0.0322011459457 0.999249161996 9.65136343686e-05 0.999162639101 3.0
0.0325084728428 0.99888906526 9.65136343686e-05 0.999170448796 3.0
0.0328157997399 0.999125049118 9.65136343686e-05 0.999178595988 3.0
0.033123126637 0.999156898795 9.65136343686e-05 0.999187115423 3.0
0.0334304535341 0.999181138743 9.65136343686e-05 0.999196048723 3.0
0.0337377804312 0.999297002249 9.65136343686e-05 0.999205446549 3.0
0.0340451073283 0.999255334624 9.65136343686e-05 0.999215371796 3.0
0.0343524342253 0.999150471092 9.65136343686e-05 0.999225904482 3.0
0.0346597611224 0.999334285796 9.65136343686e-05 0.999237149567 3.0
0.0349670880195 0.999253597829 9.65136343686e-05 0.999249250074 3.0
0.0352744149166 0.999267639419 9.65136343686e-05 0.999262410236 3.0
0.0355817418137 0.999463965208 9.65136343686e-05 0.999276940042 3.0
0.0358890687108 0.999301015808 9.65136343686e-05 0.999293371848 3.0
0.0361963956079 0.999090555708 9.65136343686e-05 0.999314464114 2.0
0.036503722505 0.999316271531 9.65136343686e-05 0.999390228904 2.0
0.036811049402 0.999447213677 9.65136343686e-05 0.999495468068 2.0
0.0371183762991 0.999576867412 9.65136343686e-05 0.999611827179 2.0
0.0374257031962 0.999822013011 9.65136343686e-05 0.999729114239 2.0
0.0377330300933 0.999925371483 9.65136343686e-05 0.999838809186 2.0
0.0380403569904 0.999911872126 9.65136343686e-05 0.999931925544 2.0
0.0383476838875 1.00009627645 9.65136343686e-05 0.999994967484 2.0
0.0386550107846 0.999949595009 9.65136343686e-05 1.00000252033 0.0
0.0389623376817 0.999995846514 9.65136343686e-05 1.00000252033 0.0
0.0392696645787 1.00006414495 9.65136343686e-05 1.00000252033 0.0
0.0395769914758 0.99995482703 9.65136343686e-05 1.00000252033 0.0
0.0398843183729 1.00001717441 9.65136343686e-05 1.00000252033 0.0
0.04019164527 0.999915593522 9.65136343686e-05 1.00000252033 0.0
0.0404989721671 1.00012881902 9.65136343686e-05 1.00000252033 0.0
0.0408062990642 0.999978524379 9.65136343686e-05 1.00000252033 0.0
0.0411136259613 1.00006161636 9.65136343686e-05 1.00000252033 0.0
0.0414209528584 0.999974984064 9.65136343686e-05 1.00000252033 0.0
0.0417282797554 0.999918279772 9.65136343686e-05 1.00000252033 0.0
0.0420356066525 1.00011136397 9.65136343686e-05 1.00000252033 0.0
0.0423429335496 1.00003215012 9.65136343686e-05 1.00000252033 0.0
0.0426502604467 0.999965526007 9.65136343686e-05 1.00000252033 0.0
0.0429575873438 0.999907256807 9.65136343686e-05 1.00000252033 0.0
0.0432649142409 0.999912282237 9.65136343686e-05 1.00000252033 0.0
0.043572241138 1.0000564411 9.65136343686e-05 1.00000252033 0.0
0.0438795680351 0.999965811589 9.65136343686e-05 1.00000252033 0.0
0.0441868949321 1.00020675772 9.65136343686e-05 1.00000252033 0.0
0.0444942218292 1.00007358756 9.65136343686e-05 1.00000252033 0.0
0.0448015487263 1.00023470402 9.65136343686e-05 1.00000252033 0.0
0.0451088756234 1.00011001517 9.65136343686e-05 1.00000252033 0.0
0.0454162025205 1.00002374145 9.65136343686e-05 1.00000252033 0.0
0.0457235294176 1.00006178109 9.65136343686e-05 1.00000252033 0.0
0.0460308563147 0.999946335444 9.65136343686e-05 1.00000252033 0.0
