-0.0607549192039 0.999767254246 0.000161458789577 0.999984589332 0.0
-0.0603495847079 0.999666156828 0.000161458789577 0.999984589332 0.0
-0.0599442502118 0.999874851928 0.000161458789577 0.999984589332 0.0
-0.0595389157158 0.999781309246 0.000161458789577 0.999984589332 0.0
-0.0591335812197 1.00008188394 0.000161458789577 0.999984589332 0.0
-0.0587282467237 0.999794880649 0.000161458789577 0.999984589332 0.0
-0.0583229122277 0.999720914722 0.000161458789577 0.999984589332 0.0
-0.0579175777316 0.999938330379 0.000161458789577 0.999984589332 0.0
-0.0575122432356 0.999806619034 0.000161458789577 0.999984589332 0.0
-0.0571069087396 0.999788291309 0.000161458789577 0.999984589332 0.0
-0.0567015742435 0.999956453506 0.000161458789577 0.999984589332 0.0
-0.0562962397475 0.999894948777 0.000161458789577 0.999984589332 0.0
-0.0558909052514 1.00000928152 0.000161458789577 0.999984589332 0.0
-0.0554855707554 1.00010012796 0.000161458789577 0.999984589332 0.0
-0.0550802362594 1.00015937777 0.000161458789577 0.999984589332 0.0
-0.0546749017633 1.00012272224 0.000161458789577 0.999984589332 0.0
-0.0542695672673 1.0003898119 0.000161458789577 0.999984589332 0.0
-0.0538642327713 1.00004613709 0.000161458789577 0.999984589332 0.0
-0.0534588982752 0.999841793462 0.000161458789577 0.999984589332 0.0
-0.0530535637792 0.999639203511 0.000161458789577 0.999984589332 0.0
-0.0526482292831 0.99998786699 0.000161458789577 0.999984589332 0.0
-0.0522428947871 0.999844988894 0.000161458789577 0.999984589332 0.0
-0.0518375602911 1.00002293384 0.000161458789577 0.999984589332 0.0
-0.051432225795 0.999647434268 0.000161458789577 0.999984589332 0.0
-0.051026891299 0.999758153562 0.000161458789577 0.999984589332 0.0
-0.0506215568029 1.00005911703 0.000161458789577 0.999984589332 1.0
-0.0502162223069 0.999940610927 0.000161458789577 0.999946511663 1.0
-0.0498108878109 0.999795583961 0.000161458789577 0.999873185859 1.0
-0.0494055533148 0.999933438215 0.000161458789577 0.999775766784 1.0
-0.0490002188188 0.999652771773 0.000161458789577 0.999658538768 1.0
-0.0485948843228 0.999684725033 0.000161458789577 0.999524178276 1.0
-0.0481895498267 0.999361361385 0.000161458789577 0.999374638397 1.0
-0.0477842153307 0.999444113964 0.000161458789577 0.999211469914 1.0
-0.0473788808346 0.999094583827 0.000161458789577 0.999035971923 1.0
-0.0469735463386 0.998720459401 0.000161458789577 0.998849273708 1.0
-0.0465682118426 0.998108072157 0.000161458789577 0.998652383833 1.0
-0.0461628773465 0.998757418393 0.000161458789577 0.998446221764 1.0
-0.0457575428505 0.998413795665 0.000161458789577 0.998231639384 1.0
-0.0453522083544 0.998070630469 0.000161458789577 0.998009436295 1.0
-0.0449468738584 0.997666422398 0.000161458789577 0.997780371111 1.0
-0.0445415393624 0.99766218556 0.000161458789577 0.997545170078 1.0
-0.0441362048663 0.99700425761 0.000161458789577 0.997304533849 1.0
-0.0437308703703 0.996896020872 0.000161458789577 0.997059142973 1.0
-0.0433255358743 0.996659098738 0.000161458789577 0.996809662456 1.0
-0.0429202013782 0.996627524319 0.000161458789577 0.99655674569 1.0
-0.0425148668822 0.996367596214 0.000161458789577 0.996301037919 1.0
-0.0421095323861 0.995911233725 0.000161458789577 0.996043179428 1.0
-0.0417041978901 0.995866249419 0.000161458789577 0.995783808563 1.0
-0.0412988633941 0.995557328018 0.000161458789577 0.995523564707 1.0
-0.040893528898 0.995065781622 0.000161458789577 0.995263091335 1.0
-0.040488194402 0.994895871819 0.000161458789577 0.995003039261 1.0
-0.040082859906 0.994882177271 0.000161458789577 0.994744070223 1.0
-0.0396775254099 0.994938769918 0.000161458789577 0.994486860978 1.0
-0.0392721909139 0.994153553795 0.000161458789577 0.994232108152 1.0
-0.0388668564178 0.994113634459 0.000161458789577 0.993980534132 1.0
-0.0384615219218 0.993773277823 0.000161458789577 0.993732894491 1.0
-0.0380561874258 0.993196275857 0.000161458789577 0.993489987576 1.0
-0.0376508529297 0.993189344437 0.000161458789577 0.993252667327 1.0
-0.0372455184337 0.993119044732 0.000161458789577 0.993021860986 1.0
-0.0368401839376 0.992944538648 0.000161458789577 0.992798594559 1.0
-0.0364348494416 0.992694492852 0.000161458789577 0.992584031176 1.0
-0.0360295149456 0.992414027226 0.000161458789577 0.992379532503 1.0
-0.0356241804495 0.992120223791 0.000161458789577 0.992186765235 1.0
-0.0352188459535 0.992200354116 0.000161458789577 0.992007908465 1.0
-0.0348135114575 0.991655753104 0.000161458789577 0.991846139734 1.0
-0.0344081769614 0.991763814942 0.000161458789577 0.991707293864 1.0
-0.0340028424654 0.991599612104 0.000161458789577 0.991608921831 3.0
-0.0335975079693 0.991328189031 0.000161458789577 0.99152765271 3.0
-0.0331921734733 0.991226119335 0.000161458789577 0.991451024389 3.0
-0.0327868389773 0.991409627769 0.000161458789577 0.991378181098 3.0
-0.0323815044812 0.991464602911 0.000161458789577 0.991308596125 3.0
-0.0319761699852 0.991183674402 0.000161458789577 0.991241896007 3.0
-0.0315708354892 0.991029106986 0.000161458789577 0.991177796454 3.0
-0.0311655009931 0.991322164553 0.000161458789577 0.99111607118 3.0
-0.0307601664971 0.990989497356 0.000161458789577 0.991056534385 3.0
-0.030354832001 0.990752000537 0.000161458789577 0.990999029972 3.0
-0.029949497505 0.991180848859 0.000161458789577 0.990943424466 3.0
-0.029544163009 0.990687882196 0.000161458789577 0.990889602122 3.0
-0.0291388285129 0.990995115048 0.000161458789577 0.990837461427 3.0
-0.0287334940169 0.990887947101 0.000161458789577 0.990786912505 3.0
-0.0283281595208 0.990827573203 0.000161458789577 0.990737875151 3.0
-0.0279228250248 0.990691240442 0.000161458789577 0.990690277301 3.0
-0.0275174905288 0.990809563889 0.000161458789577 0.990644053833 3.0
-0.0271121560327 0.990549288661 0.000161458789577 0.990599145587 3.0
-0.0267068215367 0.990704469681 0.000161458789577 0.990555498585 3.0
-0.0263014870407 0.990233579926 0.000161458789577 0.990513063373 3.0
-0.0258961525446 0.990400126239 0.000161458789577 0.990471794483 3.0
-0.0254908180486 0.990371456878 0.000161458789577 0.990431649973 3.0
-0.0250854835525 0.990214611781 0.000161458789577 0.990392591045 3.0
-0.0246801490565 0.990375039566 0.000161458789577 0.990354581708 3.0
-0.0242748145605 0.990473852432 0.000161458789577 0.990317588497 3.0
-0.0238694800644 0.989875094179 0.000161458789577 0.990281580227 3.0
-0.0234641455684 0.990158814 0.000161458789577 0.990246527776 3.0
-0.0230588110724 0.989912890556 0.000161458789577 0.990212403899 3.0
-0.0226534765763 0.98998175112 0.000161458789577 0.990179183061 3.0
-0.0222481420803 0.989836072643 0.000161458789577 0.990146841293 3.0
-0.0218428075842 0.990366739729 0.000161458789577 0.990115356063 3.0
-0.0214374730882 0.989989465548 0.000161458789577 0.990084706158 3.0
-0.0210321385922 0.989874794528 0.000161458789577 0.990054871583 3.0
-0.0206268040961 0.990081012371 0.000161458789577 0.990025833471 3.0
-0.0202214696001 0.990262733672 0.000161458789577 0.989997573996 3.0
-0.019816135104 0.989594775997 0.000161458789577 0.9899700763 3.0
-0.019410800608 0.989794292041 0.000161458789577 0.98994332443 3.0
-0.019005466112 0.990216104804 0.000161458789577 0.989917303268 3.0
-0.0186001316159 0.990124893657 0.000161458789577 0.989891998483 3.0
-0.0181947971199 0.989944276408 0.000161458789577 0.98986739648 3.0
-0.0177894626239 0.989876902366 0.000161458789577 0.989843484349 3.0
-0.0173841281278 0.989777724947 0.000161458789577 0.989820249827 3.0
-0.0169787936318 0.989823205541 0.000161458789577 0.989797681261 3.0
-0.0165734591357 0.989665614489 0.000161458789577 0.989775767568 3.0
-0.0161681246397 0.98979807289 0.000161458789577 0.989754498205 3.0
-0.0157627901437 0.989895261875 0.000161458789577 0.98973386314 3.0
-0.0153574556476 0.989569546702 0.000161458789577 0.989713852826 3.0
-0.0149521211516 0.989579312315 0.000161458789577 0.989694458169 3.0
-0.0145467866556 0.989799866557 0.000161458789577 0.989675670512 3.0
-0.0141414521595 0.989904211702 0.000161458789577 0.989657481612 3.0
-0.0137361176635 0.989855915806 0.000161458789577 0.989639883614 3.0
-0.0133307831674 0.989637764696 0.000161458789577 0.989622869042 3.0
-0.0129254486714 0.989766718591 0.000161458789577 0.989606430774 3.0
-0.0125201141754 0.98957239055 0.000161458789577 0.989590562029 3.0
-0.0121147796793 0.989798785601 0.000161458789577 0.989575256353 3.0
-0.0117094451833 0.989736765696 0.000161458789577 0.989560507604 3.0
-0.0113041106872 0.989743743192 0.000161458789577 0.989546309939 3.0
-0.0108987761912 0.989955203834 0.000161458789577 0.989532657803 3.0
-0.0104934416952 0.989524451949 0.000161458789577 0.989519545919 3.0
-0.0100881071991 0.989367843582 0.000161458789577 0.989506969273 3.0
-0.00968277270309 0.989500645542 0.000161458789577 0.989494923109 3.0
-0.00927743820706 0.989283850898 0.000161458789577 0.989483402921 3.0
-0.00887210371102 0.9897521763 0.000161458789577 0.989472404439 3.0
-0.00846676921498 0.98952886413 0.000161458789577 0.989461923627 3.0
-0.00806143471894 0.9893316575 0.000161458789577 0.989451956671 3.0
-0.0076561002229 0.989540530066 0.000161458789577 0.989442499977 3.0
-0.00725076572687 0.989192418133 0.000161458789577 0.989433550161 3.0
-0.00684543123083 0.989390059746 0.000161458789577 0.989425104045 3.0
-0.00644009673479 0.989389369095 0.000161458789577 0.989417158652 3.0
-0.00603476223875 0.989186332498 0.000161458789577 0.9894097112 3.0
-0.00562942774271 0.989564120655 0.000161458789577 0.989402759097 3.0
-0.00522409324667 0.989090682432 0.000161458789577 0.989396299938 3.0
-0.00481875875064 0.989434149836 0.000161458789577 0.989390331502 3.0
-0.0044134242546 0.989429780348 0.000161458789577 0.989384851746 3.0
-0.00400808975856 0.989336884691 0.000161458789577 0.989379858804 3.0
-0.00360275526252 0.989394865612 0.000161458789577 0.989375350981 3.0
-0.00319742076648 0.989312938169 0.000161458789577 0.989371326754 3.0
-0.00279208627045 0.989333597535 0.000161458789577 0.989367784769 3.0
-0.00238675177441 0.989199276374 0.000161458789577 0.989364723836 3.0
-0.00198141727837 0.98940263313 0.000161458789577 0.989362142931 3.0
-0.00157608278233 0.98937150721 0.000161458789577 0.989360041192 3.0
-0.00117074828629 0.989241033149 0.000161458789577 0.989358417918 3.0
-0.000765413790255 0.989013545626 0.000161458789577 0.989357272568 3.0
-0.000360079294217 0.989509898585 0.000161458789577 0.989356604762 3.0
4.52552018211e-05 0.989422008259 0.000161458789577 0.989356414277 3.0
0.000450589697859 0.989254750425 0.000161458789577 0.989356701051 3.0
0.000855924193897 0.989278979008 0.000161458789577 0.989357465179 3.0
0.00126125868994 0.989550873952 0.000161458789577 0.989358706915 3.0
0.00166659318597 0.989393358293 0.000161458789577 0.989360426671 3.0
0.00207192768201 0.989345806134 0.000161458789577 0.989362625021 3.0
0.00247726217805 0.989690068642 0.000161458789577 0.989365302697 3.0
0.00288259667409 0.989561073777 0.000161458789577 0.989368460595 3.0
0.00328793117013 0.989561183064 0.000161458789577 0.989372099771 3.0
0.00369326566616 0.989587361872 0.000161458789577 0.989376221449 3.0
0.0040986001622 0.9894653977 0.000161458789577 0.989380827017 3.0
0.00450393465824 0.989332312375 0.000161458789577 0.989385918033 3.0
0.00490926915428 0.989192522009 0.000161458789577 0.989391496224 3.0
0.00531460365032 0.989540761752 0.000161458789577 0.989397563493 3.0
0.00571993814635 0.989622129313 0.000161458789577 0.989404121919 3.0
0.00612527264239 0.989551836211 0.000161458789577 0.98941117376 3.0
0.00653060713843 0.989120753631 0.000161458789577 0.989418721457 3.0
0.00693594163447 0.98940028453 0.000161458789577 0.989426767641 3.0
0.00734127613051 0.989434648208 0.000161458789577 0.989435315132 3.0
0.00774661062655 0.989296092263 0.000161458789577 0.989444366949 3.0
0.00815194512258 0.989141713149 0.000161458789577 0.98945392631 3.0
0.00855727961862 0.98925643586 0.000161458789577 0.98946399664 3.0
0.00896261411466 0.989262092702 0.000161458789577 0.989474581578 3.0
0.0093679486107 0.989324465244 0.000161458789577 0.989485684982 3.0
0.00977328310674 0.989683814165 0.000161458789577 0.989497310935 3.0
0.0101786176028 0.98953258196 0.000161458789577 0.989509463752 3.0
0.0105839520988 0.989382309846 0.000161458789577 0.989522147992 3.0
0.0109892865949 0.989284028857 0.000161458789577 0.989535368461 3.0
0.0113946210909 0.989752790295 0.000161458789577 0.989549130224 3.0
0.0117999555869 0.98968977338 0.000161458789577 0.989563438614 3.0
0.012205290083 0.989626903923 0.000161458789577 0.989578299243 3.0
0.012610624579 0.989318540164 0.000161458789577 0.989593718014 3.0
0.013015959075 0.989769074487 0.000161458789577 0.989609701131 3.0
0.0134212935711 0.989731996696 0.000161458789577 0.989626255112 3.0
0.0138266280671 0.989588466002 0.000161458789577 0.989643386806 3.0
0.0142319625632 0.989580110734 0.000161458789577 0.989661103404 3.0
0.0146372970592 0.989575323092 0.000161458789577 0.989679412459 3.0
0.0150426315552 0.989678402323 0.000161458789577 0.989698321902 3.0
0.0154479660513 0.989656082875 0.000161458789577 0.989717840057 3.0
0.0158533005473 0.989798552221 0.000161458789577 0.989737975669 3.0
0.0162586350433 0.989923956287 0.000161458789577 0.989758737919 3.0
0.0166639695394 0.989996241553 0.000161458789577 0.989780136452 3.0
0.0170693040354 0.98988539584 0.000161458789577 0.989802181401 3.0
0.0174746385315 0.989781695544 0.000161458789577 0.989824883414 3.0
0.0178799730275 0.989862696301 0.000161458789577 0.989848253686 3.0
0.0182853075235 0.990002438016 0.000161458789577 0.989872303991 3.0
0.0186906420196 0.98968190941 0.000161458789577 0.98989704672 3.0
0.0190959765156 0.989804986428 0.000161458789577 0.989922494916 3.0
0.0195013110117 0.989961859765 0.000161458789577 0.989948662321 3.0
0.0199066455077 0.989877663583 0.000161458789577 0.989975563419 3.0
0.0203119800037 0.989828435812 0.000161458789577 0.99000321349 3.0
0.0207173144998 0.990187547519 0.000161458789577 0.990031628669 3.0
0.0211226489958 0.989961266166 0.000161458789577 0.990060826 3.0
0.0215279834918 0.990318232347 0.000161458789577 0.990090823513 3.0
0.0219333179879 0.989913960077 0.000161458789577 0.990121640298 3.0
0.0223386524839 0.990587352961 0.000161458789577 0.990153296586 3.0
0.02274398698 0.989996362171 0.000161458789577 0.990185813848 3.0
0.023149321476 0.990152578774 0.000161458789577 0.990219214896 3.0
0.023554655972 0.990140915851 0.000161458789577 0.990253524005 3.0
0.0239599904681 0.990132009267 0.000161458789577 0.990288767041 3.0
0.0243653249641 0.990313896777 0.000161458789577 0.990324971614 3.0
0.0247706594601 0.990172460006 0.000161458789577 0.990362167248 3.0
0.0251759939562 0.990456389049 0.000161458789577 0.990400385568 3.0
0.0255813284522 0.990587868107 0.000161458789577 0.990439660529 3.0
0.0259866629483 0.990309573024 0.000161458789577 0.990480028662 3.0
0.0263919974443 0.99042245665 0.000161458789577 0.990521529373 3.0
0.0267973319403 0.990421890319 0.000161458789577 0.990564205282 3.0
0.0272026664364 0.990819064354 0.000161458789577 0.990608102621 3.0
0.0276080009324 0.990598902386 0.000161458789577 0.99065327171 3.0
0.0280133354285 0.990699435684 0.000161458789577 0.990699767518 3.0
0.0284186699245 0.990975818362 0.000161458789577 0.990747650336 3.0
0.0288240044205 0.990873519904 0.000161458789577 0.990796986604 3.0
0.0292293389166 0.990675834264 0.000161458789577 0.990847849921 3.0
0.0296346734126 0.990847712995 0.000161458789577 0.990900322309 3.0
0.0300400079086 0.990663577915 0.000161458789577 0.990954495816 3.0
0.0304453424047 0.991188289042 0.000161458789577 0.991010474593 3.0
0.0308506769007 0.991404249282 0.000161458789577 0.991068377645 3.0
0.0312560113968 0.991494471797 0.000161458789577 0.99112834256 3.0
0.0316613458928 0.991131679224 0.000161458789577 0.991190530766 3.0
0.0320666803888 0.991287263834 0.000161458789577 0.991255135205 3.0
0.0324720148849 0.991389080024 0.000161458789577 0.991322392152 3.0
0.0328773493809 0.991654977359 0.000161458789577 0.991392600733 3.0
0.0332826838769 0.991482484589 0.000161458789577 0.991466158453 3.0
0.033688018373 0.991551475853 0.000161458789577 0.991543637322 3.0
0.034093352869 0.991574749878 0.000161458789577 0.991626016088 3.0
0.0344986873651 0.991868107518 0.000161458789577 0.991732949186 2.0
0.0349040218611 0.991935669781 0.000161458789577 0.991877186447 2.0
0.0353093563571 0.991890053361 0.000161458789577 0.992042740708 2.0
0.0357146908532 0.99228574152 0.000161458789577 0.992224616328 2.0
0.0361200253492 0.992378997075 0.000161458789577 0.992419904996 2.0
0.0365253598453 0.992884940478 0.000161458789577 0.992626556498 2.0
0.0369306943413 0.992794764687 0.000161458789577 0.992842977808 2.0
0.0373360288373 0.993025039217 0.000161458789577 0.993067853953 2.0
0.0377413633334 0.993307961235 0.000161458789577 0.993300053458 2.0
0.0381466978294 0.993825018605 0.000161458789577 0.993538572812 2.0
0.0385520323254 0.993877652659 0.000161458789577 0.993782501308 2.0
0.0389573668215 0.99420153889 0.000161458789577 0.994030997456 2.0
0.0393627013175 0.994211893748 0.000161458789577 0.99428327245 2.0
0.0397680358136 0.994626997935 0.000161458789577 0.994538578103 2.0
0.0401733703096 0.994768902648 0.000161458789577 0.994796197763 2.0
0.0405787048056 0.994882188413 0.000161458789577 0.995055439251 2.0
0.0409840393017 0.994890997265 0.000161458789577 0.995315629199 2.0
0.0413893737977 0.995158428006 0.000161458789577 0.995576108386 2.0
0.0417947082937 0.995944327504 0.000161458789577 0.995836227753 2.0
0.0422000427898 0.995943956466 0.000161458789577 0.996095344904 2.0
0.0426053772858 0.996475882839 0.000161458789577 0.996352820907 2.0
0.0430107117819 0.996538765469 0.000161458789577 0.996608017265 2.0
0.0434160462779 0.996750774972 0.000161458789577 0.996860292939 2.0
0.0438213807739 0.996728464098 0.000161458789577 0.997109001303 2.0
0.04422671527 0.997522950674 0.000161458789577 0.997353486916 2.0
0.044632049766 0.997378723945 0.000161458789577 0.997593081968 2.0
0.0450373842621 0.997888588458 0.000161458789577 0.997827102248 2.0
0.0454427187581 0.998181581892 0.000161458789577 0.998054842417 2.0
0.0458480532541 0.998313071248 0.000161458789577 0.998275570292 2.0
0.0462533877502 0.99859766951 0.000161458789577 0.998488519758 2.0
0.0466587222462 0.998604042339 0.000161458789577 0.99869288168 2.0
0.0470640567422 0.998884676496 0.000161458789577 0.998887791932 2.0
0.0474693912383 0.999270876733 0.000161458789577 0.999072315061 2.0
0.0478747257343 0.999342382351 0.000161458789577 0.999245421117 2.0
0.0482800602304 0.999351848643 0.000161458789577 0.999405951272 2.0
0.0486853947264 0.999769694769 0.000161458789577 0.999552563731 2.0
0.0490907292224 0.999731645179 0.000161458789577 0.999683641983 2.0
0.0494960637185 1.00008245707 0.000161458789577 0.999797121785 2.0
0.0499013982145 1.00002283861 0.000161458789577 0.99989010746 2.0
0.0503067327105 1.00012746241 0.000161458789577 0.999957727428 2.0
0.0507120672066 1.00000233582 0.000161458789577 0.999984589332 0.0
0.0511174017026 1.00021718302 0.000161458789577 0.999984589332 0.0
0.0515227361987 1.00009721998 0.000161458789577 0.999984589332 0.0
0.0519280706947 1.00008542978 0.000161458789577 0.999984589332 0.0
0.0523334051907 1.00005856918 0.000161458789577 0.999984589332 0.0
0.0527387396868 0.999946855642 0.000161458789577 0.999984589332 0.0
0.0531440741828 0.999934806194 0.000161458789577 0.999984589332 0.0
0.0535494086789 1.00041906002 0.000161458789577 0.999984589332 0.0
0.0539547431749 0.99990580176 0.000161458789577 0.999984589332 0.0
0.0543600776709 1.00006334363 0.000161458789577 0.999984589332 0.0
0.054765412167 1.00003857369 0.000161458789577 0.999984589332 0.0
0.055170746663 1.00002872266 0.000161458789577 0.999984589332 0.0
0.055576081159 1.00002823864 0.000161458789577 0.999984589332 0.0
0.0559814156551 1.00001577919 0.000161458789577 0.999984589332 0.0
0.0563867501511 1.00015329188 0.000161458789577 0.999984589332 0.0
0.0567920846472 0.999908812923 0.000161458789577 0.999984589332 0.0
0.0571974191432 1.00007377127 0.000161458789577 0.999984589332 0.0
0.0576027536392 1.00000235899 0.000161458789577 0.999984589332 0.0
0.0580080881353 0.999845983081 0.000161458789577 0.999984589332 0.0
0.0584134226313 0.999964788668 0.000161458789577 0.999984589332 0.0
0.0588187571274 0.999822507612 0.000161458789577 0.999984589332 0.0
0.0592240916234 0.999966754723 0.000161458789577 0.999984589332 0.0
0.0596294261194 1.00022334313 0.000161458789577 0.999984589332 0.0
0.0600347606155 1.00033573873 0.000161458789577 0.999984589332 0.0
0.0604400951115 0.999694765568 0.000161458789577 0.999984589332 0.0
