-0.113696372235 0.99996363852 5.39384146429e-05 1.00000915217 0.0
-0.112937045167 1.00000931948 5.39384146429e-05 1.00000915217 0.0
-0.112177718099 1.00000256124 5.39384146429e-05 1.00000915217 0.0
-0.11141839103 0.999957377309 5.39384146429e-05 1.00000915217 0.0
-0.110659063962 1.00002136371 5.39384146429e-05 1.00000915217 0.0
-0.109899736894 1.00005289607 5.39384146429e-05 1.00000915217 0.0
-0.109140409826 1.00000975077 5.39384146429e-05 1.00000915217 0.0
-0.108381082757 1.00011904393 5.39384146429e-05 1.00000915217 0.0
-0.107621755689 0.999973351492 5.39384146429e-05 1.00000915217 0.0
-0.106862428621 0.999894399732 5.39384146429e-05 1.00000915217 0.0
-0.106103101552 0.999918520785 5.39384146429e-05 1.00000915217 0.0
-0.105343774484 0.999999555691 5.39384146429e-05 1.00000915217 0.0
-0.104584447416 1.0000144742 5.39384146429e-05 1.00000915217 0.0
-0.103825120348 0.999953065973 5.39384146429e-05 1.00000915217 0.0
-0.103065793279 1.00003303325 5.39384146429e-05 1.00000915217 0.0
-0.102306466211 1.00001877383 5.39384146429e-05 1.00000915217 0.0
-0.101547139143 1.00007977265 5.39384146429e-05 1.00000915217 0.0
-0.100787812075 1.00008182427 5.39384146429e-05 1.00000915217 0.0
-0.100028485006 1.00004878717 5.39384146429e-05 1.00000915217 0.0
-0.099269157938 0.999991268221 5.39384146429e-05 1.00000915217 0.0
-0.0985098308698 1.0000207248 5.39384146429e-05 1.00000915217 0.0
-0.0977505038015 1.00005168306 5.39384146429e-05 1.00000915217 0.0
-0.0969911767332 0.999962320195 5.39384146429e-05 1.00000915217 0.0
-0.096231849665 1.00015329459 5.39384146429e-05 1.00000915217 0.0
-0.0954725225967 1.00006079203 5.39384146429e-05 1.00000915217 0.0
-0.0947131955284 1.00002726575 5.39384146429e-05 0.999997708786 1.0
-0.0939538684601 0.999899446973 5.39384146429e-05 0.999956780114 1.0
-0.0931945413919 0.999956212342 5.39384146429e-05 0.999903018773 1.0
-0.0924352143236 0.999797433269 5.39384146429e-05 0.999843217947 1.0
-0.0916758872553 0.99978286657 5.39384146429e-05 0.999782549644 1.0
-0.0909165601871 0.999796371567 5.39384146429e-05 0.999726422006 1.0
-0.0901572331188 0.999643677014 5.39384146429e-05 0.999682739663 1.0
-0.0893979060505 0.999604423307 5.39384146429e-05 0.99966953061 3.0
-0.0886385789823 0.999656797703 5.39384146429e-05 0.999663787225 3.0
-0.087879251914 0.999729768989 5.39384146429e-05 0.999658630309 3.0
-0.0871199248457 0.999707412866 5.39384146429e-05 0.999653886751 3.0
-0.0863605977774 0.999586748901 5.39384146429e-05 0.999649460109 3.0
-0.0856012707092 0.999718846542 5.39384146429e-05 0.999645286825 3.0
-0.0848419436409 0.999609015206 5.39384146429e-05 0.999641323353 3.0
-0.0840826165726 0.999579737367 5.39384146429e-05 0.999637538563 3.0
-0.0833232895044 0.999585675922 5.39384146429e-05 0.999633909232 3.0
-0.0825639624361 0.999628295917 5.39384146429e-05 0.999630417388 3.0
-0.0818046353678 0.999632543115 5.39384146429e-05 0.999627048704 3.0
-0.0810453082995 0.999601644149 5.39384146429e-05 0.999623791495 3.0
-0.0802859812313 0.999489558385 5.39384146429e-05 0.999620636056 3.0
-0.079526654163 0.999666003255 5.39384146429e-05 0.999617574205 3.0
-0.0787673270947 0.999552106784 5.39384146429e-05 0.999614598962 3.0
-0.0780080000265 0.999593290546 5.39384146429e-05 0.999611704312 3.0
-0.0772486729582 0.999611893997 5.39384146429e-05 0.999608885024 3.0
-0.0764893458899 0.999616808697 5.39384146429e-05 0.999606136518 3.0
-0.0757300188216 0.999606534437 5.39384146429e-05 0.999603454753 3.0
-0.0749706917534 0.999564343477 5.39384146429e-05 0.999600836143 3.0
-0.0742113646851 0.999689303213 5.39384146429e-05 0.999598277489 3.0
-0.0734520376168 0.99952903662 5.39384146429e-05 0.999595775924 3.0
-0.0726927105486 0.999567396186 5.39384146429e-05 0.999593328862 3.0
-0.0719333834803 0.999582023438 5.39384146429e-05 0.999590933966 3.0
-0.071174056412 0.999562894726 5.39384146429e-05 0.999588589113 3.0
-0.0704147293437 0.999618245941 5.39384146429e-05 0.999586292369 3.0
-0.0696554022755 0.99958131284 5.39384146429e-05 0.999584041965 3.0
-0.0688960752072 0.999562263831 5.39384146429e-05 0.999581836278 3.0
-0.0681367481389 0.999660434249 5.39384146429e-05 0.999579673815 3.0
-0.0673774210707 0.999716066202 5.39384146429e-05 0.9995775532 3.0
-0.0666180940024 0.999557205517 5.39384146429e-05 0.99957547316 3.0
-0.0658587669341 0.999523417701 5.39384146429e-05 0.999573432515 3.0
-0.0650994398658 0.999652242323 5.39384146429e-05 0.999571430169 3.0
-0.0643401127976 0.999632224628 5.39384146429e-05 0.999569465101 3.0
-0.0635807857293 0.999623481086 5.39384146429e-05 0.999567536359 3.0
-0.062821458661 0.999563185546 5.39384146429e-05 0.999565643056 3.0
-0.0620621315928 0.999535138516 5.39384146429e-05 0.999563784357 3.0
-0.0613028045245 0.999515476825 5.39384146429e-05 0.999561959484 3.0
-0.0605434774562 0.999496043741 5.39384146429e-05 0.999560167703 3.0
-0.0597841503879 0.999599508304 5.39384146429e-05 0.999558408325 3.0
-0.0590248233197 0.999602382366 5.39384146429e-05 0.999556680702 3.0
-0.0582654962514 0.999593274024 5.39384146429e-05 0.99955498422 3.0
-0.0575061691831 0.999466442952 5.39384146429e-05 0.999553318304 3.0
-0.0567468421149 0.999526735436 5.39384146429e-05 0.999551682406 3.0
-0.0559875150466 0.999489906237 5.39384146429e-05 0.999550076011 3.0
-0.0552281879783 0.999419129882 5.39384146429e-05 0.999548498628 3.0
-0.05446886091 0.999524723838 5.39384146429e-05 0.999546949793 3.0
-0.0537095338418 0.999577086582 5.39384146429e-05 0.999545429066 3.0
-0.0529502067735 0.99940819289 5.39384146429e-05 0.999543936029 3.0
-0.0521908797052 0.999567077172 5.39384146429e-05 0.999542470282 3.0
-0.051431552637 0.999522960195 5.39384146429e-05 0.999541031449 3.0
-0.0506722255687 0.999566124886 5.39384146429e-05 0.999539619167 3.0
-0.0499128985004 0.999432380538 5.39384146429e-05 0.999538233094 3.0
-0.0491535714321 0.999544975536 5.39384146429e-05 0.9995368729 3.0
-0.0483942443639 0.999606344958 5.39384146429e-05 0.999535538275 3.0
-0.0476349172956 0.99944246284 5.39384146429e-05 0.999534228918 3.0
-0.0468755902273 0.999601646452 5.39384146429e-05 0.999532944544 3.0
-0.0461162631591 0.999509365763 5.39384146429e-05 0.99953168488 3.0
-0.0453569360908 0.999435627557 5.39384146429e-05 0.999530449665 3.0
-0.0445976090225 0.999570579 5.39384146429e-05 0.99952923865 3.0
-0.0438382819542 0.999624038081 5.39384146429e-05 0.999528051594 3.0
-0.043078954886 0.999581689787 5.39384146429e-05 0.999526888269 3.0
-0.0423196278177 0.999515379692 5.39384146429e-05 0.999525748454 3.0
-0.0415603007494 0.99952962989 5.39384146429e-05 0.99952463194 3.0
-0.0408009736812 0.999551755613 5.39384146429e-05 0.999523538525 3.0
-0.0400416466129 0.999503857314 5.39384146429e-05 0.999522468014 3.0
-0.0392823195446 0.999531081487 5.39384146429e-05 0.999521420222 3.0
-0.0385229924763 0.999538626254 5.39384146429e-05 0.99952039497 3.0
-0.0377636654081 0.999565791751 5.39384146429e-05 0.999519392087 3.0
-0.0370043383398 0.999580992727 5.39384146429e-05 0.999518411409 3.0
-0.0362450112715 0.999594508068 5.39384146429e-05 0.999517452777 3.0
-0.0354856842033 0.999523252047 5.39384146429e-05 0.99951651604 3.0
-0.034726357135 0.999476647936 5.39384146429e-05 0.999515601051 3.0
-0.0339670300667 0.999440408753 5.39384146429e-05 0.999514707672 3.0
-0.0332077029984 0.999476443535 5.39384146429e-05 0.999513835766 3.0
-0.0324483759302 0.99958294542 5.39384146429e-05 0.999512985206 3.0
-0.0316890488619 0.999598579506 5.39384146429e-05 0.999512155866 3.0
-0.0309297217936 0.999528964342 5.39384146429e-05 0.999511347627 3.0
-0.0301703947254 0.999563078889 5.39384146429e-05 0.999510560374 3.0
-0.0294110676571 0.999509603214 5.39384146429e-05 0.999509793998 3.0
-0.0286517405888 0.999470481835 5.39384146429e-05 0.999509048392 3.0
-0.0278924135205 0.999522492801 5.39384146429e-05 0.999508323455 3.0
-0.0271330864523 0.999515629222 5.39384146429e-05 0.999507619088 3.0
-0.026373759384 0.999492196466 5.39384146429e-05 0.999506935199 3.0
-0.0256144323157 0.999474889663 5.39384146429e-05 0.999506271698 3.0
-0.0248551052475 0.999544551174 5.39384146429e-05 0.999505628498 3.0
-0.0240957781792 0.99945483988 5.39384146429e-05 0.999505005516 3.0
-0.0233364511109 0.99953395343 5.39384146429e-05 0.999504402673 3.0
-0.0225771240426 0.999404979212 5.39384146429e-05 0.999503819894 3.0
-0.0218177969744 0.999548336338 5.39384146429e-05 0.999503257106 3.0
-0.0210584699061 0.999448126198 5.39384146429e-05 0.999502714239 3.0
-0.0202991428378 0.99951497342 5.39384146429e-05 0.999502191227 3.0
-0.0195398157696 0.999485172365 5.39384146429e-05 0.999501688006 3.0
-0.0187804887013 0.999527061782 5.39384146429e-05 0.999501204516 3.0
-0.018021161633 0.999504772162 5.39384146429e-05 0.9995007407 3.0
-0.0172618345647 0.999523238476 5.39384146429e-05 0.999500296502 3.0
-0.0165025074965 0.999495292843 5.39384146429e-05 0.99949987187 3.0
-0.0157431804282 0.999427141136 5.39384146429e-05 0.999499466755 3.0
-0.0149838533599 0.999505119219 5.39384146429e-05 0.999499081109 3.0
-0.0142245262917 0.999525354277 5.39384146429e-05 0.999498714889 3.0
-0.0134651992234 0.999503271377 5.39384146429e-05 0.999498368053 3.0
-0.0127058721551 0.999476024963 5.39384146429e-05 0.999498040561 3.0
-0.0119465450868 0.999562406619 5.39384146429e-05 0.999497732375 3.0
-0.0111872180186 0.999440683391 5.39384146429e-05 0.999497443462 3.0
-0.0104278909503 0.999459778161 5.39384146429e-05 0.999497173789 3.0
-0.00966856388203 0.999455595445 5.39384146429e-05 0.999496923326 3.0
-0.00890923681376 0.999505028658 5.39384146429e-05 0.999496692045 3.0
-0.00814990974549 0.999489745788 5.39384146429e-05 0.999496479921 3.0
-0.00739058267721 0.999566848766 5.39384146429e-05 0.99949628693 3.0
-0.00663125560894 0.999487862715 5.39384146429e-05 0.99949611305 3.0
-0.00587192854067 0.99957498528 5.39384146429e-05 0.999495958264 3.0
-0.0051126014724 0.999513865602 5.39384146429e-05 0.999495822553 3.0
-0.00435327440413 0.999453506588 5.39384146429e-05 0.999495705904 3.0
-0.00359394733586 0.999419662492 5.39384146429e-05 0.999495608303 3.0
-0.00283462026759 0.999538877432 5.39384146429e-05 0.999495529741 3.0
-0.00207529319931 0.999520304035 5.39384146429e-05 0.999495470207 3.0
-0.00131596613104 0.999514417895 5.39384146429e-05 0.999495429697 3.0
-0.000556639062772 0.999440721956 5.39384146429e-05 0.999495408205 3.0
0.000202688005499 0.999508482695 5.39384146429e-05 0.999495405729 3.0
0.000962015073771 0.999460417663 5.39384146429e-05 0.99949542227 3.0
0.00172134214204 0.999485783401 5.39384146429e-05 0.999495457828 3.0
0.00248066921031 0.999525961098 5.39384146429e-05 0.999495512408 3.0
0.00323999627858 0.999545103129 5.39384146429e-05 0.999495586015 3.0
0.00399932334686 0.999412091178 5.39384146429e-05 0.999495678658 3.0
0.00475865041513 0.999520640575 5.39384146429e-05 0.999495790346 3.0
0.0055179774834 0.999500035558 5.39384146429e-05 0.999495921092 3.0
0.00627730455167 0.999520714298 5.39384146429e-05 0.999496070911 3.0
0.00703663161994 0.999466169297 5.39384146429e-05 0.999496239817 3.0
0.00779595868821 0.999406524609 5.39384146429e-05 0.99949642783 3.0
0.00855528575648 0.999597840469 5.39384146429e-05 0.999496634971 3.0
0.00931461282476 0.99949484021 5.39384146429e-05 0.999496861262 3.0
0.010073939893 0.99955037907 5.39384146429e-05 0.999497106728 3.0
0.0108332669613 0.999551580052 5.39384146429e-05 0.999497371396 3.0
0.0115925940296 0.999395608846 5.39384146429e-05 0.999497655297 3.0
0.0123519210978 0.999498745556 5.39384146429e-05 0.999497958461 3.0
0.0131112481661 0.999498500036 5.39384146429e-05 0.999498280923 3.0
0.0138705752344 0.999424525623 5.39384146429e-05 0.999498622719 3.0
0.0146299023027 0.999534993448 5.39384146429e-05 0.999498983888 3.0
0.0153892293709 0.999542166122 5.39384146429e-05 0.999499364471 3.0
0.0161485564392 0.999367151248 5.39384146429e-05 0.999499764512 3.0
0.0169078835075 0.999400230059 5.39384146429e-05 0.999500184058 3.0
0.0176672105757 0.999461645298 5.39384146429e-05 0.999500623157 3.0
0.018426537644 0.999622381673 5.39384146429e-05 0.99950108186 3.0
0.0191858647123 0.999522448907 5.39384146429e-05 0.999501560222 3.0
0.0199451917806 0.999569098306 5.39384146429e-05 0.999502058299 3.0
0.0207045188488 0.999565715483 5.39384146429e-05 0.999502576153 3.0
0.0214638459171 0.999538000966 5.39384146429e-05 0.999503113844 3.0
0.0222231729854 0.999572629549 5.39384146429e-05 0.999503671439 3.0
0.0229825000536 0.999476640247 5.39384146429e-05 0.999504249006 3.0
0.0237418271219 0.99956956737 5.39384146429e-05 0.999504846617 3.0
0.0245011541902 0.999514263068 5.39384146429e-05 0.999505464348 3.0
0.0252604812585 0.999536608603 5.39384146429e-05 0.999506102276 3.0
0.0260198083267 0.999434261599 5.39384146429e-05 0.999506760484 3.0
0.026779135395 0.999527391663 5.39384146429e-05 0.999507439056 3.0
0.0275384624633 0.999427172598 5.39384146429e-05 0.999508138081 3.0
0.0282977895315 0.999538715518 5.39384146429e-05 0.999508857653 3.0
0.0290571165998 0.999451859613 5.39384146429e-05 0.999509597868 3.0
0.0298164436681 0.999516401612 5.39384146429e-05 0.999510358827 3.0
0.0305757707364 0.999489431655 5.39384146429e-05 0.999511140633 3.0
0.0313350978046 0.999541488491 5.39384146429e-05 0.999511943397 3.0
0.0320944248729 0.999459182607 5.39384146429e-05 0.999512767232 3.0
0.0328537519412 0.999573828618 5.39384146429e-05 0.999513612255 3.0
0.0336130790094 0.999503582803 5.39384146429e-05 0.999514478591 3.0
0.0343724060777 0.999603830735 5.39384146429e-05 0.999515366366 3.0
0.035131733146 0.999505952966 5.39384146429e-05 0.999516275715 3.0
0.0358910602143 0.999491740247 5.39384146429e-05 0.999517206776 3.0
0.0366503872825 0.999525307604 5.39384146429e-05 0.999518159693 3.0
0.0374097143508 0.999489242584 5.39384146429e-05 0.999519134616 3.0
0.0381690414191 0.999446119046 5.39384146429e-05 0.999520131702 3.0
0.0389283684873 0.999460380932 5.39384146429e-05 0.999521151113 3.0
0.0396876955556 0.999499977603 5.39384146429e-05 0.999522193019 3.0
0.0404470226239 0.999554756884 5.39384146429e-05 0.999523257597 3.0
0.0412063496922 0.999496255311 5.39384146429e-05 0.999524345031 3.0
0.0419656767604 0.999565153612 5.39384146429e-05 0.999525455511 3.0
0.0427250038287 0.999568410087 5.39384146429e-05 0.999526589239 3.0
0.043484330897 0.999568655886 5.39384146429e-05 0.999527746422 3.0
0.0442436579652 0.999491016364 5.39384146429e-05 0.999528927277 3.0
0.0450029850335 0.999486586471 5.39384146429e-05 0.999530132032 3.0
0.0457623121018 0.999564824776 5.39384146429e-05 0.999531360922 3.0
0.0465216391701 0.999455362413 5.39384146429e-05 0.999532614196 3.0
0.0472809662383 0.999571971095 5.39384146429e-05 0.99953389211 3.0
0.0480402933066 0.999493295667 5.39384146429e-05 0.999535194935 3.0
0.0487996203749 0.999497275022 5.39384146429e-05 0.999536522953 3.0
0.0495589474431 0.999595907946 5.39384146429e-05 0.99953787646 3.0
0.0503182745114 0.99947038367 5.39384146429e-05 0.999539255764 3.0
0.0510776015797 0.999600018139 5.39384146429e-05 0.999540661189 3.0
0.051836928648 0.999615943742 5.39384146429e-05 0.999542093076 3.0
0.0525962557162 0.999539408976 5.39384146429e-05 0.999543551779 3.0
0.0533555827845 0.999530700539 5.39384146429e-05 0.999545037673 3.0
0.0541149098528 0.999586400097 5.39384146429e-05 0.999546551151 3.0
0.054874236921 0.999622088426 5.39384146429e-05 0.999548092626 3.0
0.0556335639893 0.999528122252 5.39384146429e-05 0.999549662532 3.0
0.0563928910576 0.999499139643 5.39384146429e-05 0.999551261327 3.0
0.0571522181259 0.999570275254 5.39384146429e-05 0.999552889495 3.0
0.0579115451941 0.999480965657 5.39384146429e-05 0.999554547544 3.0
0.0586708722624 0.999561379735 5.39384146429e-05 0.999556236013 3.0
0.0594301993307 0.999514669999 5.39384146429e-05 0.99955795547 3.0
0.0601895263989 0.999572131728 5.39384146429e-05 0.999559706519 3.0
0.0609488534672 0.99954843799 5.39384146429e-05 0.999561489799 3.0
0.0617081805355 0.999503537511 5.39384146429e-05 0.999563305987 3.0
0.0624675076038 0.99958400584 5.39384146429e-05 0.999565155805 3.0
0.063226834672 0.999629195877 5.39384146429e-05 0.999567040021 3.0
0.0639861617403 0.999568200713 5.39384146429e-05 0.999568959452 3.0
0.0647454888086 0.999547600404 5.39384146429e-05 0.999570914973 3.0
0.0655048158768 0.999638221309 5.39384146429e-05 0.999572907517 3.0
0.0662641429451 0.999529632542 5.39384146429e-05 0.999574938088 3.0
0.0670234700134 0.99955418353 5.39384146429e-05 0.999577007761 3.0
0.0677827970817 0.999553266766 5.39384146429e-05 0.999579117693 3.0
0.0685421241499 0.999668212102 5.39384146429e-05 0.999581269131 3.0
0.0693014512182 0.999506407339 5.39384146429e-05 0.999583463425 3.0
0.0700607782865 0.999598598685 5.39384146429e-05 0.999585702036 3.0
0.0708201053547 0.999590898457 5.39384146429e-05 0.99958798655 3.0
0.071579432423 0.999609957655 5.39384146429e-05 0.999590318697 3.0
0.0723387594913 0.999649700599 5.39384146429e-05 0.999592700367 3.0
0.0730980865596 0.999701551456 5.39384146429e-05 0.999595133631 3.0
0.0738574136278 0.999563179884 5.39384146429e-05 0.999597620767 3.0
0.0746167406961 0.999547255238 5.39384146429e-05 0.999600164293 3.0
0.0753760677644 0.999684925061 5.39384146429e-05 0.999602766998 3.0
0.0761353948326 0.999639978591 5.39384146429e-05 0.999605431991 3.0
0.0768947219009 0.999556557347 5.39384146429e-05 0.99960816275 3.0
0.0776540489692 0.999592702201 5.39384146429e-05 0.999610963191 3.0
0.0784133760374 0.999708843306 5.39384146429e-05 0.999613837744 3.0
0.0791727031057 0.999659657959 5.39384146429e-05 0.999616791458 3.0
0.079932030174 0.999611961143 5.39384146429e-05 0.99961983013 3.0
0.0806913572423 0.999511164861 5.39384146429e-05 0.999622960467 3.0
0.0814506843105 0.999599109389 5.39384146429e-05 0.999626190311 3.0
0.0822100113788 0.999589340249 5.39384146429e-05 0.999629528935 3.0
0.0829693384471 0.999697782055 5.39384146429e-05 0.999632987454 3.0
0.0837286655153 0.999709923561 5.39384146429e-05 0.999636579426 3.0
0.0844879925836 0.999699511129 5.39384146429e-05 0.999640321751 3.0
0.0852473196519 0.999573369363 5.39384146429e-05 0.999644236083 3.0
0.0860066467202 0.99969368869 5.39384146429e-05 0.999648351151 3.0
0.0867659737884 0.999647567979 5.39384146429e-05 0.999652706688 3.0
0.0875253008567 0.999669412943 5.39384146429e-05 0.999657360079 3.0
0.088284627925 0.99969568414 5.39384146429e-05 0.999662397428 3.0
0.0890439549932 0.999686063592 5.39384146429e-05 0.999667960774 3.0
0.0898032820615 0.999646076229 5.39384146429e-05 0.999675561582 2.0
0.0905626091298 0.999676102609 5.39384146429e-05 0.999713392692 2.0
0.0913219361981 0.999787339807 5.39384146429e-05 0.999767252997 2.0
0.0920812632663 0.999813839495 5.39384146429e-05 0.999827301138 2.0
0.0928405903346 0.999909287051 5.39384146429e-05 0.999887812037 2.0
0.0935999174029 0.999973175476 5.39384146429e-05 0.999943684516 2.0
0.0943592444711 0.999944620106 5.39384146429e-05 0.999988855784 2.0
0.0951185715394 1.00002458951 5.39384146429e-05 1.00000915217 0.0
0.0958778986077 1.0001075292 5.39384146429e-05 1.00000915217 0.0
0.096637225676 0.999919669234 5.39384146429e-05 1.00000915217 0.0
0.0973965527442 0.999905924044 5.39384146429e-05 1.00000915217 0.0
0.0981558798125 0.999969484581 5.39384146429e-05 1.00000915217 0.0
0.0989152068808 1.00000643458 5.39384146429e-05 1.00000915217 0.0
0.099674533949 0.999989862244 5.39384146429e-05 1.00000915217 0.0
0.100433861017 0.999914645949 5.39384146429e-05 1.00000915217 0.0
0.101193188086 0.999987885242 5.39384146429e-05 1.00000915217 0.0
0.101952515154 1.00006159072 5.39384146429e-05 1.00000915217 0.0
0.102711842222 1.0000174687 5.39384146429e-05 1.00000915217 0.0
0.10347116929 1.00001069172 5.39384146429e-05 1.00000915217 0.0
0.104230496359 0.999953961568 5.39384146429e-05 1.00000915217 0.0
0.104989823427 1.00000828412 5.39384146429e-05 1.00000915217 0.0
0.105749150495 0.999993037514 5.39384146429e-05 1.00000915217 0.0
0.106508477563 0.999949183387 5.39384146429e-05 1.00000915217 0.0
0.107267804632 0.999944638193 5.39384146429e-05 1.00000915217 0.0
0.1080271317 1.00007698908 5.39384146429e-05 1.00000915217 0.0
0.108786458768 1.00015672674 5.39384146429e-05 1.00000915217 0.0
0.109545785837 0.999995278909 5.39384146429e-05 1.00000915217 0.0
0.110305112905 1.00000746646 5.39384146429e-05 1.00000915217 0.0
0.111064439973 1.00011458136 5.39384146429e-05 1.00000915217 0.0
0.111823767041 0.999993867206 5.39384146429e-05 1.00000915217 0.0
0.11258309411 0.999998996089 5.39384146429e-05 1.00000915217 0.0
0.113342421178 0.999963439461 5.39384146429e-05 1.00000915217 0.0
