-0.0871555158505 0.999823837244 0.000109090398773 1.00001864092 0.0
-0.0865730498312 1.00008837145 0.000109090398773 1.00001864092 0.0
-0.0859905838119 1.00015074549 0.000109090398773 1.00001864092 0.0
-0.0854081177926 0.99995669819 0.000109090398773 1.00001864092 0.0
-0.0848256517733 0.999854042122 0.000109090398773 1.00001864092 0.0
-0.084243185754 1.0001617921 0.000109090398773 1.00001864092 0.0
-0.0836607197347 0.999944951014 0.000109090398773 1.00001864092 0.0
-0.0830782537154 0.999926097158 0.000109090398773 1.00001864092 0.0
-0.0824957876961 0.999935484242 0.000109090398773 1.00001864092 0.0
-0.0819133216768 0.999922922244 0.000109090398773 1.00001864092 0.0
-0.0813308556575 1.00020946528 0.000109090398773 1.00001864092 0.0
-0.0807483896382 0.999926310828 0.000109090398773 1.00001864092 0.0
-0.0801659236189 1.00001104476 0.000109090398773 1.00001864092 0.0
-0.0795834575995 1.00007099518 0.000109090398773 1.00001864092 0.0
-0.0790009915802 0.99999506207 0.000109090398773 1.00001864092 0.0
-0.0784185255609 1.00010990035 0.000109090398773 1.00001864092 0.0
-0.0778360595416 1.00008799093 0.000109090398773 1.00001864092 0.0
-0.0772535935223 1.00015051184 0.000109090398773 1.00001864092 0.0
-0.076671127503 1.00013803994 0.000109090398773 1.00001864092 0.0
-0.0760886614837 0.999928377217 0.000109090398773 1.00001864092 0.0
-0.0755061954644 0.999886794276 0.000109090398773 1.00001864092 0.0
-0.0749237294451 0.999800523576 0.000109090398773 1.00001864092 0.0
-0.0743412634258 1.00015608442 0.000109090398773 1.00001864092 0.0
-0.0737587974065 1.00008465151 0.000109090398773 1.00001864092 0.0
-0.0731763313872 1.00009284609 0.000109090398773 1.00001864092 0.0
-0.0725938653679 1.00015657912 0.000109090398773 1.00001006841 1.0
-0.0720113993486 1.00027342412 0.000109090398773 0.999936979081 1.0
-0.0714289333292 0.999817849182 0.000109090398773 0.999833688229 1.0
-0.0708464673099 0.999752084186 0.000109090398773 0.99971753811 1.0
-0.0702640012906 0.999528358228 0.000109090398773 0.999600223907 1.0
-0.0696815352713 0.999302977671 0.000109090398773 0.999493705029 1.0
-0.069099069252 0.999106459729 0.000109090398773 0.999416426135 1.0
-0.0685166032327 0.999373366462 0.000109090398773 0.999404437454 3.0
-0.0679341372134 0.999532294152 0.000109090398773 0.999400478117 3.0
-0.0673516711941 0.999262585255 0.000109090398773 0.999396583441 3.0
-0.0667692051748 0.999480026308 0.000109090398773 0.99939274341 3.0
-0.0661867391555 0.99932449317 0.000109090398773 0.999388952402 3.0
-0.0656042731362 0.999526240092 0.000109090398773 0.999385206816 3.0
-0.0650218071169 0.99947189665 0.000109090398773 0.999381504193 3.0
-0.0644393410976 0.999515560437 0.000109090398773 0.99937784276 3.0
-0.0638568750783 0.999760936433 0.000109090398773 0.999374221186 3.0
-0.063274409059 0.999325832632 0.000109090398773 0.999370638435 3.0
-0.0626919430396 0.99937903446 0.000109090398773 0.999367093676 3.0
-0.0621094770203 0.999354898739 0.000109090398773 0.999363586236 3.0
-0.061527011001 0.999420979936 0.000109090398773 0.999360115551 3.0
-0.0609445449817 0.999250401868 0.000109090398773 0.99935668115 3.0
-0.0603620789624 0.999541798322 0.000109090398773 0.999353282632 3.0
-0.0597796129431 0.999314503549 0.000109090398773 0.999349919651 3.0
-0.0591971469238 0.999407598078 0.000109090398773 0.999346591906 3.0
-0.0586146809045 0.999422403062 0.000109090398773 0.999343299136 3.0
-0.0580322148852 0.99928487535 0.000109090398773 0.999340041109 3.0
-0.0574497488659 0.999370034187 0.000109090398773 0.999336817623 3.0
-0.0568672828466 0.999494898439 0.000109090398773 0.999333628495 3.0
-0.0562848168273 0.999519006537 0.000109090398773 0.999330473561 3.0
-0.055702350808 0.999366636551 0.000109090398773 0.999327352676 3.0
-0.0551198847887 0.999355017139 0.000109090398773 0.999324265708 3.0
-0.0545374187693 0.999330439584 0.000109090398773 0.999321212536 3.0
-0.05395495275 0.999045087951 0.000109090398773 0.999318193052 3.0
-0.0533724867307 0.999329773641 0.000109090398773 0.999315207157 3.0
-0.0527900207114 0.999372582043 0.000109090398773 0.999312254758 3.0
-0.0522075546921 0.999190375361 0.000109090398773 0.999309335773 3.0
-0.0516250886728 0.999089609147 0.000109090398773 0.999306450124 3.0
-0.0510426226535 0.999323866067 0.000109090398773 0.999303597741 3.0
-0.0504601566342 0.999353218857 0.000109090398773 0.999300778558 3.0
-0.0498776906149 0.999232382903 0.000109090398773 0.999297992513 3.0
-0.0492952245956 0.99952429226 0.000109090398773 0.999295239551 3.0
-0.0487127585763 0.999324961772 0.000109090398773 0.999292519619 3.0
-0.048130292557 0.999245862642 0.000109090398773 0.999289832667 3.0
-0.0475478265377 0.999253095243 0.000109090398773 0.99928717865 3.0
-0.0469653605184 0.999291015136 0.000109090398773 0.999284557525 3.0
-0.0463828944991 0.9991714002 0.000109090398773 0.999281969251 3.0
-0.0458004284797 0.999231281787 0.000109090398773 0.999279413791 3.0
-0.0452179624604 0.99919440624 0.000109090398773 0.999276891111 3.0
-0.0446354964411 0.999253021175 0.000109090398773 0.999274401175 3.0
-0.0440530304218 0.999200403997 0.000109090398773 0.999271943953 3.0
-0.0434705644025 0.999316254487 0.000109090398773 0.999269519416 3.0
-0.0428880983832 0.999192786184 0.000109090398773 0.999267127535 3.0
-0.0423056323639 0.999056956755 0.000109090398773 0.999264768284 3.0
-0.0417231663446 0.999155106326 0.000109090398773 0.999262441639 3.0
-0.0411407003253 0.99927420196 0.000109090398773 0.999260147575 3.0
-0.040558234306 0.999215978479 0.000109090398773 0.999257886071 3.0
-0.0399757682867 0.999112639705 0.000109090398773 0.999255657104 3.0
-0.0393933022674 0.999130376746 0.000109090398773 0.999253460656 3.0
-0.0388108362481 0.999323411395 0.000109090398773 0.999251296706 3.0
-0.0382283702288 0.999390080086 0.000109090398773 0.999249165238 3.0
-0.0376459042094 0.999259697806 0.000109090398773 0.999247066232 3.0
-0.0370634381901 0.999223500857 0.000109090398773 0.999244999674 3.0
-0.0364809721708 0.999221421601 0.000109090398773 0.999242965547 3.0
-0.0358985061515 0.999254172825 0.000109090398773 0.999240963837 3.0
-0.0353160401322 0.999157326819 0.000109090398773 0.999238994528 3.0
-0.0347335741129 0.999085862245 0.000109090398773 0.999237057609 3.0
-0.0341511080936 0.999274170063 0.000109090398773 0.999235153066 3.0
-0.0335686420743 0.999187231192 0.000109090398773 0.999233280886 3.0
-0.032986176055 0.999275628802 0.000109090398773 0.999231441057 3.0
-0.0324037100357 0.999287284677 0.000109090398773 0.999229633569 3.0
-0.0318212440164 0.999273859028 0.000109090398773 0.999227858411 3.0
-0.0312387779971 0.999352872513 0.000109090398773 0.999226115572 3.0
-0.0306563119778 0.999270333628 0.000109090398773 0.999224405043 3.0
-0.0300738459585 0.999131371593 0.000109090398773 0.999222726814 3.0
-0.0294913799392 0.998995116404 0.000109090398773 0.999221080876 3.0
-0.0289089139198 0.999396954008 0.000109090398773 0.999219467221 3.0
-0.0283264479005 0.99915137494 0.000109090398773 0.99921788584 3.0
-0.0277439818812 0.999362959372 0.000109090398773 0.999216336725 3.0
-0.0271615158619 0.999140416017 0.000109090398773 0.999214819869 3.0
-0.0265790498426 0.999091576486 0.000109090398773 0.999213335264 3.0
-0.0259965838233 0.999046576036 0.000109090398773 0.999211882904 3.0
-0.025414117804 0.999165395514 0.000109090398773 0.999210462782 3.0
-0.0248316517847 0.999226669905 0.000109090398773 0.999209074891 3.0
-0.0242491857654 0.999306891915 0.000109090398773 0.999207719226 3.0
-0.0236667197461 0.999058830486 0.000109090398773 0.99920639578 3.0
-0.0230842537268 0.999182409273 0.000109090398773 0.999205104549 3.0
-0.0225017877075 0.999093069707 0.000109090398773 0.999203845525 3.0
-0.0219193216882 0.999092182351 0.000109090398773 0.999202618706 3.0
-0.0213368556689 0.999253398581 0.000109090398773 0.999201424084 3.0
-0.0207543896496 0.999239038366 0.000109090398773 0.999200261657 3.0
-0.0201719236302 0.999199964919 0.000109090398773 0.999199131419 3.0
-0.0195894576109 0.999196978933 0.000109090398773 0.999198033365 3.0
-0.0190069915916 0.999014368606 0.000109090398773 0.999196967493 3.0
-0.0184245255723 0.999120413353 0.000109090398773 0.999195933797 3.0
-0.017842059553 0.999109843805 0.000109090398773 0.999194932274 3.0
-0.0172595935337 0.999176903137 0.000109090398773 0.99919396292 3.0
-0.0166771275144 0.99905741436 0.000109090398773 0.999193025733 3.0
-0.0160946614951 0.999335817873 0.000109090398773 0.999192120708 3.0
-0.0155121954758 0.999309676494 0.000109090398773 0.999191247842 3.0
-0.0149297294565 0.999310080125 0.000109090398773 0.999190407133 3.0
-0.0143472634372 0.999319683966 0.000109090398773 0.999189598578 3.0
-0.0137647974179 0.999080786526 0.000109090398773 0.999188822174 3.0
-0.0131823313986 0.999287031001 0.000109090398773 0.999188077917 3.0
-0.0125998653793 0.999254758198 0.000109090398773 0.999187365807 3.0
-0.0120173993599 0.999062607751 0.000109090398773 0.99918668584 3.0
-0.0114349333406 0.999220356752 0.000109090398773 0.999186038015 3.0
-0.0108524673213 0.999214782928 0.000109090398773 0.999185422329 3.0
-0.010270001302 0.998854957103 0.000109090398773 0.99918483878 3.0
-0.00968753528272 0.999185117246 0.000109090398773 0.999184287367 3.0
-0.00910506926341 0.999275433067 0.000109090398773 0.999183768088 3.0
-0.00852260324411 0.999167362638 0.000109090398773 0.99918328094 3.0
-0.0079401372248 0.999029191725 0.000109090398773 0.999182825924 3.0
-0.00735767120549 0.999289607168 0.000109090398773 0.999182403036 3.0
-0.00677520518619 0.999255028283 0.000109090398773 0.999182012277 3.0
-0.00619273916688 0.999235759915 0.000109090398773 0.999181653644 3.0
-0.00561027314757 0.999280451559 0.000109090398773 0.999181327137 3.0
-0.00502780712827 0.999126847619 0.000109090398773 0.999181032755 3.0
-0.00444534110896 0.999077083374 0.000109090398773 0.999180770497 3.0
-0.00386287508965 0.999156336258 0.000109090398773 0.999180540362 3.0
-0.00328040907034 0.99923331347 0.000109090398773 0.999180342349 3.0
-0.00269794305104 0.998893091273 0.000109090398773 0.999180176458 3.0
-0.00211547703173 0.999433700106 0.000109090398773 0.999180042688 3.0
-0.00153301101242 0.999099026061 0.000109090398773 0.99917994086 3.0
-0.000950544993117 0.999099109578 0.000109090398773 0.999179871332 3.0
-0.00036807897381 0.999046328023 0.000109090398773 0.999179833924 3.0
0.000214387045497 0.999057132467 0.000109090398773 0.999179828638 3.0
0.000796853064804 0.999136816538 0.000109090398773 0.999179855475 3.0
0.00137931908411 0.999261723661 0.000109090398773 0.999179914432 3.0
0.00196178510342 0.99912737975 0.000109090398773 0.999180005688 3.0
0.00254425112272 0.999107469142 0.000109090398773 0.999180128887 3.0
0.00312671714203 0.999219103123 0.000109090398773 0.999180284206 3.0
0.00370918316134 0.999230839338 0.000109090398773 0.999180471647 3.0
0.00429164918064 0.999355144992 0.000109090398773 0.999180691211 3.0
0.00487411519995 0.999174024789 0.000109090398773 0.999180942897 3.0
0.00545658121926 0.999076065467 0.000109090398773 0.999181226707 3.0
0.00603904723857 0.999240046011 0.000109090398773 0.999181542641 3.0
0.00662151325787 0.999111103144 0.000109090398773 0.9991818907 3.0
0.00720397927718 0.999211924738 0.000109090398773 0.999182270886 3.0
0.00778644529649 0.999277894704 0.000109090398773 0.9991826832 3.0
0.00836891131579 0.999317526003 0.000109090398773 0.999183127642 3.0
0.0089513773351 0.999273284946 0.000109090398773 0.999183604215 3.0
0.00953384335441 0.999184999109 0.000109090398773 0.999184112919 3.0
0.0101163093737 0.999163420086 0.000109090398773 0.999184653756 3.0
0.010698775393 0.999232381834 0.000109090398773 0.999185226729 3.0
0.0112812414123 0.999173970258 0.000109090398773 0.999185831838 3.0
0.0118637074316 0.99925573394 0.000109090398773 0.999186469086 3.0
0.0124461734509 0.999198139178 0.000109090398773 0.999187138474 3.0
0.0130286394702 0.999295903679 0.000109090398773 0.999187840005 3.0
0.0136111054896 0.999174990624 0.000109090398773 0.999188573682 3.0
0.0141935715089 0.999241278696 0.000109090398773 0.999189339505 3.0
0.0147760375282 0.999207170036 0.000109090398773 0.999190137479 3.0
0.0153585035475 0.999238571376 0.000109090398773 0.999190967606 3.0
0.0159409695668 0.99922186177 0.000109090398773 0.999191829888 3.0
0.0165234355861 0.999274995289 0.000109090398773 0.999192724328 3.0
0.0171059016054 0.999207901966 0.000109090398773 0.99919365093 3.0
0.0176883676247 0.999350977805 0.000109090398773 0.999194609697 3.0
0.018270833644 0.999289626759 0.000109090398773 0.999195600633 3.0
0.0188532996633 0.99930047403 0.000109090398773 0.99919662374 3.0
0.0194357656826 0.999015038928 0.000109090398773 0.999197679022 3.0
0.0200182317019 0.999311184593 0.000109090398773 0.999198766484 3.0
0.0206006977212 0.999359770199 0.000109090398773 0.999199886129 3.0
0.0211831637405 0.999252426171 0.000109090398773 0.999201037963 3.0
0.0217656297599 0.999326421344 0.000109090398773 0.999202221988 3.0
0.0223480957792 0.999088774573 0.000109090398773 0.99920343821 3.0
0.0229305617985 0.999339932158 0.000109090398773 0.999204686634 3.0
0.0235130278178 0.999335752036 0.000109090398773 0.999205967265 3.0
0.0240954938371 0.999223454923 0.000109090398773 0.999207280108 3.0
0.0246779598564 0.999238374605 0.000109090398773 0.999208625169 3.0
0.0252604258757 0.999232064846 0.000109090398773 0.999210002453 3.0
0.025842891895 0.99909562502 0.000109090398773 0.999211411967 3.0
0.0264253579143 0.999346916215 0.000109090398773 0.999212853717 3.0
0.0270078239336 0.999350301288 0.000109090398773 0.999214327708 3.0
0.0275902899529 0.999238176965 0.000109090398773 0.999215833949 3.0
0.0281727559722 0.999186016053 0.000109090398773 0.999217372447 3.0
0.0287552219915 0.999077579595 0.000109090398773 0.999218943208 3.0
0.0293376880108 0.999302070055 0.000109090398773 0.999220546241 3.0
0.0299201540301 0.999108186646 0.000109090398773 0.999222181553 3.0
0.0305026200495 0.999167750722 0.000109090398773 0.999223849154 3.0
0.0310850860688 0.999203415595 0.000109090398773 0.999225549052 3.0
0.0316675520881 0.999359655909 0.000109090398773 0.999227281256 3.0
0.0322500181074 0.999352652817 0.000109090398773 0.999229045776 3.0
0.0328324841267 0.999187158437 0.000109090398773 0.999230842623 3.0
0.033414950146 0.999229606279 0.000109090398773 0.999232671806 3.0
0.0339974161653 0.998971945158 0.000109090398773 0.999234533338 3.0
0.0345798821846 0.999124900588 0.000109090398773 0.999236427229 3.0
0.0351623482039 0.999375042551 0.000109090398773 0.999238353492 3.0
0.0357448142232 0.999331405472 0.000109090398773 0.999240312139 3.0
0.0363272802425 0.999151125559 0.000109090398773 0.999242303184 3.0
0.0369097462618 0.999056455802 0.000109090398773 0.99924432664 3.0
0.0374922122811 0.999230636098 0.000109090398773 0.999246382523 3.0
0.0380746783004 0.999305993911 0.000109090398773 0.999248470848 3.0
0.0386571443197 0.999359679007 0.000109090398773 0.999250591631 3.0
0.0392396103391 0.999041871788 0.000109090398773 0.999252744889 3.0
0.0398220763584 0.999155362991 0.000109090398773 0.99925493064 3.0
0.0404045423777 0.999311405837 0.000109090398773 0.999257148902 3.0
0.040987008397 0.9992299922 0.000109090398773 0.999259399695 3.0
0.0415694744163 0.999379073915 0.000109090398773 0.999261683041 3.0
0.0421519404356 0.999152483844 0.000109090398773 0.999263998961 3.0
0.0427344064549 0.999452620764 0.000109090398773 0.999266347478 3.0
0.0433168724742 0.999236787144 0.000109090398773 0.999268728617 3.0
0.0438993384935 0.999339549489 0.000109090398773 0.999271142404 3.0
0.0444818045128 0.999464067799 0.000109090398773 0.999273588865 3.0
0.0450642705321 0.999395278098 0.000109090398773 0.999276068031 3.0
0.0456467365514 0.999357144067 0.000109090398773 0.999278579932 3.0
0.0462292025707 0.999212273185 0.000109090398773 0.9992811246 3.0
0.04681166859 0.999142255706 0.000109090398773 0.99928370207 3.0
0.0473941346094 0.999224762461 0.000109090398773 0.999286312379 3.0
0.0479766006287 0.999170218093 0.000109090398773 0.999288955566 3.0
0.048559066648 0.99917566222 0.000109090398773 0.999291631674 3.0
0.0491415326673 0.999379261621 0.000109090398773 0.999294340747 3.0
0.0497239986866 0.999145524128 0.000109090398773 0.999297082833 3.0
0.0503064647059 0.99938468592 0.000109090398773 0.999299857984 3.0
0.0508889307252 0.999253962439 0.000109090398773 0.999302666254 3.0
0.0514713967445 0.999319371013 0.000109090398773 0.999305507704 3.0
0.0520538627638 0.999436614425 0.000109090398773 0.999308382397 3.0
0.0526363287831 0.999070191569 0.000109090398773 0.999311290402 3.0
0.0532187948024 0.999506773629 0.000109090398773 0.999314231795 3.0
0.0538012608217 0.999360698028 0.000109090398773 0.999317206657 3.0
0.054383726841 0.999457237478 0.000109090398773 0.999320215076 3.0
0.0549661928603 0.999381971347 0.000109090398773 0.999323257149 3.0
0.0555486588796 0.999160542389 0.000109090398773 0.999326332982 3.0
0.056131124899 0.999374427032 0.000109090398773 0.999329442691 3.0
0.0567135909183 0.999307516658 0.000109090398773 0.999332586403 3.0
0.0572960569376 0.999309504118 0.000109090398773 0.99933576426 3.0
0.0578785229569 0.999360530496 0.000109090398773 0.99933897642 3.0
0.0584609889762 0.999208801017 0.000109090398773 0.999342223057 3.0
0.0590434549955 0.999418320625 0.000109090398773 0.999345504369 3.0
0.0596259210148 0.999291191984 0.000109090398773 0.999348820576 3.0
0.0602083870341 0.999242793893 0.000109090398773 0.999352171929 3.0
0.0607908530534 0.999306439129 0.000109090398773 0.999355558716 3.0
0.0613733190727 0.999484714942 0.000109090398773 0.999358981266 3.0
0.061955785092 0.99928028354 0.000109090398773 0.999362439961 3.0
0.0625382511113 0.999281960794 0.000109090398773 0.999365935248 3.0
0.0631207171306 0.999265208518 0.000109090398773 0.999369467656 3.0
0.0637031831499 0.999285734408 0.000109090398773 0.999373037821 3.0
0.0642856491693 0.9993580608 0.000109090398773 0.999376646515 3.0
0.0648681151886 0.999482915864 0.000109090398773 0.999380294699 3.0
0.0654505812079 0.999352900969 0.000109090398773 0.999383983596 3.0
0.0660330472272 0.999616897245 0.000109090398773 0.999387714811 3.0
0.0666155132465 0.99934262687 0.000109090398773 0.999391490541 3.0
0.0671979792658 0.999412295637 0.000109090398773 0.999395313941 3.0
0.0677804452851 0.999497786973 0.000109090398773 0.999399189827 3.0
0.0683629113044 0.999425835837 0.000109090398773 0.999403126245 3.0
0.0689453773237 0.99946159755 0.000109090398773 0.999407142808 3.0
0.069527843343 0.999348742758 0.000109090398773 0.999463663871 2.0
0.0701103093623 0.999604325302 0.000109090398773 0.999563307107 2.0
0.0706927753816 0.999490321848 0.000109090398773 0.999678513207 2.0
0.0712752414009 0.999858422845 0.000109090398773 0.999796273949 2.0
0.0718577074202 0.999999540345 0.000109090398773 0.999905236215 2.0
0.0724401734395 1.00012336675 0.000109090398773 0.999991164926 2.0
0.0730226394589 1.00008910834 0.000109090398773 1.00001864092 0.0
0.0736051054782 1.00010481621 0.000109090398773 1.00001864092 0.0
0.0741875714975 1.00036665678 0.000109090398773 1.00001864092 0.0
0.0747700375168 1.00006612245 0.000109090398773 1.00001864092 0.0
0.0753525035361 0.999869241349 0.000109090398773 1.00001864092 0.0
0.0759349695554 1.00022034226 0.000109090398773 1.00001864092 0.0
0.0765174355747 0.999978525057 0.000109090398773 1.00001864092 0.0
0.077099901594 0.999844949813 0.000109090398773 1.00001864092 0.0
0.0776823676133 0.999763018952 0.000109090398773 1.00001864092 0.0
0.0782648336326 1.00012375054 0.000109090398773 1.00001864092 0.0
0.0788472996519 1.00016956453 0.000109090398773 1.00001864092 0.0
0.0794297656712 0.999873619037 0.000109090398773 1.00001864092 0.0
0.0800122316905 1.00002649653 0.000109090398773 1.00001864092 0.0
0.0805946977098 1.00001435241 0.000109090398773 1.00001864092 0.0
0.0811771637292 0.999846531583 0.000109090398773 1.00001864092 0.0
0.0817596297485 0.999946504997 0.000109090398773 1.00001864092 0.0
0.0823420957678 0.999913428205 0.000109090398773 1.00001864092 0.0
0.0829245617871 0.999970215449 0.000109090398773 1.00001864092 0.0
0.0835070278064 0.999991845065 0.000109090398773 1.00001864092 0.0
0.0840894938257 1.00005566101 0.000109090398773 1.00001864092 0.0
0.084671959845 0.999899952195 0.000109090398773 1.00001864092 0.0
0.0852544258643 0.999938049131 0.000109090398773 1.00001864092 0.0
0.0858368918836 0.99991607046 0.000109090398773 1.00001864092 0.0
0.0864193579029 0.999932087338 0.000109090398773 1.00001864092 0.0
0.0870018239222 1.00021117744 0.000109090398773 1.00001864092 0.0
