-0.0720178293664 0.999993915759 7.28612105995e-05 1.00001729139 0.0
-0.0715348678923 1.00000495924 7.28612105995e-05 1.00001729139 0.0
-0.0710519064182 0.999972538295 7.28612105995e-05 1.00001729139 0.0
-0.0705689449441 1.00006184443 7.28612105995e-05 1.00001729139 0.0
-0.07008598347 1.00016374928 7.28612105995e-05 1.00001729139 0.0
-0.0696030219959 0.999923377492 7.28612105995e-05 1.00001729139 0.0
-0.0691200605219 0.999973037523 7.28612105995e-05 1.00001729139 0.0
-0.0686370990478 1.00000353276 7.28612105995e-05 1.00001729139 0.0
-0.0681541375737 1.00004281554 7.28612105995e-05 1.00001729139 0.0
-0.0676711760996 1.00006372853 7.28612105995e-05 1.00001729139 0.0
-0.0671882146255 0.999921794446 7.28612105995e-05 1.00001729139 0.0
-0.0667052531514 1.00013219885 7.28612105995e-05 1.00001729139 0.0
-0.0662222916773 0.999997159881 7.28612105995e-05 1.00001729139 0.0
-0.0657393302032 1.00006264422 7.28612105995e-05 1.00001729139 0.0
-0.0652563687291 1.00010207852 7.28612105995e-05 1.00001729139 0.0
-0.064773407255 0.999897719926 7.28612105995e-05 1.00001729139 0.0
-0.0642904457809 1.00006533129 7.28612105995e-05 1.00001729139 0.0
-0.0638074843068 0.999950497818 7.28612105995e-05 1.00001729139 0.0
-0.0633245228328 1.0000167458 7.28612105995e-05 1.00001729139 0.0
-0.0628415613587 1.00010707299 7.28612105995e-05 1.00001729139 0.0
-0.0623585998846 1.000110227 7.28612105995e-05 1.00001729139 0.0
-0.0618756384105 1.00004554813 7.28612105995e-05 1.00001729139 0.0
-0.0613926769364 1.00002560951 7.28612105995e-05 1.00001729139 0.0
-0.0609097154623 1.00010371208 7.28612105995e-05 1.00001729139 0.0
-0.0604267539882 0.999965847175 7.28612105995e-05 1.00001729139 0.0
-0.0599437925141 1.00002114472 7.28612105995e-05 0.999982542783 1.0
-0.05946083104 0.999879876265 7.28612105995e-05 0.99991350234 1.0
-0.0589778695659 0.999718105563 7.28612105995e-05 0.99982116278 1.0
-0.0584949080918 0.999725414021 7.28612105995e-05 0.999709729125 1.0
-0.0580119466177 0.999628969643 7.28612105995e-05 0.999581875257 1.0
-0.0575289851436 0.999515272277 7.28612105995e-05 0.99943958763 1.0
-0.0570460236696 0.999317056915 7.28612105995e-05 0.999284470752 1.0
-0.0565630621955 0.999139537921 7.28612105995e-05 0.999117890701 1.0
-0.0560801007214 0.998893192226 7.28612105995e-05 0.998941053468 1.0
-0.0555971392473 0.998769239708 7.28612105995e-05 0.99875505225 1.0
-0.0551141777732 0.998513301449 7.28612105995e-05 0.998560898237 1.0
-0.0546312162991 0.998335015273 7.28612105995e-05 0.998359541868 1.0
-0.054148254825 0.998067791643 7.28612105995e-05 0.998151888287 1.0
-0.0536652933509 0.99796342443 7.28612105995e-05 0.997938809112 1.0
-0.0531823318768 0.997680312947 7.28612105995e-05 0.997721151805 1.0
-0.0526993704027 0.997380384165 7.28612105995e-05 0.997499747489 1.0
-0.0522164089286 0.997285876737 7.28612105995e-05 0.997275417783 1.0
-0.0517334474545 0.997111957972 7.28612105995e-05 0.997048981108 1.0
-0.0512504859805 0.996757001718 7.28612105995e-05 0.996821258811 1.0
-0.0507675245064 0.996657315641 7.28612105995e-05 0.996593081463 1.0
-0.0502845630323 0.996359461037 7.28612105995e-05 0.9963652957 1.0
-0.0498016015582 0.996019980325 7.28612105995e-05 0.996138772042 1.0
-0.0493186400841 0.996027170708 7.28612105995e-05 0.995914414286 1.0
-0.04883567861 0.995752175017 7.28612105995e-05 0.995693171326 1.0
-0.0483527171359 0.995473106129 7.28612105995e-05 0.995476052685 1.0
-0.0478697556618 0.995135554117 7.28612105995e-05 0.995264149861 1.0
-0.0473867941877 0.995078221743 7.28612105995e-05 0.995058667073 1.0
-0.0469038327136 0.994856414305 7.28612105995e-05 0.994860968058 1.0
-0.0464208712395 0.994770285812 7.28612105995e-05 0.994672652212 1.0
-0.0459379097654 0.994531388968 7.28612105995e-05 0.994495690216 1.0
-0.0454549482913 0.994412290798 7.28612105995e-05 0.994332699689 1.0
-0.0449719868173 0.99418745418 7.28612105995e-05 0.994187645739 1.0
-0.0444890253432 0.994070459064 7.28612105995e-05 0.994068910845 1.0
-0.0440060638691 0.994076825258 7.28612105995e-05 0.993991375513 3.0
-0.043523102395 0.993843319041 7.28612105995e-05 0.99392221281 3.0
-0.0430401409209 0.993856338025 7.28612105995e-05 0.993857678674 3.0
-0.0425571794468 0.993756790618 7.28612105995e-05 0.993796918133 3.0
-0.0420742179727 0.993760864615 7.28612105995e-05 0.993739379892 3.0
-0.0415912564986 0.993758433759 7.28612105995e-05 0.993684667514 3.0
-0.0411082950245 0.993606976558 7.28612105995e-05 0.993632477603 3.0
-0.0406253335504 0.993537110535 7.28612105995e-05 0.99358256819 3.0
-0.0401423720763 0.993454494341 7.28612105995e-05 0.993534740538 3.0
-0.0396594106022 0.993446172135 7.28612105995e-05 0.993488827797 3.0
-0.0391764491282 0.993577491936 7.28612105995e-05 0.993444687481 3.0
-0.0386934876541 0.993446917305 7.28612105995e-05 0.993402196253 3.0
-0.03821052618 0.993423912971 7.28612105995e-05 0.993361246166 3.0
-0.0377275647059 0.993399204978 7.28612105995e-05 0.993321741874 3.0
-0.0372446032318 0.993350251797 7.28612105995e-05 0.993283598497 3.0
-0.0367616417577 0.993186502846 7.28612105995e-05 0.993246739973 3.0
-0.0362786802836 0.993345567943 7.28612105995e-05 0.993211097737 3.0
-0.0357957188095 0.993113292751 7.28612105995e-05 0.993176609669 3.0
-0.0353127573354 0.993108230166 7.28612105995e-05 0.993143219233 3.0
-0.0348297958613 0.993148939598 7.28612105995e-05 0.99311087476 3.0
-0.0343468343872 0.99302643838 7.28612105995e-05 0.993079528858 3.0
-0.0338638729131 0.993070229317 7.28612105995e-05 0.993049137915 3.0
-0.0333809114391 0.993096234204 7.28612105995e-05 0.993019661672 3.0
-0.032897949965 0.993041533067 7.28612105995e-05 0.992991062865 3.0
-0.0324149884909 0.992967918468 7.28612105995e-05 0.992963306911 3.0
-0.0319320270168 0.992941093697 7.28612105995e-05 0.992936361644 3.0
-0.0314490655427 0.992973017532 7.28612105995e-05 0.992910197077 3.0
-0.0309661040686 0.992933842308 7.28612105995e-05 0.9928847852 3.0
-0.0304831425945 0.992938696226 7.28612105995e-05 0.9928600998 3.0
-0.0300001811204 0.99275724085 7.28612105995e-05 0.992836116306 3.0
-0.0295172196463 0.992741705896 7.28612105995e-05 0.992812811645 3.0
-0.0290342581722 0.99275152509 7.28612105995e-05 0.99279016412 3.0
-0.0285512966981 0.992781350605 7.28612105995e-05 0.992768153301 3.0
-0.028068335224 0.992736136207 7.28612105995e-05 0.992746759923 3.0
-0.0275853737499 0.992668447855 7.28612105995e-05 0.992725965798 3.0
-0.0271024122759 0.99266676799 7.28612105995e-05 0.992705753739 3.0
-0.0266194508018 0.99279416571 7.28612105995e-05 0.99268610748 3.0
-0.0261364893277 0.992581825053 7.28612105995e-05 0.99266701162 3.0
-0.0256535278536 0.992616119595 7.28612105995e-05 0.992648451557 3.0
-0.0251705663795 0.992572582573 7.28612105995e-05 0.99263041344 3.0
-0.0246876049054 0.992553599159 7.28612105995e-05 0.992612884113 3.0
-0.0242046434313 0.992603197928 7.28612105995e-05 0.99259585108 3.0
-0.0237216819572 0.992649047665 7.28612105995e-05 0.992579302454 3.0
-0.0232387204831 0.992487992913 7.28612105995e-05 0.992563226928 3.0
-0.022755759009 0.992587489364 7.28612105995e-05 0.992547613738 3.0
-0.0222727975349 0.992478744389 7.28612105995e-05 0.992532452627 3.0
-0.0217898360608 0.992584690461 7.28612105995e-05 0.992517733826 3.0
-0.0213068745868 0.992437118509 7.28612105995e-05 0.992503448016 3.0
-0.0208239131127 0.992595954268 7.28612105995e-05 0.992489586314 3.0
-0.0203409516386 0.992461694536 7.28612105995e-05 0.992476140241 3.0
-0.0198579901645 0.992496609807 7.28612105995e-05 0.992463101709 3.0
-0.0193750286904 0.992537625861 7.28612105995e-05 0.992450462994 3.0
-0.0188920672163 0.9924458646 7.28612105995e-05 0.992438216724 3.0
-0.0184091057422 0.992446546382 7.28612105995e-05 0.992426355859 3.0
-0.0179261442681 0.992353874342 7.28612105995e-05 0.992414873676 3.0
-0.017443182794 0.992564856742 7.28612105995e-05 0.992403763757 3.0
-0.0169602213199 0.992470499911 7.28612105995e-05 0.992393019969 3.0
-0.0164772598458 0.992264607835 7.28612105995e-05 0.992382636459 3.0
-0.0159942983717 0.992263131472 7.28612105995e-05 0.992372607637 3.0
-0.0155113368976 0.99237597373 7.28612105995e-05 0.992362928169 3.0
-0.0150283754236 0.992293742931 7.28612105995e-05 0.992353592962 3.0
-0.0145454139495 0.992272313554 7.28612105995e-05 0.992344597158 3.0
-0.0140624524754 0.992391611225 7.28612105995e-05 0.992335936126 3.0
-0.0135794910013 0.992349325528 7.28612105995e-05 0.99232760545 3.0
-0.0130965295272 0.992345351425 7.28612105995e-05 0.992319600923 3.0
-0.0126135680531 0.992170130012 7.28612105995e-05 0.99231191854 3.0
-0.012130606579 0.992350797802 7.28612105995e-05 0.992304554493 3.0
-0.0116476451049 0.99230182687 7.28612105995e-05 0.992297505158 3.0
-0.0111646836308 0.992448181027 7.28612105995e-05 0.992290767099 3.0
-0.0106817221567 0.992265964403 7.28612105995e-05 0.992284337053 3.0
-0.0101987606826 0.992279713552 7.28612105995e-05 0.992278211931 3.0
-0.00971579920854 0.992268587049 7.28612105995e-05 0.99227238881 3.0
-0.00923283773445 0.992291978275 7.28612105995e-05 0.99226686493 3.0
-0.00874987626036 0.992279932567 7.28612105995e-05 0.992261637689 3.0
-0.00826691478627 0.99214416065 7.28612105995e-05 0.99225670464 3.0
-0.00778395331218 0.992399961573 7.28612105995e-05 0.992252063485 3.0
-0.00730099183808 0.99211406339 7.28612105995e-05 0.992247712075 3.0
-0.00681803036399 0.99221813375 7.28612105995e-05 0.992243648405 3.0
-0.0063350688899 0.992265599351 7.28612105995e-05 0.992239870609 3.0
-0.00585210741581 0.992272689231 7.28612105995e-05 0.992236376964 3.0
-0.00536914594172 0.992362701554 7.28612105995e-05 0.992233165878 3.0
-0.00488618446762 0.992179985845 7.28612105995e-05 0.992230235897 3.0
-0.00440322299353 0.992143519649 7.28612105995e-05 0.992227585698 3.0
-0.00392026151944 0.992200368354 7.28612105995e-05 0.992225214085 3.0
-0.00343730004535 0.992122117927 7.28612105995e-05 0.992223119994 3.0
-0.00295433857126 0.992327209339 7.28612105995e-05 0.992221302487 3.0
-0.00247137709716 0.992206869785 7.28612105995e-05 0.992219760752 3.0
-0.00198841562307 0.992340559706 7.28612105995e-05 0.992218494099 3.0
-0.00150545414898 0.992283229136 7.28612105995e-05 0.992217501965 3.0
-0.00102249267489 0.992200973848 7.28612105995e-05 0.992216783908 3.0
-0.000539531200797 0.992239847449 7.28612105995e-05 0.992216339609 3.0
-5.65697267052e-05 0.992268819283 7.28612105995e-05 0.99221616887 3.0
0.000426391747387 0.992074778893 7.28612105995e-05 0.992216271616 3.0
0.000909353221479 0.992249451703 7.28612105995e-05 0.992216647892 3.0
0.00139231469557 0.992267177161 7.28612105995e-05 0.992217297865 3.0
0.00187527616966 0.99219577469 7.28612105995e-05 0.992218221825 3.0
0.00235823764375 0.992064429828 7.28612105995e-05 0.992219420182 3.0
0.00284119911785 0.992180569562 7.28612105995e-05 0.99222089347 3.0
0.00332416059194 0.99223916437 7.28612105995e-05 0.992222642347 3.0
0.00380712206603 0.992133164948 7.28612105995e-05 0.992224667593 3.0
0.00429008354012 0.992345503862 7.28612105995e-05 0.992226970117 3.0
0.00477304501421 0.992167537693 7.28612105995e-05 0.992229550951 3.0
0.00525600648831 0.992118107147 7.28612105995e-05 0.992232411258 3.0
0.0057389679624 0.992335816418 7.28612105995e-05 0.992235552327 3.0
0.00622192943649 0.992233648179 7.28612105995e-05 0.992238975583 3.0
0.00670489091058 0.992301442421 7.28612105995e-05 0.99224268258 3.0
0.00718785238467 0.992241649079 7.28612105995e-05 0.992246675011 3.0
0.00767081385877 0.992411291577 7.28612105995e-05 0.992250954705 3.0
0.00815377533286 0.992167303072 7.28612105995e-05 0.992255523631 3.0
0.00863673680695 0.992271437161 7.28612105995e-05 0.992260383904 3.0
0.00911969828104 0.992238906621 7.28612105995e-05 0.992265537784 3.0
0.00960265975513 0.992202429569 7.28612105995e-05 0.99227098768 3.0
0.0100856212292 0.99235939345 7.28612105995e-05 0.992276736155 3.0
0.0105685827033 0.992262080725 7.28612105995e-05 0.99228278593 3.0
0.0110515441774 0.992399131377 7.28612105995e-05 0.992289139888 3.0
0.0115345056515 0.992262631387 7.28612105995e-05 0.992295801074 3.0
0.0120174671256 0.992351995463 7.28612105995e-05 0.992302772709 3.0
0.0125004285997 0.992170155394 7.28612105995e-05 0.992310058185 3.0
0.0129833900738 0.992307925818 7.28612105995e-05 0.992317661078 3.0
0.0134663515479 0.992320522593 7.28612105995e-05 0.992325585151 3.0
0.013949313022 0.99253976286 7.28612105995e-05 0.992333834359 3.0
0.0144322744961 0.992361407698 7.28612105995e-05 0.992342412857 3.0
0.0149152359701 0.992312829557 7.28612105995e-05 0.99235132501 3.0
0.0153981974442 0.992379372086 7.28612105995e-05 0.992360575393 3.0
0.0158811589183 0.992338151153 7.28612105995e-05 0.992370168809 3.0
0.0163641203924 0.992441567231 7.28612105995e-05 0.99238011029 3.0
0.0168470818665 0.992298939385 7.28612105995e-05 0.992390405109 3.0
0.0173300433406 0.992358948569 7.28612105995e-05 0.992401058792 3.0
0.0178130048147 0.992494962876 7.28612105995e-05 0.992412077127 3.0
0.0182959662888 0.992329937803 7.28612105995e-05 0.992423466173 3.0
0.0187789277629 0.992537720363 7.28612105995e-05 0.992435232278 3.0
0.019261889237 0.992499074983 7.28612105995e-05 0.992447382088 3.0
0.0197448507111 0.99252649856 7.28612105995e-05 0.992459922563 3.0
0.0202278121852 0.992451798223 7.28612105995e-05 0.99247286099 3.0
0.0207107736592 0.992316567311 7.28612105995e-05 0.992486205003 3.0
0.0211937351333 0.992413760982 7.28612105995e-05 0.9924999626 3.0
0.0216766966074 0.992571035475 7.28612105995e-05 0.992514142159 3.0
0.0221596580815 0.99246332845 7.28612105995e-05 0.992528752462 3.0
0.0226426195556 0.992474821829 7.28612105995e-05 0.992543802716 3.0
0.0231255810297 0.992490520513 7.28612105995e-05 0.992559302577 3.0
0.0236085425038 0.992460430339 7.28612105995e-05 0.992575262177 3.0
0.0240915039779 0.992563579177 7.28612105995e-05 0.992591692152 3.0
0.024574465452 0.992620123299 7.28612105995e-05 0.99260860367 3.0
0.0250574269261 0.992776574283 7.28612105995e-05 0.992626008471 3.0
0.0255403884002 0.992589107083 7.28612105995e-05 0.992643918896 3.0
0.0260233498743 0.992638933296 7.28612105995e-05 0.992662347933 3.0
0.0265063113484 0.992843579936 7.28612105995e-05 0.992681309255 3.0
0.0269892728224 0.992591465705 7.28612105995e-05 0.992700817273 3.0
0.0274722342965 0.992705434931 7.28612105995e-05 0.992720887186 3.0
0.0279551957706 0.992798967064 7.28612105995e-05 0.992741535036 3.0
0.0284381572447 0.992708787052 7.28612105995e-05 0.992762777776 3.0
0.0289211187188 0.992774141352 7.28612105995e-05 0.992784633337 3.0
0.0294040801929 0.992721966911 7.28612105995e-05 0.99280712071 3.0
0.029887041667 0.992928811876 7.28612105995e-05 0.992830260026 3.0
0.0303700031411 0.992849060273 7.28612105995e-05 0.992854072657 3.0
0.0308529646152 0.992905160622 7.28612105995e-05 0.992878581322 3.0
0.0313359260893 0.99286257508 7.28612105995e-05 0.992903810209 3.0
0.0318188875634 0.992870200563 7.28612105995e-05 0.992929785107 3.0
0.0323018490375 0.992998678372 7.28612105995e-05 0.992956533565 3.0
0.0327848105115 0.993130929947 7.28612105995e-05 0.992984085058 3.0
0.0332677719856 0.992954155001 7.28612105995e-05 0.993012471193 3.0
0.0337507334597 0.993035101988 7.28612105995e-05 0.993041725926 3.0
0.0342336949338 0.993088770967 7.28612105995e-05 0.993071885829 3.0
0.0347166564079 0.993248522474 7.28612105995e-05 0.993102990383 3.0
0.035199617882 0.992997579157 7.28612105995e-05 0.993135082331 3.0
0.0356825793561 0.993199218557 7.28612105995e-05 0.993168208082 3.0
0.0361655408302 0.993189140582 7.28612105995e-05 0.993202418188 3.0
0.0366485023043 0.993250310619 7.28612105995e-05 0.993237767916 3.0
0.0371314637784 0.993193386967 7.28612105995e-05 0.993274317924 3.0
0.0376144252525 0.99323798774 7.28612105995e-05 0.993312135082 3.0
0.0380973867266 0.993402585941 7.28612105995e-05 0.993351293479 3.0
0.0385803482007 0.993348553852 7.28612105995e-05 0.993391875662 3.0
0.0390633096747 0.993429682417 7.28612105995e-05 0.993433974198 3.0
0.0395462711488 0.993386363262 7.28612105995e-05 0.99347769367 3.0
0.0400292326229 0.99365025094 7.28612105995e-05 0.993523153283 3.0
0.040512194097 0.993401625662 7.28612105995e-05 0.99357049034 3.0
0.0409951555711 0.993646575666 7.28612105995e-05 0.993619865043 3.0
0.0414781170452 0.993727766788 7.28612105995e-05 0.993671467325 3.0
0.0419610785193 0.993681402568 7.28612105995e-05 0.993725527047 3.0
0.0424440399934 0.993679871871 7.28612105995e-05 0.993782330072 3.0
0.0429270014675 0.993865876899 7.28612105995e-05 0.993842245568 3.0
0.0434099629416 0.993893206531 7.28612105995e-05 0.993905777589 3.0
0.0438929244157 0.993951774089 7.28612105995e-05 0.993973681246 3.0
0.0443758858898 0.994106021368 7.28612105995e-05 0.994047372727 3.0
0.0448588473638 0.994226371777 7.28612105995e-05 0.994155114304 2.0
0.0453418088379 0.994172865624 7.28612105995e-05 0.994294758999 2.0
0.045824770312 0.994446571825 7.28612105995e-05 0.994453741839 2.0
0.0463077317861 0.994528688815 7.28612105995e-05 0.994627509769 2.0
0.0467906932602 0.994783359227 7.28612105995e-05 0.994813205817 2.0
0.0472736547343 0.994932801553 7.28612105995e-05 0.995008732951 2.0
0.0477566162084 0.995238129413 7.28612105995e-05 0.995212415557 2.0
0.0482395776825 0.995427031831 7.28612105995e-05 0.995422840023 2.0
0.0487225391566 0.99572052206 7.28612105995e-05 0.995638767679 2.0
0.0492055006307 0.995948562248 7.28612105995e-05 0.995859082355 2.0
0.0496884621048 0.996038275753 7.28612105995e-05 0.996082756431 2.0
0.0501714235789 0.99634147571 7.28612105995e-05 0.996308827571 2.0
0.050654385053 0.996548833961 7.28612105995e-05 0.99653638199 2.0
0.051137346527 0.996676033574 7.28612105995e-05 0.996764541849 2.0
0.0516203080011 0.99711612036 7.28612105995e-05 0.996992455355 2.0
0.0521032694752 0.997277170017 7.28612105995e-05 0.99721928861 2.0
0.0525862309493 0.997387591706 7.28612105995e-05 0.997444218578 2.0
0.0530691924234 0.997699407454 7.28612105995e-05 0.997666426682 2.0
0.0535521538975 0.997860118327 7.28612105995e-05 0.997885092676 2.0
0.0540351153716 0.998077725711 7.28612105995e-05 0.998099388409 2.0
0.0545180768457 0.998284908578 7.28612105995e-05 0.998308471166 2.0
0.0550010383198 0.998375089098 7.28612105995e-05 0.998511476137 2.0
0.0554839997939 0.998713704159 7.28612105995e-05 0.998707507502 2.0
0.055966961268 0.998975469577 7.28612105995e-05 0.998895627352 2.0
0.0564499227421 0.999147493183 7.28612105995e-05 0.999074841316 2.0
0.0569328842161 0.999273463942 7.28612105995e-05 0.999244079003 2.0
0.0574158456902 0.999452628999 7.28612105995e-05 0.999402166074 2.0
0.0578988071643 0.999665331638 7.28612105995e-05 0.999547781997 2.0
0.0583817686384 0.999607960546 7.28612105995e-05 0.999679391507 2.0
0.0588647301125 0.999743458349 7.28612105995e-05 0.999795122558 2.0
0.0593476915866 0.999963903918 7.28612105995e-05 0.99989251772 2.0
0.0598306530607 0.999918431589 7.28612105995e-05 0.99996790186 2.0
0.0603136145348 0.99993479754 7.28612105995e-05 1.00001370152 2.0
0.0607965760089 1.00003944899 7.28612105995e-05 1.00001729139 0.0
0.061279537483 0.999942582823 7.28612105995e-05 1.00001729139 0.0
0.0617624989571 1.00001839292 7.28612105995e-05 1.00001729139 0.0
0.0622454604312 1.00001166603 7.28612105995e-05 1.00001729139 0.0
0.0627284219053 1.00013722544 7.28612105995e-05 1.00001729139 0.0
0.0632113833793 0.999977424938 7.28612105995e-05 1.00001729139 0.0
0.0636943448534 0.999956024434 7.28612105995e-05 1.00001729139 0.0
0.0641773063275 1.00002685231 7.28612105995e-05 1.00001729139 0.0
0.0646602678016 0.999862633027 7.28612105995e-05 1.00001729139 0.0
0.0651432292757 1.00004199288 7.28612105995e-05 1.00001729139 0.0
0.0656261907498 1.00010275313 7.28612105995e-05 1.00001729139 0.0
0.0661091522239 1.00008890956 7.28612105995e-05 1.00001729139 0.0
0.066592113698 1.00003412116 7.28612105995e-05 1.00001729139 0.0
0.0670750751721 1.00008035858 7.28612105995e-05 1.00001729139 0.0
0.0675580366462 1.00005044585 7.28612105995e-05 1.00001729139 0.0
0.0680409981203 0.999850100772 7.28612105995e-05 1.00001729139 0.0
0.0685239595944 0.99994464016 7.28612105995e-05 1.00001729139 0.0
0.0690069210684 1.00013466162 7.28612105995e-05 1.00001729139 0.0
0.0694898825425 0.999961401761 7.28612105995e-05 1.00001729139 0.0
0.0699728440166 0.999932526329 7.28612105995e-05 1.00001729139 0.0
0.0704558054907 1.00007128399 7.28612105995e-05 1.00001729139 0.0
0.0709387669648 0.999989009675 7.28612105995e-05 1.00001729139 0.0
0.0714217284389 1.0000140747 7.28612105995e-05 1.00001729139 0.0
0.071904689913 0.999997987424 7.28612105995e-05 1.00001729139 0.0
0.0723876513871 0.99994029843 7.28612105995e-05 1.00001729139 0.0
