-0.272015249042 1.00023224684 0.000164858561555 1.00002046451 0.0
-0.270199004608 1.00038823308 0.000164858561555 1.00002046451 0.0
-0.268382760174 0.9997641037 0.000164858561555 1.00002046451 0.0
-0.26656651574 0.999905190581 0.000164858561555 1.00002046451 0.0
-0.264750271306 0.99992938426 0.000164858561555 1.00002046451 0.0
-0.262934026872 1.00009473311 0.000164858561555 1.00002046451 0.0
-0.261117782439 0.999953411248 0.000164858561555 1.00002046451 0.0
-0.259301538005 1.0000737027 0.000164858561555 1.00002046451 0.0
-0.257485293571 1.00043485505 0.000164858561555 1.00002046451 0.0
-0.255669049137 0.999850003465 0.000164858561555 1.00002046451 0.0
-0.253852804703 1.00003034377 0.000164858561555 1.00002046451 0.0
-0.252036560269 0.999942742038 0.000164858561555 1.00002046451 0.0
-0.250220315835 1.00008801398 0.000164858561555 1.00002046451 0.0
-0.248404071402 0.999848215882 0.000164858561555 1.00002046451 0.0
-0.246587826968 0.999738473065 0.000164858561555 1.00002046451 0.0
-0.244771582534 1.00023307103 0.000164858561555 1.00002046451 0.0
-0.2429553381 0.999894641769 0.000164858561555 1.00002046451 0.0
-0.241139093666 0.999922145445 0.000164858561555 1.00002046451 0.0
-0.239322849232 1.00016445121 0.000164858561555 1.00002046451 0.0
-0.237506604798 1.00037618589 0.000164858561555 1.00002046451 0.0
-0.235690360364 0.999969415076 0.000164858561555 1.00002046451 0.0
-0.233874115931 1.00004250623 0.000164858561555 1.00002046451 0.0
-0.232057871497 0.999715951417 0.000164858561555 1.00002046451 0.0
-0.230241627063 1.00008954484 0.000164858561555 1.00002046451 0.0
-0.228425382629 0.999991067668 0.000164858561555 1.00002046451 0.0
-0.226609138195 1.00008715828 0.000164858561555 1.00002046451 1.0
-0.224792893761 1.00012311129 0.000164858561555 0.999960746713 1.0
-0.222976649327 0.999736486815 0.000164858561555 0.999842772308 1.0
-0.221160404894 0.999589231946 0.000164858561555 0.999686279694 1.0
-0.21934416046 0.999214839933 0.000164858561555 0.999499320855 1.0
-0.217527916026 0.999528732301 0.000164858561555 0.999287349628 1.0
-0.215711671592 0.998947497358 0.000164858561555 0.999054704567 1.0
-0.213895427158 0.998817341672 0.000164858561555 0.998805161779 1.0
-0.212079182724 0.998805127104 0.000164858561555 0.998542210871 1.0
-0.21026293829 0.998191956902 0.000164858561555 0.998269224392 1.0
-0.208446693856 0.998073367119 0.000164858561555 0.99798958394 1.0
-0.206630449423 0.997747060943 0.000164858561555 0.997706794659 1.0
-0.204814204989 0.997278604193 0.000164858561555 0.997424612123 1.0
-0.202997960555 0.996849464751 0.000164858561555 0.997147211308 1.0
-0.201181716121 0.997271499194 0.000164858561555 0.996879452164 1.0
-0.199365471687 0.996440194101 0.000164858561555 0.996627371846 1.0
-0.197549227253 0.996292255325 0.000164858561555 0.996399308158 1.0
-0.195732982819 0.99627781476 0.000164858561555 0.996209648789 1.0
-0.193916738386 0.996241832166 0.000164858561555 0.996097757216 3.0
-0.192100493952 0.995837384171 0.000164858561555 0.996017907815 3.0
-0.190284249518 0.996011361771 0.000164858561555 0.995945881044 3.0
-0.188468005084 0.996220143123 0.000164858561555 0.995879675659 3.0
-0.18665176065 0.995535357642 0.000164858561555 0.995818158698 3.0
-0.184835516216 0.995660435589 0.000164858561555 0.995760574955 3.0
-0.183019271782 0.995482082337 0.000164858561555 0.995706376056 3.0
-0.181203027349 0.99545240978 0.000164858561555 0.995655142467 3.0
-0.179386782915 0.995358384719 0.000164858561555 0.995606541736 3.0
-0.177570538481 0.995725510533 0.000164858561555 0.995560303591 3.0
-0.175754294047 0.995474846276 0.000164858561555 0.99551620395 3.0
-0.173938049613 0.995462799894 0.000164858561555 0.995474054062 3.0
-0.172121805179 0.995514788185 0.000164858561555 0.995433692843 3.0
-0.170305560745 0.995504132725 0.000164858561555 0.995394981289 3.0
-0.168489316311 0.995484011079 0.000164858561555 0.995357798305 3.0
-0.166673071878 0.995503578019 0.000164858561555 0.995322037516 3.0
-0.164856827444 0.995139971016 0.000164858561555 0.995287604794 3.0
-0.16304058301 0.995693202174 0.000164858561555 0.995254416309 3.0
-0.161224338576 0.995579992017 0.000164858561555 0.995222396971 3.0
-0.159408094142 0.995333172193 0.000164858561555 0.995191479168 3.0
-0.157591849708 0.995156835304 0.000164858561555 0.995161601737 3.0
-0.155775605274 0.994975818469 0.000164858561555 0.995132709113 3.0
-0.153959360841 0.995255790118 0.000164858561555 0.995104750623 3.0
-0.152143116407 0.994958554667 0.000164858561555 0.995077679889 3.0
-0.150326871973 0.99499287347 0.000164858561555 0.995051454326 3.0
-0.148510627539 0.995132417539 0.000164858561555 0.995026034719 3.0
-0.146694383105 0.99517933039 0.000164858561555 0.995001384851 3.0
-0.144878138671 0.994747363431 0.000164858561555 0.994977471191 3.0
-0.143061894237 0.994887918489 0.000164858561555 0.994954262619 3.0
-0.141245649804 0.994853805867 0.000164858561555 0.994931730193 3.0
-0.13942940537 0.995255504 0.000164858561555 0.994909846933 3.0
-0.137613160936 0.994741478892 0.000164858561555 0.994888587649 3.0
-0.135796916502 0.994683366781 0.000164858561555 0.99486792877 3.0
-0.133980672068 0.995036104708 0.000164858561555 0.99484784821 3.0
-0.132164427634 0.994655637435 0.000164858561555 0.994828325238 3.0
-0.1303481832 0.994815732294 0.000164858561555 0.994809340365 3.0
-0.128531938766 0.994687153852 0.000164858561555 0.994790875245 3.0
-0.126715694333 0.9948335002 0.000164858561555 0.994772912586 3.0
-0.124899449899 0.994878927634 0.000164858561555 0.994755436067 3.0
-0.123083205465 0.994628077494 0.000164858561555 0.994738430264 3.0
-0.121266961031 0.994725548425 0.000164858561555 0.99472188059 3.0
-0.119450716597 0.994614019718 0.000164858561555 0.994705773229 3.0
-0.117634472163 0.994748285076 0.000164858561555 0.994690095083 3.0
-0.115818227729 0.994642679218 0.000164858561555 0.994674833727 3.0
-0.114001983296 0.994689282983 0.000164858561555 0.99465997736 3.0
-0.112185738862 0.994905110574 0.000164858561555 0.994645514766 3.0
-0.110369494428 0.99496442583 0.000164858561555 0.994631435276 3.0
-0.108553249994 0.994690204072 0.000164858561555 0.994617728733 3.0
-0.10673700556 0.994993165655 0.000164858561555 0.994604385462 3.0
-0.104920761126 0.994537228342 0.000164858561555 0.99459139624 3.0
-0.103104516692 0.99484362153 0.000164858561555 0.99457875227 3.0
-0.101288272259 0.994578965035 0.000164858561555 0.994566445157 3.0
-0.0994720278246 0.994581795361 0.000164858561555 0.994554466882 3.0
-0.0976557833908 0.994562120899 0.000164858561555 0.994542809786 3.0
-0.0958395389569 0.994780073297 0.000164858561555 0.994531466547 3.0
-0.094023294523 0.994862965842 0.000164858561555 0.994520430164 3.0
-0.0922070500892 0.994484364273 0.000164858561555 0.994509693937 3.0
-0.0903908056553 0.994491694913 0.000164858561555 0.994499251457 3.0
-0.0885745612215 0.994323027786 0.000164858561555 0.994489096587 3.0
-0.0867583167876 0.994573600774 0.000164858561555 0.994479223449 3.0
-0.0849420723537 0.994450138373 0.000164858561555 0.994469626413 3.0
-0.0831258279199 0.994407528067 0.000164858561555 0.994460300087 3.0
-0.081309583486 0.994707631552 0.000164858561555 0.994451239301 3.0
-0.0794933390521 0.994311699652 0.000164858561555 0.9944424391 3.0
-0.0776770946183 0.994432132926 0.000164858561555 0.994433894736 3.0
-0.0758608501844 0.994757469167 0.000164858561555 0.994425601656 3.0
-0.0740446057505 0.994447876453 0.000164858561555 0.994417555495 3.0
-0.0722283613167 0.994165764214 0.000164858561555 0.994409752068 3.0
-0.0704121168828 0.994563645307 0.000164858561555 0.994402187362 3.0
-0.0685958724489 0.99439045068 0.000164858561555 0.994394857531 3.0
-0.0667796280151 0.994437482487 0.000164858561555 0.994387758887 3.0
-0.0649633835812 0.994391145903 0.000164858561555 0.994380887897 3.0
-0.0631471391474 0.994346919352 0.000164858561555 0.994374241175 3.0
-0.0613308947135 0.994610988439 0.000164858561555 0.994367815474 3.0
-0.0595146502796 0.994335244402 0.000164858561555 0.99436160769 3.0
-0.0576984058458 0.994064681874 0.000164858561555 0.994355614845 3.0
-0.0558821614119 0.994112952668 0.000164858561555 0.994349834094 3.0
-0.054065916978 0.994490230868 0.000164858561555 0.994344262713 3.0
-0.0522496725442 0.994246378626 0.000164858561555 0.994338898099 3.0
-0.0504334281103 0.99391686228 0.000164858561555 0.994333737763 3.0
-0.0486171836764 0.994481189743 0.000164858561555 0.99432877933 3.0
-0.0468009392426 0.994058841092 0.000164858561555 0.994324020535 3.0
-0.0449846948087 0.994332160097 0.000164858561555 0.994319459218 3.0
-0.0431684503748 0.994471938305 0.000164858561555 0.994315093321 3.0
-0.041352205941 0.994271997681 0.000164858561555 0.994310920889 3.0
-0.0395359615071 0.993967960649 0.000164858561555 0.994306940063 3.0
-0.0377197170733 0.994390046882 0.000164858561555 0.99430314908 3.0
-0.0359034726394 0.994414333699 0.000164858561555 0.994299546271 3.0
-0.0340872282055 0.994291681969 0.000164858561555 0.994296130057 3.0
-0.0322709837717 0.994229205651 0.000164858561555 0.994292898948 3.0
-0.0304547393378 0.994272468309 0.000164858561555 0.994289851542 3.0
-0.0286384949039 0.994368479053 0.000164858561555 0.994286986522 3.0
-0.0268222504701 0.994528494147 0.000164858561555 0.994284302655 3.0
-0.0250060060362 0.994286733926 0.000164858561555 0.994281798791 3.0
-0.0231897616023 0.994533114775 0.000164858561555 0.99427947386 3.0
-0.0213735171685 0.994344332843 0.000164858561555 0.994277326873 3.0
-0.0195572727346 0.994156954775 0.000164858561555 0.994275356919 3.0
-0.0177410283008 0.994111845925 0.000164858561555 0.994273563164 3.0
-0.0159247838669 0.994104804598 0.000164858561555 0.994271944851 3.0
-0.014108539433 0.994504318294 0.000164858561555 0.994270501298 3.0
-0.0122922949992 0.994219507774 0.000164858561555 0.9942692319 3.0
-0.0104760505653 0.99420371774 0.000164858561555 0.994268136124 3.0
-0.00865980613143 0.994049989314 0.000164858561555 0.994267213511 3.0
-0.00684356169757 0.99433504708 0.000164858561555 0.994266463675 3.0
-0.0050273172637 0.994518574132 0.000164858561555 0.994265886304 3.0
-0.00321107282984 0.994295025471 0.000164858561555 0.994265481156 3.0
-0.00139482839597 0.994763486122 0.000164858561555 0.994265248063 3.0
0.000421416037891 0.994229130816 0.000164858561555 0.994265186927 3.0
0.00223766047175 0.994385321214 0.000164858561555 0.994265297724 3.0
0.00405390490562 0.994257684068 0.000164858561555 0.994265580498 3.0
0.00587014933948 0.99439468912 0.000164858561555 0.994266035368 3.0
0.00768639377335 0.994269142203 0.000164858561555 0.994266662524 3.0
0.00950263820721 0.99470400272 0.000164858561555 0.994267462228 3.0
0.0113188826411 0.994201726021 0.000164858561555 0.994268434813 3.0
0.0131351270749 0.994636757909 0.000164858561555 0.994269580685 3.0
0.0149513715088 0.994355573384 0.000164858561555 0.994270900326 3.0
0.0167676159427 0.994554359778 0.000164858561555 0.994272394289 3.0
0.0185838603765 0.993887742057 0.000164858561555 0.994274063202 3.0
0.0204001048104 0.994047450255 0.000164858561555 0.994275907767 3.0
0.0222163492443 0.994396853069 0.000164858561555 0.994277928765 3.0
0.0240325936781 0.994324218594 0.000164858561555 0.99428012705 3.0
0.025848838112 0.994208528751 0.000164858561555 0.994282503556 3.0
0.0276650825459 0.994082120962 0.000164858561555 0.994285059297 3.0
0.0294813269797 0.994368160981 0.000164858561555 0.994287795364 3.0
0.0312975714136 0.994173113616 0.000164858561555 0.994290712932 3.0
0.0331138158474 0.994418567746 0.000164858561555 0.994293813258 3.0
0.0349300602813 0.993926821779 0.000164858561555 0.994297097683 3.0
0.0367463047152 0.994184428395 0.000164858561555 0.994300567635 3.0
0.038562549149 0.99428046546 0.000164858561555 0.994304224628 3.0
0.0403787935829 0.99429047833 0.000164858561555 0.994308070267 3.0
0.0421950380168 0.994388146772 0.000164858561555 0.994312106249 3.0
0.0440112824506 0.994160107593 0.000164858561555 0.994316334364 3.0
0.0458275268845 0.99411325882 0.000164858561555 0.994320756499 3.0
0.0476437713184 0.994107099087 0.000164858561555 0.994325374638 3.0
0.0494600157522 0.994110005431 0.000164858561555 0.994330190867 3.0
0.0512762601861 0.99425255631 0.000164858561555 0.994335207378 3.0
0.05309250462 0.994500145767 0.000164858561555 0.994340426467 3.0
0.0549087490538 0.994595620384 0.000164858561555 0.994345850541 3.0
0.0567249934877 0.99440890012 0.000164858561555 0.994351482121 3.0
0.0585412379215 0.994297431774 0.000164858561555 0.994357323846 3.0
0.0603574823554 0.994161240266 0.000164858561555 0.994363378473 3.0
0.0621737267893 0.994577832461 0.000164858561555 0.994369648887 3.0
0.0639899712231 0.994141158508 0.000164858561555 0.9943761381 3.0
0.065806215657 0.994316620104 0.000164858561555 0.994382849258 3.0
0.0676224600909 0.994314568062 0.000164858561555 0.994389785647 3.0
0.0694387045247 0.994336968485 0.000164858561555 0.994396950694 3.0
0.0712549489586 0.994274867083 0.000164858561555 0.994404347978 3.0
0.0730711933925 0.994575573686 0.000164858561555 0.994411981232 3.0
0.0748874378263 0.994132727531 0.000164858561555 0.994419854348 3.0
0.0767036822602 0.99427844618 0.000164858561555 0.994427971389 3.0
0.0785199266941 0.994553844623 0.000164858561555 0.99443633659 3.0
0.0803361711279 0.994435407811 0.000164858561555 0.994444954371 3.0
0.0821524155618 0.994492786586 0.000164858561555 0.99445382934 3.0
0.0839686599956 0.994500425422 0.000164858561555 0.994462966303 3.0
0.0857849044295 0.99444171002 0.000164858561555 0.994472370278 3.0
0.0876011488634 0.994549833545 0.000164858561555 0.994482046496 3.0
0.0894173932972 0.994409153721 0.000164858561555 0.994492000417 3.0
0.0912336377311 0.994550803866 0.000164858561555 0.994502237743 3.0
0.093049882165 0.994115302876 0.000164858561555 0.994512764423 3.0
0.0948661265988 0.994465260468 0.000164858561555 0.994523586673 3.0
0.0966823710327 0.994435973012 0.000164858561555 0.994534710984 3.0
0.0984986154666 0.994605371498 0.000164858561555 0.994546144141 3.0
0.1003148599 0.994656281899 0.000164858561555 0.994557893236 3.0
0.102131104334 0.994577942859 0.000164858561555 0.994569965687 3.0
0.103947348768 0.994831826212 0.000164858561555 0.994582369254 3.0
0.105763593202 0.994816256526 0.000164858561555 0.994595112063 3.0
0.107579837636 0.994665135201 0.000164858561555 0.994608202623 3.0
0.10939608207 0.994455575395 0.000164858561555 0.994621649851 3.0
0.111212326504 0.994462115163 0.000164858561555 0.994635463097 3.0
0.113028570937 0.994795089206 0.000164858561555 0.994649652174 3.0
0.114844815371 0.994580350072 0.000164858561555 0.994664227382 3.0
0.116661059805 0.994158679813 0.000164858561555 0.994679199544 3.0
0.118477304239 0.994384535727 0.000164858561555 0.994694580042 3.0
0.120293548673 0.994549922475 0.000164858561555 0.994710380853 3.0
0.122109793107 0.994850793454 0.000164858561555 0.994726614592 3.0
0.123926037541 0.994987898017 0.000164858561555 0.994743294557 3.0
0.125742281975 0.99455511776 0.000164858561555 0.994760434782 3.0
0.127558526408 0.994671357213 0.000164858561555 0.99477805009 3.0
0.129374770842 0.994745952068 0.000164858561555 0.994796156156 3.0
0.131191015276 0.994811502318 0.000164858561555 0.994814769575 3.0
0.13300725971 0.994552820639 0.000164858561555 0.994833907934 3.0
0.134823504144 0.994923316389 0.000164858561555 0.994853589899 3.0
0.136639748578 0.99478055012 0.000164858561555 0.994873835307 3.0
0.138455993012 0.99516998529 0.000164858561555 0.994894665269 3.0
0.140272237445 0.994833610386 0.000164858561555 0.994916102287 3.0
0.142088481879 0.994723854595 0.000164858561555 0.994938170381 3.0
0.143904726313 0.994912231578 0.000164858561555 0.994960895244 3.0
0.145720970747 0.99483338209 0.000164858561555 0.994984304401 3.0
0.147537215181 0.994816517825 0.000164858561555 0.995008427402 3.0
0.149353459615 0.99501532067 0.000164858561555 0.995033296036 3.0
0.151169704049 0.995021459209 0.000164858561555 0.995058944581 3.0
0.152985948482 0.995019715528 0.000164858561555 0.995085410084 3.0
0.154802192916 0.995034118106 0.000164858561555 0.995112732696 3.0
0.15661843735 0.995410840389 0.000164858561555 0.995140956048 3.0
0.158434681784 0.995405612358 0.000164858561555 0.995170127705 3.0
0.160250926218 0.995220769673 0.000164858561555 0.995200299686 3.0
0.162067170652 0.994933970855 0.000164858561555 0.995231529095 3.0
0.163883415086 0.995307232621 0.000164858561555 0.995263878864 3.0
0.16569965952 0.995173949578 0.000164858561555 0.995297418649 3.0
0.167515903953 0.995278415321 0.000164858561555 0.995332225924 3.0
0.169332148387 0.995181911717 0.000164858561555 0.995368387317 3.0
0.171148392821 0.995437668841 0.000164858561555 0.995406000273 3.0
0.172964637255 0.9954118589 0.000164858561555 0.995445175138 3.0
0.174780881689 0.995660279382 0.000164858561555 0.995486037816 3.0
0.176597126123 0.995681619884 0.000164858561555 0.995528733204 3.0
0.178413370557 0.995460670388 0.000164858561555 0.995573429729 3.0
0.18022961499 0.995851770967 0.000164858561555 0.995620325445 3.0
0.182045859424 0.995843365141 0.000164858561555 0.99566965648 3.0
0.183862103858 0.995544319545 0.000164858561555 0.995721709122 3.0
0.185678348292 0.995854483947 0.000164858561555 0.995776837883 3.0
0.187494592726 0.995993096552 0.000164858561555 0.995835494144 3.0
0.18931083716 0.995712981431 0.000164858561555 0.995898275545 3.0
0.191127081594 0.995964668019 0.000164858561555 0.995966021911 3.0
0.192943326027 0.996114142102 0.000164858561555 0.996040038865 3.0
0.194759570461 0.996076731516 0.000164858561555 0.996122829856 3.0
0.196575814895 0.995967212443 0.000164858561555 0.996259058844 2.0
0.198392059329 0.996409470169 0.000164858561555 0.996462063677 2.0
0.200208303763 0.996933441311 0.000164858561555 0.996698143931 2.0
0.202024548197 0.99687113577 0.000164858561555 0.99695547458 2.0
0.203840792631 0.997476193871 0.000164858561555 0.997226573517 2.0
0.205657037065 0.997267702164 0.000164858561555 0.997505817788 2.0
0.207473281498 0.998011764496 0.000164858561555 0.997788581971 2.0
0.209289525932 0.998074230524 0.000164858561555 0.998070833758 2.0
0.211105770366 0.998439470349 0.000164858561555 0.998348904697 2.0
0.2129220148 0.998484057112 0.000164858561555 0.998619337349 2.0
0.214738259234 0.99889821737 0.000164858561555 0.998878764541 2.0
0.216554503668 0.999208791774 0.000164858561555 0.999123794036 2.0
0.218370748102 0.999352975189 0.000164858561555 0.999350873929 2.0
0.220186992535 0.999254347241 0.000164858561555 0.999556101385 2.0
0.222003236969 0.999967428942 0.000164858561555 0.99973489304 2.0
0.223819481403 0.999909439418 0.000164858561555 0.999881276645 2.0
0.225635725837 0.999879698889 0.000164858561555 0.999985734357 2.0
0.227451970271 0.99997131233 0.000164858561555 1.00002046451 0.0
0.229268214705 1.00003965652 0.000164858561555 1.00002046451 0.0
0.231084459139 1.00006595994 0.000164858561555 1.00002046451 0.0
0.232900703573 1.00017354889 0.000164858561555 1.00002046451 0.0
0.234716948006 1.0001530899 0.000164858561555 1.00002046451 0.0
0.23653319244 1.00002688445 0.000164858561555 1.00002046451 0.0
0.238349436874 0.999885011674 0.000164858561555 1.00002046451 0.0
0.240165681308 1.00018199786 0.000164858561555 1.00002046451 0.0
0.241981925742 1.00007973544 0.000164858561555 1.00002046451 0.0
0.243798170176 1.00006247879 0.000164858561555 1.00002046451 0.0
0.24561441461 0.999977955382 0.000164858561555 1.00002046451 0.0
0.247430659043 0.999764444874 0.000164858561555 1.00002046451 0.0
0.249246903477 0.999652830197 0.000164858561555 1.00002046451 0.0
0.251063147911 0.999972016032 0.000164858561555 1.00002046451 0.0
0.252879392345 1.0001458639 0.000164858561555 1.00002046451 0.0
0.254695636779 1.00029000621 0.000164858561555 1.00002046451 0.0
0.256511881213 0.999915300185 0.000164858561555 1.00002046451 0.0
0.258328125647 1.0001157607 0.000164858561555 1.00002046451 0.0
0.26014437008 1.00030891485 0.000164858561555 1.00002046451 0.0
0.261960614514 0.999618175314 0.000164858561555 1.00002046451 0.0
0.263776858948 1.0000680019 0.000164858561555 1.00002046451 0.0
0.265593103382 1.00012687861 0.000164858561555 1.00002046451 0.0
0.267409347816 1.00001916273 0.000164858561555 1.00002046451 0.0
0.26922559225 0.999741325845 0.000164858561555 1.00002046451 0.0
0.271041836684 0.999987171266 0.000164858561555 1.00002046451 0.0
