-0.0768870848188 1.00001405963 0.000263590772286 1.00003415809 0.0
-0.076374180725 0.999930979269 0.000263590772286 1.00003415809 0.0
-0.0758612766312 1.00005824598 0.000263590772286 1.00003415809 0.0
-0.0753483725373 0.999789981376 0.000263590772286 1.00003415809 0.0
-0.0748354684435 1.00043054527 0.000263590772286 1.00003415809 0.0
-0.0743225643497 0.999948346795 0.000263590772286 1.00003415809 0.0
-0.0738096602559 1.0002348033 0.000263590772286 1.00003415809 0.0
-0.0732967561621 0.9998596763 0.000263590772286 1.00003415809 0.0
-0.0727838520683 0.999938667851 0.000263590772286 1.00003415809 0.0
-0.0722709479745 1.00043002607 0.000263590772286 1.00003415809 0.0
-0.0717580438807 1.00010436817 0.000263590772286 1.00003415809 0.0
-0.0712451397869 1.00010576964 0.000263590772286 1.00003415809 0.0
-0.0707322356931 1.00013656747 0.000263590772286 1.00003415809 0.0
-0.0702193315993 1.00017536542 0.000263590772286 1.00003415809 0.0
-0.0697064275054 1.0000701076 0.000263590772286 1.00003415809 0.0
-0.0691935234116 1.00009215612 0.000263590772286 1.00003415809 0.0
-0.0686806193178 1.00059284824 0.000263590772286 1.00003415809 0.0
-0.068167715224 0.999642528022 0.000263590772286 1.00003415809 0.0
-0.0676548111302 0.999819027985 0.000263590772286 1.00003415809 0.0
-0.0671419070364 1.00019803692 0.000263590772286 1.00003415809 0.0
-0.0666290029426 1.00021196552 0.000263590772286 1.00003415809 0.0
-0.0661160988488 1.00013548009 0.000263590772286 1.00003415809 0.0
-0.065603194755 1.00004949554 0.000263590772286 1.00003415809 0.0
-0.0650902906612 1.00004571848 0.000263590772286 1.00003415809 0.0
-0.0645773865674 0.999963037833 0.000263590772286 1.00003415809 0.0
-0.0640644824735 0.999463463642 0.000263590772286 1.00001963092 1.0
-0.0635515783797 0.999946195394 0.000263590772286 0.999963848631 1.0
-0.0630386742859 0.999825924695 0.000263590772286 0.999882795977 1.0
-0.0625257701921 0.999900651245 0.000263590772286 0.999781835982 1.0
-0.0620128660983 0.999285824871 0.000263590772286 0.99966398072 1.0
-0.0614999620045 0.999450716248 0.000263590772286 0.999531338826 1.0
-0.0609870579107 0.999472819583 0.000263590772286 0.999385550495 1.0
-0.0604741538169 0.999696422474 0.000263590772286 0.999227974424 1.0
-0.0599612497231 0.998840589999 0.000263590772286 0.999059784255 1.0
-0.0594483456293 0.998891926503 0.000263590772286 0.99888202446 1.0
-0.0589354415355 0.998448083284 0.000263590772286 0.998695645483 1.0
-0.0584225374416 0.998575768164 0.000263590772286 0.998501527263 1.0
-0.0579096333478 0.998487431123 0.000263590772286 0.998300495786 1.0
-0.057396729254 0.99777845135 0.000263590772286 0.998093335233 1.0
-0.0568838251602 0.99781266825 0.000263590772286 0.997880797242 1.0
-0.0563709210664 0.997745010281 0.000263590772286 0.997663608218 1.0
-0.0558580169726 0.997771056933 0.000263590772286 0.997442475312 1.0
-0.0553451128788 0.997235990325 0.000263590772286 0.997218091483 1.0
-0.054832208785 0.996880728848 0.000263590772286 0.996991139961 1.0
-0.0543193046912 0.996609066202 0.000263590772286 0.996762298323 1.0
-0.0538064005974 0.996487169556 0.000263590772286 0.9965322424 1.0
-0.0532934965036 0.996543549064 0.000263590772286 0.996301650179 1.0
-0.0527805924097 0.996119835554 0.000263590772286 0.99607120588 1.0
-0.0522676883159 0.995746558956 0.000263590772286 0.99584160442 1.0
-0.0517547842221 0.995770949189 0.000263590772286 0.995613556495 1.0
-0.0512418801283 0.99586822713 0.000263590772286 0.995387794618 1.0
-0.0507289760345 0.994731631002 0.000263590772286 0.995165080547 1.0
-0.0502160719407 0.994836600154 0.000263590772286 0.994946214785 1.0
-0.0497031678469 0.994652543853 0.000263590772286 0.994732049147 1.0
-0.0491902637531 0.994918589038 0.000263590772286 0.994523504037 1.0
-0.0486773596593 0.993901803636 0.000263590772286 0.994321593219 1.0
-0.0481644555655 0.993931446555 0.000263590772286 0.994127461101 1.0
-0.0476515514717 0.993843600683 0.000263590772286 0.993942442429 1.0
-0.0471386473778 0.993788742863 0.000263590772286 0.993768166003 1.0
-0.046625743284 0.99395422893 0.000263590772286 0.993606757372 1.0
-0.0461128391902 0.993383133329 0.000263590772286 0.993461318048 1.0
-0.0455999350964 0.993393849539 0.000263590772286 0.993337606618 1.0
-0.0450870310026 0.993171212631 0.000263590772286 0.993252080088 3.0
-0.0445741269088 0.992984511787 0.000263590772286 0.993181239074 3.0
-0.044061222815 0.993139922284 0.000263590772286 0.993114991391 3.0
-0.0435483187212 0.993103146504 0.000263590772286 0.993052458644 3.0
-0.0430354146274 0.992873099993 0.000263590772286 0.992993095963 3.0
-0.0425225105336 0.992729179174 0.000263590772286 0.992936517121 3.0
-0.0420096064398 0.993124307145 0.000263590772286 0.992882428671 3.0
-0.0414967023459 0.993333768432 0.000263590772286 0.99283059753 3.0
-0.0409837982521 0.993076601618 0.000263590772286 0.992780832711 3.0
-0.0404708941583 0.992518309032 0.000263590772286 0.992732974062 3.0
-0.0399579900645 0.992710219004 0.000263590772286 0.992686884879 3.0
-0.0394450859707 0.992214453701 0.000263590772286 0.992642446817 3.0
-0.0389321818769 0.992473413867 0.000263590772286 0.992599556246 3.0
-0.0384192777831 0.992950792716 0.000263590772286 0.992558121557 3.0
-0.0379063736893 0.99294866147 0.000263590772286 0.99251806112 3.0
-0.0373934695955 0.992171388677 0.000263590772286 0.992479301695 3.0
-0.0368805655017 0.992512611799 0.000263590772286 0.992441777189 3.0
-0.0363676614079 0.992301709329 0.000263590772286 0.992405427641 3.0
-0.035854757314 0.99222968803 0.000263590772286 0.992370198411 3.0
-0.0353418532202 0.99214531742 0.000263590772286 0.992336039501 3.0
-0.0348289491264 0.992600593837 0.000263590772286 0.992302904994 3.0
-0.0343160450326 0.992019146791 0.000263590772286 0.992270752584 3.0
-0.0338031409388 0.992048412018 0.000263590772286 0.992239543173 3.0
-0.033290236845 0.992157876762 0.000263590772286 0.99220924053 3.0
-0.0327773327512 0.991662291708 0.000263590772286 0.992179810996 3.0
-0.0322644286574 0.992187135136 0.000263590772286 0.992151223231 3.0
-0.0317515245636 0.991950506659 0.000263590772286 0.992123447993 3.0
-0.0312386204698 0.992408464638 0.000263590772286 0.992096457942 3.0
-0.030725716376 0.992141529994 0.000263590772286 0.992070227473 3.0
-0.0302128122821 0.992037358042 0.000263590772286 0.992044732561 3.0
-0.0296999081883 0.9918565983 0.000263590772286 0.992019950637 3.0
-0.0291870040945 0.992533624427 0.000263590772286 0.991995860459 3.0
-0.0286741000007 0.992216534597 0.000263590772286 0.991972442014 3.0
-0.0281611959069 0.992102483692 0.000263590772286 0.991949676424 3.0
-0.0276482918131 0.9921622474 0.000263590772286 0.991927545854 3.0
-0.0271353877193 0.991818992974 0.000263590772286 0.991906033444 3.0
-0.0266224836255 0.991909432823 0.000263590772286 0.991885123236 3.0
-0.0261095795317 0.991606354742 0.000263590772286 0.991864800111 3.0
-0.0255966754379 0.991956572792 0.000263590772286 0.991845049736 3.0
-0.0250837713441 0.991762105793 0.000263590772286 0.991825858508 3.0
-0.0245708672502 0.99206189427 0.000263590772286 0.991807213511 3.0
-0.0240579631564 0.991603346012 0.000263590772286 0.99178910247 3.0
-0.0235450590626 0.991771883963 0.000263590772286 0.991771513717 3.0
-0.0230321549688 0.991691899891 0.000263590772286 0.991754436148 3.0
-0.022519250875 0.991618778454 0.000263590772286 0.991737859195 3.0
-0.0220063467812 0.992318707187 0.000263590772286 0.991721772796 3.0
-0.0214934426874 0.991632120247 0.000263590772286 0.991706167363 3.0
-0.0209805385936 0.991584640384 0.000263590772286 0.991691033761 3.0
-0.0204676344998 0.992288318486 0.000263590772286 0.991676363282 3.0
-0.019954730406 0.992013756579 0.000263590772286 0.991662147622 3.0
-0.0194418263122 0.991620170401 0.000263590772286 0.991648378863 3.0
-0.0189289222183 0.991153537618 0.000263590772286 0.991635049454 3.0
-0.0184160181245 0.99173505176 0.000263590772286 0.99162215219 3.0
-0.0179031140307 0.991612107168 0.000263590772286 0.9916096802 3.0
-0.0173902099369 0.991735860569 0.000263590772286 0.991597626932 3.0
-0.0168773058431 0.991907412129 0.000263590772286 0.991585986135 3.0
-0.0163644017493 0.992073610955 0.000263590772286 0.991574751849 3.0
-0.0158514976555 0.99152035828 0.000263590772286 0.991563918392 3.0
-0.0153385935617 0.991271545976 0.000263590772286 0.991553480351 3.0
-0.0148256894679 0.99152390866 0.000263590772286 0.991543432566 3.0
-0.0143127853741 0.99130775528 0.000263590772286 0.991533770126 3.0
-0.0137998812803 0.991358815882 0.000263590772286 0.991524488357 3.0
-0.0132869771864 0.991730838529 0.000263590772286 0.991515582812 3.0
-0.0127740730926 0.991459758169 0.000263590772286 0.991507049266 3.0
-0.0122611689988 0.991873290543 0.000263590772286 0.991498883708 3.0
-0.011748264905 0.991230883724 0.000263590772286 0.991491082333 3.0
-0.0112353608112 0.991981507556 0.000263590772286 0.991483641535 3.0
-0.0107224567174 0.991213282894 0.000263590772286 0.991476557902 3.0
-0.0102095526236 0.991539564464 0.000263590772286 0.991469828211 3.0
-0.00969664852979 0.991525998922 0.000263590772286 0.99146344942 3.0
-0.00918374443598 0.991373684412 0.000263590772286 0.991457418667 3.0
-0.00867084034217 0.991380027466 0.000263590772286 0.991451733263 3.0
-0.00815793624836 0.991046335819 0.000263590772286 0.991446390688 3.0
-0.00764503215455 0.991485436326 0.000263590772286 0.991441388587 3.0
-0.00713212806074 0.991819455956 0.000263590772286 0.991436724767 3.0
-0.00661922396693 0.991522749657 0.000263590772286 0.991432397193 3.0
-0.00610631987312 0.991901068576 0.000263590772286 0.991428403985 3.0
-0.00559341577931 0.991976411499 0.000263590772286 0.991424743419 3.0
-0.0050805116855 0.991261203308 0.000263590772286 0.991421413915 3.0
-0.0045676075917 0.991571666003 0.000263590772286 0.991418414046 3.0
-0.00405470349789 0.991160889587 0.000263590772286 0.991415742529 3.0
-0.00354179940408 0.991361218016 0.000263590772286 0.991413398222 3.0
-0.00302889531027 0.991659763665 0.000263590772286 0.99141138013 3.0
-0.00251599121646 0.991379441549 0.000263590772286 0.991409687394 3.0
-0.00200308712265 0.99123896121 0.000263590772286 0.991408319299 3.0
-0.00149018302884 0.991517161548 0.000263590772286 0.991407275264 3.0
-0.000977278935032 0.991365042894 0.000263590772286 0.991406554849 3.0
-0.000464374841223 0.991856486409 0.000263590772286 0.99140615775 3.0
4.85292525862e-05 0.991048343593 0.000263590772286 0.991406083798 3.0
0.000561433346395 0.991366044338 0.000263590772286 0.991406332964 3.0
0.0010743374402 0.991125506135 0.000263590772286 0.991406905351 3.0
0.00158724153401 0.991565096599 0.000263590772286 0.991407801201 3.0
0.00210014562782 0.99103119016 0.000263590772286 0.991409020894 3.0
0.00261304972163 0.991814303499 0.000263590772286 0.991410564944 3.0
0.00312595381544 0.991525832165 0.000263590772286 0.991412434006 3.0
0.00363885790925 0.991445535912 0.000263590772286 0.991414628872 3.0
0.00415176200306 0.990996234881 0.000263590772286 0.991417150475 3.0
0.00466466609687 0.99143442659 0.000263590772286 0.99141999989 3.0
0.00517757019068 0.991240120405 0.000263590772286 0.991423178334 3.0
0.00569047428449 0.991171660237 0.000263590772286 0.991426687169 3.0
0.00620337837829 0.990915878448 0.000263590772286 0.991430527904 3.0
0.0067162824721 0.991431898012 0.000263590772286 0.991434702197 3.0
0.00722918656591 0.991478723718 0.000263590772286 0.991439211857 3.0
0.00774209065972 0.991691120193 0.000263590772286 0.991444058847 3.0
0.00825499475353 0.990562317684 0.000263590772286 0.991449245288 3.0
0.00876789884734 0.991393280938 0.000263590772286 0.991454773458 3.0
0.00928080294115 0.991655268532 0.000263590772286 0.991460645803 3.0
0.00979370703496 0.991228634841 0.000263590772286 0.991466864934 3.0
0.0103066111288 0.991415433123 0.000263590772286 0.991473433634 3.0
0.0108195152226 0.991409102164 0.000263590772286 0.99148035486 3.0
0.0113324193164 0.991684344337 0.000263590772286 0.991487631753 3.0
0.0118453234102 0.991763125647 0.000263590772286 0.991495267638 3.0
0.012358227504 0.991614845095 0.000263590772286 0.99150326603 3.0
0.0128711315978 0.991128894827 0.000263590772286 0.991511630644 3.0
0.0133840356916 0.991767508151 0.000263590772286 0.991520365394 3.0
0.0138969397854 0.991428513534 0.000263590772286 0.991529474408 3.0
0.0144098438792 0.991350830619 0.000263590772286 0.991538962029 3.0
0.014922747973 0.991386814743 0.000263590772286 0.991548832826 3.0
0.0154356520669 0.991648322846 0.000263590772286 0.991559091602 3.0
0.0159485561607 0.991734996004 0.000263590772286 0.9915697434 3.0
0.0164614602545 0.991372074019 0.000263590772286 0.991580793517 3.0
0.0169743643483 0.992083828532 0.000263590772286 0.99159224751 3.0
0.0174872684421 0.991808783482 0.000263590772286 0.991604111211 3.0
0.0180001725359 0.991974670942 0.000263590772286 0.991616390735 3.0
0.0185130766297 0.990999137156 0.000263590772286 0.991629092496 3.0
0.0190259807235 0.991976480014 0.000263590772286 0.991642223216 3.0
0.0195388848173 0.991180297093 0.000263590772286 0.991655789946 3.0
0.0200517889111 0.991283198804 0.000263590772286 0.991669800076 3.0
0.0205646930049 0.992164058245 0.000263590772286 0.991684261354 3.0
0.0210775970988 0.99125029187 0.000263590772286 0.991699181905 3.0
0.0215905011926 0.992293516628 0.000263590772286 0.991714570248 3.0
0.0221034052864 0.991348859159 0.000263590772286 0.991730435322 3.0
0.0226163093802 0.992021743454 0.000263590772286 0.991746786504 3.0
0.023129213474 0.991326347592 0.000263590772286 0.991763633634 3.0
0.0236421175678 0.991792764442 0.000263590772286 0.991780987047 3.0
0.0241550216616 0.991582512638 0.000263590772286 0.991798857596 3.0
0.0246679257554 0.992067494278 0.000263590772286 0.991817256688 3.0
0.0251808298492 0.991652400865 0.000263590772286 0.991836196314 3.0
0.025693733943 0.991742352606 0.000263590772286 0.991855689093 3.0
0.0262066380368 0.992113950095 0.000263590772286 0.991875748307 3.0
0.0267195421307 0.991625031625 0.000263590772286 0.991896387949 3.0
0.0272324462245 0.991652077282 0.000263590772286 0.991917622771 3.0
0.0277453503183 0.992075001579 0.000263590772286 0.99193946834 3.0
0.0282582544121 0.991767034058 0.000263590772286 0.991961941096 3.0
0.0287711585059 0.991817965849 0.000263590772286 0.991985058417 3.0
0.0292840625997 0.992019394 0.000263590772286 0.992008838694 3.0
0.0297969666935 0.991907656945 0.000263590772286 0.992033301411 3.0
0.0303098707873 0.992284767826 0.000263590772286 0.992058467233 3.0
0.0308227748811 0.992403332079 0.000263590772286 0.992084358108 3.0
0.0313356789749 0.991593608952 0.000263590772286 0.99211099738 3.0
0.0318485830687 0.992712917082 0.000263590772286 0.992138409912 3.0
0.0323614871626 0.991873351285 0.000263590772286 0.992166622231 3.0
0.0328743912564 0.992134010761 0.000263590772286 0.992195662685 3.0
0.0333872953502 0.99216697406 0.000263590772286 0.992225561629 3.0
0.033900199444 0.992156034948 0.000263590772286 0.992256351631 3.0
0.0344131035378 0.992229972661 0.000263590772286 0.992288067709 3.0
0.0349260076316 0.992143113217 0.000263590772286 0.992320747611 3.0
0.0354389117254 0.992716175844 0.000263590772286 0.992354432127 3.0
0.0359518158192 0.992334298461 0.000263590772286 0.992389165469 3.0
0.036464719913 0.992645342043 0.000263590772286 0.992424995702 3.0
0.0369776240068 0.992715241679 0.000263590772286 0.992461975266 3.0
0.0374905281006 0.992338809416 0.000263590772286 0.992500161592 3.0
0.0380034321945 0.992746189929 0.000263590772286 0.992539617856 3.0
0.0385163362883 0.992397340985 0.000263590772286 0.992580413886 3.0
0.0390292403821 0.992351687726 0.000263590772286 0.992622627298 3.0
0.0395421444759 0.992385814367 0.000263590772286 0.99266634491 3.0
0.0400550485697 0.992665771984 0.000263590772286 0.992711664561 3.0
0.0405679526635 0.992732959166 0.000263590772286 0.992758697474 3.0
0.0410808567573 0.992972914317 0.000263590772286 0.992807571418 3.0
0.0415937608511 0.992445768167 0.000263590772286 0.99285843506 3.0
0.0421066649449 0.993056097484 0.000263590772286 0.992911464158 3.0
0.0426195690387 0.992816324064 0.000263590772286 0.992966870781 3.0
0.0431324731325 0.993349315372 0.000263590772286 0.99302491782 3.0
0.0436453772264 0.992815429753 0.000263590772286 0.993085943586 3.0
0.0441582813202 0.99343675823 0.000263590772286 0.993150408393 3.0
0.044671185414 0.993169422316 0.000263590772286 0.993219000948 3.0
0.0451840895078 0.993480209761 0.000263590772286 0.993295156459 3.0
0.0456969936016 0.993163943297 0.000263590772286 0.993401424583 2.0
0.0462098976954 0.993944979744 0.000263590772286 0.993537952431 2.0
0.0467228017892 0.993628269953 0.000263590772286 0.99369252843 2.0
0.047235705883 0.994154973675 0.000263590772286 0.993861220626 2.0
0.0477486099768 0.993757038032 0.000263590772286 0.994041547637 2.0
0.0482615140706 0.994659612604 0.000263590772286 0.994231688299 2.0
0.0487744181644 0.994435294637 0.000263590772286 0.994430190168 2.0
0.0492873222583 0.994666686544 0.000263590772286 0.994635831054 2.0
0.0498002263521 0.995167419009 0.000263590772286 0.994847543057 2.0
0.0503131304459 0.994788315589 0.000263590772286 0.995064366711 2.0
0.0508260345397 0.994997815361 0.000263590772286 0.995285421317 2.0
0.0513389386335 0.995403258298 0.000263590772286 0.995509884682 2.0
0.0518518427273 0.995564980932 0.000263590772286 0.995736978645 2.0
0.0523647468211 0.99640582881 0.000263590772286 0.995965958336 2.0
0.0528776509149 0.996110470338 0.000263590772286 0.996196103893 2.0
0.0533905550087 0.996254399423 0.000263590772286 0.996426713855 2.0
0.0539034591025 0.996575997976 0.000263590772286 0.996657099691 2.0
0.0544163631963 0.997334000875 0.000263590772286 0.996886581084 2.0
0.0549292672902 0.996982927586 0.000263590772286 0.997114481707 2.0
0.055442171384 0.997054680781 0.000263590772286 0.997340125264 2.0
0.0559550754778 0.997381911727 0.000263590772286 0.997562831602 2.0
0.0564679795716 0.997450309456 0.000263590772286 0.997781912744 2.0
0.0569808836654 0.997705032515 0.000263590772286 0.997996668618 2.0
0.0574937877592 0.998193229726 0.000263590772286 0.998206382313 2.0
0.058006691853 0.998428577918 0.000263590772286 0.998410314557 2.0
0.0585195959468 0.998457735391 0.000263590772286 0.998607697081 2.0
0.0590325000406 0.998816595148 0.000263590772286 0.998797724339 2.0
0.0595454041344 0.999632607807 0.000263590772286 0.998979542835 2.0
0.0600583082282 0.999364199925 0.000263590772286 0.999152236821 2.0
0.0605712123221 0.9992438226 0.000263590772286 0.999314808382 2.0
0.0610841164159 0.99930238428 0.000263590772286 0.999466148397 2.0
0.0615970205097 1.00022803487 0.000263590772286 0.999604991735 2.0
0.0621099246035 0.999910793883 0.000263590772286 0.999729843021 2.0
0.0626228286973 1.00018826592 0.000263590772286 0.99983884095 2.0
0.0631357327911 0.999595060917 0.000263590772286 0.999929471339 2.0
0.0636486368849 0.999894152286 0.000263590772286 0.999997786267 2.0
0.0641615409787 0.999474813098 0.000263590772286 1.00003407444 2.0
0.0646744450725 1.00031142063 0.000263590772286 1.00003415809 0.0
0.0651873491663 1.00001274549 0.000263590772286 1.00003415809 0.0
0.0657002532601 0.999944191847 0.000263590772286 1.00003415809 0.0
0.066213157354 1.00003980913 0.000263590772286 1.00003415809 0.0
0.0667260614478 1.00029263857 0.000263590772286 1.00003415809 0.0
0.0672389655416 0.999698458028 0.000263590772286 1.00003415809 0.0
0.0677518696354 0.999671280542 0.000263590772286 1.00003415809 0.0
0.0682647737292 1.0002707423 0.000263590772286 1.00003415809 0.0
0.068777677823 0.999673155465 0.000263590772286 1.00003415809 0.0
0.0692905819168 1.00020775223 0.000263590772286 1.00003415809 0.0
0.0698034860106 1.00017941452 0.000263590772286 1.00003415809 0.0
0.0703163901044 1.00040018456 0.000263590772286 1.00003415809 0.0
0.0708292941982 1.00017957576 0.000263590772286 1.00003415809 0.0
0.071342198292 0.999414688393 0.000263590772286 1.00003415809 0.0
0.0718551023859 0.999892793463 0.000263590772286 1.00003415809 0.0
0.0723680064797 0.999725688582 0.000263590772286 1.00003415809 0.0
0.0728809105735 1.00042754164 0.000263590772286 1.00003415809 0.0
0.0733938146673 0.999901075425 0.000263590772286 1.00003415809 0.0
0.0739067187611 0.999753068292 0.000263590772286 1.00003415809 0.0
0.0744196228549 1.00015797648 0.000263590772286 1.00003415809 0.0
0.0749325269487 1.00035272532 0.000263590772286 1.00003415809 0.0
0.0754454310425 1.00000623294 0.000263590772286 1.00003415809 0.0
0.0759583351363 1.00015363249 0.000263590772286 1.00003415809 0.0
0.0764712392301 0.999839744964 0.000263590772286 1.00003415809 0.0
