-0.0717582736709 1.00011058069 0.000419739187732 0.999889859641 0.0
-0.0712782795165 1.00051732461 0.000419739187732 0.999889859641 0.0
-0.0707982853621 1.00066896263 0.000419739187732 0.999889859641 0.0
-0.0703182912078 0.999953473792 0.000419739187732 0.999889859641 0.0
-0.0698382970534 1.00056804941 0.000419739187732 0.999889859641 0.0
-0.069358302899 0.999125638253 0.000419739187732 0.999889859641 0.0
-0.0688783087446 1.0002418621 0.000419739187732 0.999889859641 0.0
-0.0683983145902 0.999110648434 0.000419739187732 0.999889859641 0.0
-0.0679183204359 1.00040891264 0.000419739187732 0.999889859641 0.0
-0.0674383262815 0.999753730898 0.000419739187732 0.999889859641 0.0
-0.0669583321271 1.00013735998 0.000419739187732 0.999889859641 0.0
-0.0664783379727 0.999124416328 0.000419739187732 0.999889859641 0.0
-0.0659983438183 1.00020787434 0.000419739187732 0.999889859641 0.0
-0.065518349664 0.999959040619 0.000419739187732 0.999889859641 0.0
-0.0650383555096 1.00039604177 0.000419739187732 0.999889859641 0.0
-0.0645583613552 1.00009203879 0.000419739187732 0.999889859641 0.0
-0.0640783672008 0.999652403844 0.000419739187732 0.999889859641 0.0
-0.0635983730464 0.999565089573 0.000419739187732 0.999889859641 0.0
-0.0631183788921 0.999720507636 0.000419739187732 0.999889859641 0.0
-0.0626383847377 0.99957740059 0.000419739187732 0.999889859641 0.0
-0.0621583905833 1.00068780748 0.000419739187732 0.999889859641 0.0
-0.0616783964289 0.999574569031 0.000419739187732 0.999889859641 0.0
-0.0611984022746 1.00024154558 0.000419739187732 0.999889859641 0.0
-0.0607184081202 1.00047256855 0.000419739187732 0.999889859641 0.0
-0.0602384139658 1.00006973067 0.000419739187732 0.999889859641 0.0
-0.0597584198114 1.00034780389 0.000419739187732 0.999889859641 0.0
-0.059278425657 1.0002368811 0.000419739187732 0.999884692733 1.0
-0.0587984315027 0.999398874315 0.000419739187732 0.999818790279 1.0
-0.0583184373483 0.999980105712 0.000419739187732 0.999711606619 1.0
-0.0578384431939 0.998807819698 0.000419739187732 0.999575896187 1.0
-0.0573584490395 0.999452098087 0.000419739187732 0.999418890816 1.0
-0.0568784548851 0.998995246429 0.000419739187732 0.999246275988 1.0
-0.0563984607308 0.999400742347 0.000419739187732 0.999063224328 1.0
-0.0559184665764 0.999009702461 0.000419739187732 0.998874910171 1.0
-0.055438472422 0.998702690938 0.000419739187732 0.998686927756 1.0
-0.0549584782676 0.998543768412 0.000419739187732 0.998505851113 1.0
-0.0544784841132 0.998516749336 0.000419739187732 0.998340421887 1.0
-0.0539984899589 0.998096396042 0.000419739187732 0.998205839974 3.0
-0.0535184958045 0.997572620924 0.000419739187732 0.998136560406 3.0
-0.0530385016501 0.998088486509 0.000419739187732 0.998085725154 3.0
-0.0525585074957 0.998220397314 0.000419739187732 0.998040561803 3.0
-0.0520785133413 0.998565336245 0.000419739187732 0.997999522602 3.0
-0.051598519187 0.997440999115 0.000419739187732 0.997961739616 3.0
-0.0511185250326 0.997420288823 0.000419739187732 0.997926637845 3.0
-0.0506385308782 0.998392071078 0.000419739187732 0.997893804404 3.0
-0.0501585367238 0.998772328235 0.000419739187732 0.997862928237 3.0
-0.0496785425694 0.997953284181 0.000419739187732 0.997833766991 3.0
-0.0491985484151 0.997370915284 0.000419739187732 0.997806126889 3.0
-0.0487185542607 0.997917821765 0.000419739187732 0.997779849729 3.0
-0.0482385601063 0.997475145679 0.000419739187732 0.997754804095 3.0
-0.0477585659519 0.998570216465 0.000419739187732 0.997730879223 3.0
-0.0472785717975 0.998269005421 0.000419739187732 0.997707980596 3.0
-0.0467985776432 0.99761752433 0.000419739187732 0.997686026693 3.0
-0.0463185834888 0.997341737469 0.000419739187732 0.997664946558 3.0
-0.0458385893344 0.997274186979 0.000419739187732 0.997644677922 3.0
-0.04535859518 0.997649300035 0.000419739187732 0.997625165755 3.0
-0.0448786010256 0.997433656898 0.000419739187732 0.997606361116 3.0
-0.0443986068713 0.997381521549 0.000419739187732 0.997588220229 3.0
-0.0439186127169 0.997291568232 0.000419739187732 0.997570703739 3.0
-0.0434386185625 0.998390071559 0.000419739187732 0.997553776104 3.0
-0.0429586244081 0.997729021996 0.000419739187732 0.997537405089 3.0
-0.0424786302537 0.99734101058 0.000419739187732 0.997521561345 3.0
-0.0419986360994 0.997973574965 0.000419739187732 0.997506218058 3.0
-0.041518641945 0.997586827214 0.000419739187732 0.997491350649 3.0
-0.0410386477906 0.996713073658 0.000419739187732 0.997476936521 3.0
-0.0405586536362 0.996570069244 0.000419739187732 0.997462954839 3.0
-0.0400786594819 0.997184508911 0.000419739187732 0.997449386346 3.0
-0.0395986653275 0.997338740066 0.000419739187732 0.997436213197 3.0
-0.0391186711731 0.996860798083 0.000419739187732 0.99742341882 3.0
-0.0386386770187 0.997250488041 0.000419739187732 0.997410987792 3.0
-0.0381586828643 0.997559623602 0.000419739187732 0.997398905733 3.0
-0.03767868871 0.997209193954 0.000419739187732 0.997387159206 3.0
-0.0371986945556 0.997474881624 0.000419739187732 0.997375735637 3.0
-0.0367187004012 0.997396776973 0.000419739187732 0.997364623238 3.0
-0.0362387062468 0.997757047859 0.000419739187732 0.997353810942 3.0
-0.0357587120924 0.998379639623 0.000419739187732 0.997343288343 3.0
-0.0352787179381 0.997368461684 0.000419739187732 0.997333045642 3.0
-0.0347987237837 0.997100929719 0.000419739187732 0.997323073602 3.0
-0.0343187296293 0.997928202147 0.000419739187732 0.997313363501 3.0
-0.0338387354749 0.997444823909 0.000419739187732 0.997303907098 3.0
-0.0333587413205 0.998198162088 0.000419739187732 0.997294696595 3.0
-0.0328787471662 0.997043562928 0.000419739187732 0.997285724606 3.0
-0.0323987530118 0.997550014366 0.000419739187732 0.997276984128 3.0
-0.0319187588574 0.997839126293 0.000419739187732 0.997268468516 3.0
-0.031438764703 0.997213509436 0.000419739187732 0.997260171457 3.0
-0.0309587705486 0.997135449386 0.000419739187732 0.99725208695 3.0
-0.0304787763943 0.997685044059 0.000419739187732 0.997244209286 3.0
-0.0299987822399 0.997895421016 0.000419739187732 0.997236533029 3.0
-0.0295187880855 0.997234643014 0.000419739187732 0.997229052998 3.0
-0.0290387939311 0.99728409401 0.000419739187732 0.997221764254 3.0
-0.0285587997767 0.997418424772 0.000419739187732 0.997214662086 3.0
-0.0280788056224 0.997825241986 0.000419739187732 0.997207741993 3.0
-0.027598811468 0.997046073369 0.000419739187732 0.997200999679 3.0
-0.0271188173136 0.996926190625 0.000419739187732 0.997194431037 3.0
-0.0266388231592 0.996102187078 0.000419739187732 0.997188032137 3.0
-0.0261588290048 0.997351288822 0.000419739187732 0.997181799224 3.0
-0.0256788348505 0.99787365465 0.000419739187732 0.997175728701 3.0
-0.0251988406961 0.996832666085 0.000419739187732 0.997169817125 3.0
-0.0247188465417 0.996778307159 0.000419739187732 0.997164061197 3.0
-0.0242388523873 0.99758210488 0.000419739187732 0.997158457758 3.0
-0.0237588582329 0.997423827005 0.000419739187732 0.997153003779 3.0
-0.0232788640786 0.996774850418 0.000419739187732 0.997147696355 3.0
-0.0227988699242 0.997949786169 0.000419739187732 0.997142532702 3.0
-0.0223188757698 0.997154812508 0.000419739187732 0.997137510149 3.0
-0.0218388816154 0.99773265967 0.000419739187732 0.997132626134 3.0
-0.021358887461 0.99733037808 0.000419739187732 0.997127878198 3.0
-0.0208788933067 0.996766400896 0.000419739187732 0.997123263981 3.0
-0.0203988991523 0.997247885296 0.000419739187732 0.99711878122 3.0
-0.0199189049979 0.997197360987 0.000419739187732 0.99711442774 3.0
-0.0194389108435 0.996868863345 0.000419739187732 0.997110201457 3.0
-0.0189589166892 0.997752061832 0.000419739187732 0.997106100368 3.0
-0.0184789225348 0.997171427966 0.000419739187732 0.997102122552 3.0
-0.0179989283804 0.996938679965 0.000419739187732 0.997098266165 3.0
-0.017518934226 0.996676594737 0.000419739187732 0.99709452944 3.0
-0.0170389400716 0.996770625478 0.000419739187732 0.997090910678 3.0
-0.0165589459173 0.997272924883 0.000419739187732 0.997087408253 3.0
-0.0160789517629 0.997124721667 0.000419739187732 0.997084020603 3.0
-0.0155989576085 0.997488745956 0.000419739187732 0.997080746234 3.0
-0.0151189634541 0.997302291002 0.000419739187732 0.997077583711 3.0
-0.0146389692997 0.996503468746 0.000419739187732 0.997074531662 3.0
-0.0141589751454 0.996832503526 0.000419739187732 0.997071588773 3.0
-0.013678980991 0.997433182518 0.000419739187732 0.997068753786 3.0
-0.0131989868366 0.997042914641 0.000419739187732 0.9970660255 3.0
-0.0127189926822 0.997208224102 0.000419739187732 0.997063402766 3.0
-0.0122389985278 0.996691744436 0.000419739187732 0.997060884487 3.0
-0.0117590043735 0.997263916971 0.000419739187732 0.997058469618 3.0
-0.0112790102191 0.997488147475 0.000419739187732 0.997056157162 3.0
-0.0107990160647 0.996193714929 0.000419739187732 0.997053946171 3.0
-0.0103190219103 0.996972824694 0.000419739187732 0.997051835742 3.0
-0.00983902775594 0.996265446709 0.000419739187732 0.99704982502 3.0
-0.00935903360156 0.996945697862 0.000419739187732 0.997047913195 3.0
-0.00887903944718 0.996148264625 0.000419739187732 0.997046099497 3.0
-0.0083990452928 0.99757667324 0.000419739187732 0.997044383204 3.0
-0.00791905113842 0.997150476995 0.000419739187732 0.997042763632 3.0
-0.00743905698404 0.997706848211 0.000419739187732 0.99704124014 3.0
-0.00695906282966 0.996812687166 0.000419739187732 0.997039812127 3.0
-0.00647906867528 0.996617807299 0.000419739187732 0.997038479032 3.0
-0.0059990745209 0.998083159382 0.000419739187732 0.997037240333 3.0
-0.00551908036652 0.996477629382 0.000419739187732 0.997036095546 3.0
-0.00503908621214 0.99687552799 0.000419739187732 0.997035044226 3.0
-0.00455909205776 0.997372645147 0.000419739187732 0.997034085964 3.0
-0.00407909790338 0.997433829177 0.000419739187732 0.997033220391 3.0
-0.003599103749 0.997329120513 0.000419739187732 0.99703244717 3.0
-0.00311910959463 0.996680525437 0.000419739187732 0.997031766005 3.0
-0.00263911544025 0.996962003052 0.000419739187732 0.997031176632 3.0
-0.00215912128587 0.996925468464 0.000419739187732 0.997030664483 3.0
-0.00167912713149 0.996260700872 0.000419739187732 0.997030258052 3.0
-0.00119913297711 0.996880679091 0.000419739187732 0.99702994284 3.0
-0.000719138822728 0.996497504331 0.000419739187732 0.997029718726 3.0
-0.000239144668348 0.996274503568 0.000419739187732 0.997029585624 3.0
0.000240849486032 0.996700024875 0.000419739187732 0.997029543505 3.0
0.000720843640411 0.996561943934 0.000419739187732 0.997029592891 3.0
0.00120083779479 0.996968322573 0.000419739187732 0.99702973324 3.0
0.00168083194917 0.997263187834 0.000419739187732 0.997029964606 3.0
0.00216082610355 0.997299736453 0.000419739187732 0.997030287079 3.0
0.00264082025793 0.997294368539 0.000419739187732 0.997030700782 3.0
0.00312081441231 0.997484315459 0.000419739187732 0.997031220217 3.0
0.00360080856669 0.997248641471 0.000419739187732 0.997031816892 3.0
0.00408080272107 0.997011527482 0.000419739187732 0.997032505379 3.0
0.00456079687545 0.996953350834 0.000419739187732 0.997033285945 3.0
0.00504079102983 0.997060026713 0.000419739187732 0.997034158888 3.0
0.00552078518421 0.997504423689 0.000419739187732 0.997035124548 3.0
0.00600077933859 0.996884859392 0.000419739187732 0.997036183297 3.0
0.00648077349297 0.997442314327 0.000419739187732 0.997037335547 3.0
0.00696076764735 0.996898781801 0.000419739187732 0.997038581747 3.0
0.00744076180172 0.997058936777 0.000419739187732 0.997039922383 3.0
0.0079207559561 0.996700250555 0.000419739187732 0.997041357979 3.0
0.00840075011048 0.996977673813 0.000419739187732 0.997042889102 3.0
0.00888074426486 0.997141604703 0.000419739187732 0.997044516353 3.0
0.00936073841924 0.997287250124 0.000419739187732 0.99704624038 3.0
0.00984073257362 0.99666668064 0.000419739187732 0.997048061866 3.0
0.010320726728 0.997611768721 0.000419739187732 0.99704998154 3.0
0.0108007208824 0.996938345492 0.000419739187732 0.997052000173 3.0
0.0112807150368 0.997091843932 0.000419739187732 0.997054118579 3.0
0.0117607091911 0.997448121783 0.000419739187732 0.997056337619 3.0
0.0122407033455 0.996981367562 0.000419739187732 0.997058658197 3.0
0.0127206974999 0.996958020601 0.000419739187732 0.997061081265 3.0
0.0132006916543 0.997200264265 0.000419739187732 0.997063607825 3.0
0.0136806858087 0.9972775401 0.000419739187732 0.997066238925 3.0
0.014160679963 0.996992617039 0.000419739187732 0.997068975667 3.0
0.0146406741174 0.997431485518 0.000419739187732 0.997071819204 3.0
0.0151206682718 0.996989060075 0.000419739187732 0.99707477074 3.0
0.0156006624262 0.997444501793 0.000419739187732 0.99707783154 3.0
0.0160806565806 0.996406649305 0.000419739187732 0.99708100292 3.0
0.0165606507349 0.996780258829 0.000419739187732 0.997084286259 3.0
0.0170406448893 0.997153851637 0.000419739187732 0.997087682995 3.0
0.0175206390437 0.997378651194 0.000419739187732 0.997091194629 3.0
0.0180006331981 0.997222860041 0.000419739187732 0.997094822726 3.0
0.0184806273525 0.997940757349 0.000419739187732 0.997098568919 3.0
0.0189606215068 0.996426566826 0.000419739187732 0.997102434911 3.0
0.0194406156612 0.998190354362 0.000419739187732 0.997106422477 3.0
0.0199206098156 0.997312224528 0.000419739187732 0.997110533467 3.0
0.02040060397 0.997206891168 0.000419739187732 0.997114769807 3.0
0.0208805981244 0.997312977584 0.000419739187732 0.997119133506 3.0
0.0213605922787 0.997638556066 0.000419739187732 0.997123626658 3.0
0.0218405864331 0.996855578265 0.000419739187732 0.997128251441 3.0
0.0223205805875 0.996728883036 0.000419739187732 0.997133010128 3.0
0.0228005747419 0.996428337245 0.000419739187732 0.997137905086 3.0
0.0232805688962 0.996183866123 0.000419739187732 0.997142938782 3.0
0.0237605630506 0.997181416353 0.000419739187732 0.997148113787 3.0
0.024240557205 0.997387939728 0.000419739187732 0.997153432781 3.0
0.0247205513594 0.997500408189 0.000419739187732 0.997158898557 3.0
0.0252005455138 0.997891646474 0.000419739187732 0.997164514029 3.0
0.0256805396681 0.996636629276 0.000419739187732 0.997170282236 3.0
0.0261605338225 0.997201720536 0.000419739187732 0.99717620635 3.0
0.0266405279769 0.99792122108 0.000419739187732 0.997182289679 3.0
0.0271205221313 0.996720362154 0.000419739187732 0.997188535679 3.0
0.0276005162857 0.996899314894 0.000419739187732 0.997194947959 3.0
0.02808051044 0.997659528697 0.000419739187732 0.997201530288 3.0
0.0285605045944 0.997186731796 0.000419739187732 0.997208286609 3.0
0.0290404987488 0.997652159899 0.000419739187732 0.997215221044 3.0
0.0295204929032 0.997216619098 0.000419739187732 0.997222337906 3.0
0.0300004870576 0.996183643593 0.000419739187732 0.99722964171 3.0
0.0304804812119 0.997183512019 0.000419739187732 0.997237137186 3.0
0.0309604753663 0.997397644328 0.000419739187732 0.997244829292 3.0
0.0314404695207 0.996796549797 0.000419739187732 0.997252723229 3.0
0.0319204636751 0.996617794841 0.000419739187732 0.997260824452 3.0
0.0324004578295 0.997594111401 0.000419739187732 0.997269138695 3.0
0.0328804519838 0.997642833181 0.000419739187732 0.997277671983 3.0
0.0333604461382 0.996442978158 0.000419739187732 0.997286430652 3.0
0.0338404402926 0.996503460517 0.000419739187732 0.997295421378 3.0
0.034320434447 0.997163573499 0.000419739187732 0.997304651191 3.0
0.0348004286014 0.99793263263 0.000419739187732 0.997314127509 3.0
0.0352804227557 0.997189441941 0.000419739187732 0.997323858165 3.0
0.0357604169101 0.996469056345 0.000419739187732 0.997333851438 3.0
0.0362404110645 0.996823718255 0.000419739187732 0.997344116087 3.0
0.0367204052189 0.997193469766 0.000419739187732 0.997354661394 3.0
0.0372003993733 0.997772255435 0.000419739187732 0.997365497203 3.0
0.0376803935276 0.996541486661 0.000419739187732 0.997376633972 3.0
0.038160387682 0.996949653358 0.000419739187732 0.997388082823 3.0
0.0386403818364 0.997396604199 0.000419739187732 0.997399855603 3.0
0.0391203759908 0.997021042301 0.000419739187732 0.997411964953 3.0
0.0396003701452 0.99765156385 0.000419739187732 0.997424424381 3.0
0.0400803642995 0.996716686573 0.000419739187732 0.997437248348 3.0
0.0405603584539 0.997377244161 0.000419739187732 0.997450452363 3.0
0.0410403526083 0.997729360392 0.000419739187732 0.997464053095 3.0
0.0415203467627 0.997793351461 0.000419739187732 0.997478068496 3.0
0.0420003409171 0.997470086774 0.000419739187732 0.997492517943 3.0
0.0424803350714 0.997050190223 0.000419739187732 0.997507422402 3.0
0.0429603292258 0.997967928142 0.000419739187732 0.997522804622 3.0
0.0434403233802 0.997520806407 0.000419739187732 0.997538689349 3.0
0.0439203175346 0.997428742455 0.000419739187732 0.997555103588 3.0
0.044400311689 0.998093605039 0.000419739187732 0.997572076903 3.0
0.0448803058433 0.997323868722 0.000419739187732 0.997589641777 3.0
0.0453602999977 0.9976064159 0.000419739187732 0.997607834036 3.0
0.0458402941521 0.99764634642 0.000419739187732 0.997626693362 3.0
0.0463202883065 0.997854264365 0.000419739187732 0.997646263913 3.0
0.0468002824608 0.997798118474 0.000419739187732 0.997666595081 3.0
0.0472802766152 0.997647681279 0.000419739187732 0.997687742426 3.0
0.0477602707696 0.997548717022 0.000419739187732 0.997709768849 3.0
0.048240264924 0.998173415562 0.000419739187732 0.997732746075 3.0
0.0487202590784 0.997654889982 0.000419739187732 0.99775675656 3.0
0.0492002532327 0.996461397573 0.000419739187732 0.997781895985 3.0
0.0496802473871 0.997781648706 0.000419739187732 0.997808276578 3.0
0.0501602415415 0.998429746951 0.000419739187732 0.997836031636 3.0
0.0506402356959 0.998132489946 0.000419739187732 0.997865321829 3.0
0.0511202298503 0.998702859112 0.000419739187732 0.997896344256 3.0
0.0516002240046 0.997870802927 0.000419739187732 0.997929345882 3.0
0.052080218159 0.998299294122 0.000419739187732 0.997964644424 3.0
0.0525602123134 0.997782243096 0.000419739187732 0.998002662949 3.0
0.0530402064678 0.99794162255 0.000419739187732 0.998043993489 3.0
0.0535202006222 0.998558740298 0.000419739187732 0.998089537753 3.0
0.0540001947765 0.997929639609 0.000419739187732 0.998140936935 3.0
0.0544801889309 0.997366667733 0.000419739187732 0.998214733194 2.0
0.0549601830853 0.998026730341 0.000419739187732 0.998352746193 2.0
0.0554401772397 0.998308808462 0.000419739187732 0.998519837204 2.0
0.0559201713941 0.99868664921 0.000419739187732 0.998701743373 2.0
0.0564001655484 0.99965849641 0.000419739187732 0.998889975434 2.0
0.0568801597028 0.999203732369 0.000419739187732 0.999078067113 2.0
0.0573601538572 0.999079178051 0.000419739187732 0.999260474499 2.0
0.0578401480116 0.999620334934 0.000419739187732 0.999432038542 2.0
0.058320142166 0.999459982057 0.000419739187732 0.999587567648 2.0
0.0588001363203 1.00004792265 0.000419739187732 0.999721303354 2.0
0.0592801304747 0.999579208854 0.000419739187732 0.999825803215 2.0
0.0597601246291 1.00080285573 0.000419739187732 0.999887238004 0.0
0.0602401187835 1.00003213913 0.000419739187732 0.999889859641 0.0
0.0607201129379 0.999964501538 0.000419739187732 0.999889859641 0.0
0.0612001070922 0.999203545866 0.000419739187732 0.999889859641 0.0
0.0616801012466 0.999288052605 0.000419739187732 0.999889859641 0.0
0.062160095401 0.999811437138 0.000419739187732 0.999889859641 0.0
0.0626400895554 0.999855646946 0.000419739187732 0.999889859641 0.0
0.0631200837098 0.999513873074 0.000419739187732 0.999889859641 0.0
0.0636000778641 0.999703172857 0.000419739187732 0.999889859641 0.0
0.0640800720185 0.999646194064 0.000419739187732 0.999889859641 0.0
0.0645600661729 1.00027781962 0.000419739187732 0.999889859641 0.0
0.0650400603273 0.999989587227 0.000419739187732 0.999889859641 0.0
0.0655200544817 0.999598757698 0.000419739187732 0.999889859641 0.0
0.066000048636 0.999525490383 0.000419739187732 0.999889859641 0.0
0.0664800427904 0.999922912578 0.000419739187732 0.999889859641 0.0
0.0669600369448 0.999640127324 0.000419739187732 0.999889859641 0.0
0.0674400310992 1.00044338981 0.000419739187732 0.999889859641 0.0
0.0679200252535 0.99974353388 0.000419739187732 0.999889859641 0.0
0.0684000194079 0.999965369095 0.000419739187732 0.999889859641 0.0
0.0688800135623 0.999221307868 0.000419739187732 0.999889859641 0.0
0.0693600077167 0.999722852244 0.000419739187732 0.999889859641 0.0
0.0698400018711 0.9994586193 0.000419739187732 0.999889859641 0.0
0.0703199960254 0.999465530204 0.000419739187732 0.999889859641 0.0
0.0707999901798 0.999063830363 0.000419739187732 0.999889859641 0.0
0.0712799843342 1.00015933359 0.000419739187732 0.999889859641 0.0
0.0717599784886 1.00007728457 0.000419739187732 0.999889859641 0.0
