-0.0987437125643 0.999974425584 2.76859942339e-05 1.00000093923 0.0
-0.0980842411699 0.999964679966 2.76859942339e-05 1.00000093923 0.0
-0.0974247697756 1.00004015447 2.76859942339e-05 1.00000093923 0.0
-0.0967652983812 1.00000551896 2.76859942339e-05 1.00000093923 0.0
-0.0961058269868 1.00003760099 2.76859942339e-05 1.00000093923 0.0
-0.0954463555925 0.999928627399 2.76859942339e-05 1.00000093923 0.0
-0.0947868841981 1.00003413466 2.76859942339e-05 1.00000093923 0.0
-0.0941274128038 0.999998509377 2.76859942339e-05 1.00000093923 0.0
-0.0934679414094 1.00005332345 2.76859942339e-05 1.00000093923 0.0
-0.0928084700151 1.00004211494 2.76859942339e-05 1.00000093923 0.0
-0.0921489986207 0.999992799303 2.76859942339e-05 1.00000093923 0.0
-0.0914895272264 1.00003126407 2.76859942339e-05 1.00000093923 0.0
-0.090830055832 0.999947439199 2.76859942339e-05 1.00000093923 0.0
-0.0901705844377 0.999978391877 2.76859942339e-05 1.00000093923 0.0
-0.0895111130433 0.999964114763 2.76859942339e-05 1.00000093923 0.0
-0.0888516416489 1.00000032463 2.76859942339e-05 1.00000093923 0.0
-0.0881921702546 0.999998489312 2.76859942339e-05 1.00000093923 0.0
-0.0875326988602 1.0000007441 2.76859942339e-05 1.00000093923 0.0
-0.0868732274659 1.00000629567 2.76859942339e-05 1.00000093923 0.0
-0.0862137560715 1.00001282668 2.76859942339e-05 1.00000093923 0.0
-0.0855542846772 1.00003543882 2.76859942339e-05 1.00000093923 0.0
-0.0848948132828 1.00006445083 2.76859942339e-05 1.00000093923 0.0
-0.0842353418885 0.999951490862 2.76859942339e-05 1.00000093923 0.0
-0.0835758704941 0.999992534638 2.76859942339e-05 1.00000093923 0.0
-0.0829163990998 1.00000392523 2.76859942339e-05 1.00000093923 0.0
-0.0822569277054 0.999985769896 2.76859942339e-05 1.00000043179 1.0
-0.081597456311 0.99996591116 2.76859942339e-05 0.999988881844 1.0
-0.0809379849167 0.999952827725 2.76859942339e-05 0.99997008978 1.0
-0.0802785135223 0.999936759889 2.76859942339e-05 0.999946656136 1.0
-0.079619042128 0.999932314799 2.76859942339e-05 0.999919803018 1.0
-0.0789595707336 0.999902257757 2.76859942339e-05 0.999890352123 1.0
-0.0783000993393 0.99987018162 2.76859942339e-05 0.999858940026 1.0
-0.0776406279449 0.999854819137 2.76859942339e-05 0.999826103 1.0
-0.0769811565506 0.999748403905 2.76859942339e-05 0.999792319918 1.0
-0.0763216851562 0.999773762873 2.76859942339e-05 0.999758037912 1.0
-0.0756622137619 0.999687770174 2.76859942339e-05 0.999723690192 1.0
-0.0750027423675 0.999709848652 2.76859942339e-05 0.99968971075 1.0
-0.0743432709731 0.999647594006 2.76859942339e-05 0.999656549412 1.0
-0.0736837995788 0.999620061845 2.76859942339e-05 0.999624691357 1.0
-0.0730243281844 0.99961461139 2.76859942339e-05 0.999594688482 1.0
-0.0723648567901 0.999562334345 2.76859942339e-05 0.999567219721 1.0
-0.0717053853957 0.999568228207 2.76859942339e-05 0.999543231485 1.0
-0.0710459140014 0.999526186851 2.76859942339e-05 0.999524394739 1.0
-0.070386442607 0.99951361997 2.76859942339e-05 0.999515558993 3.0
-0.0697269712127 0.999518374143 2.76859942339e-05 0.999510379339 3.0
-0.0690674998183 0.999465199612 2.76859942339e-05 0.999505556949 3.0
-0.068408028424 0.999531892332 2.76859942339e-05 0.999500997849 3.0
-0.0677485570296 0.999459937685 2.76859942339e-05 0.999496652013 3.0
-0.0670890856352 0.999451779387 2.76859942339e-05 0.999492488686 3.0
-0.0664296142409 0.999498796772 2.76859942339e-05 0.999488485999 3.0
-0.0657701428465 0.999466034449 2.76859942339e-05 0.99948462701 3.0
-0.0651106714522 0.999444253855 2.76859942339e-05 0.999480897999 3.0
-0.0644512000578 0.999471475002 2.76859942339e-05 0.999477287587 3.0
-0.0637917286635 0.999456386111 2.76859942339e-05 0.999473786198 3.0
-0.0631322572691 0.999484015766 2.76859942339e-05 0.99947038569 3.0
-0.0624727858748 0.999495915473 2.76859942339e-05 0.999467079078 3.0
-0.0618133144804 0.999436367333 2.76859942339e-05 0.99946386032 3.0
-0.0611538430861 0.999448741299 2.76859942339e-05 0.999460724149 3.0
-0.0604943716917 0.999470192141 2.76859942339e-05 0.999457665943 3.0
-0.0598349002973 0.999486151868 2.76859942339e-05 0.999454681616 3.0
-0.059175428903 0.999421290959 2.76859942339e-05 0.999451767537 3.0
-0.0585159575086 0.999471292121 2.76859942339e-05 0.999448920455 3.0
-0.0578564861143 0.999438873584 2.76859942339e-05 0.999446137449 3.0
-0.0571970147199 0.999421543776 2.76859942339e-05 0.999443415879 3.0
-0.0565375433256 0.999439793624 2.76859942339e-05 0.999440753347 3.0
-0.0558780719312 0.999428087522 2.76859942339e-05 0.99943814767 3.0
-0.0552186005369 0.999411489794 2.76859942339e-05 0.999435596847 3.0
-0.0545591291425 0.999433449599 2.76859942339e-05 0.999433099045 3.0
-0.0538996577482 0.99946915508 2.76859942339e-05 0.999430652571 3.0
-0.0532401863538 0.999456227774 2.76859942339e-05 0.999428255865 3.0
-0.0525807149594 0.999459553775 2.76859942339e-05 0.999425907481 3.0
-0.0519212435651 0.999422679546 2.76859942339e-05 0.999423606076 3.0
-0.0512617721707 0.999381998941 2.76859942339e-05 0.999421350399 3.0
-0.0506023007764 0.999424120966 2.76859942339e-05 0.999419139287 3.0
-0.049942829382 0.999435372722 2.76859942339e-05 0.999416971648 3.0
-0.0492833579877 0.999461457376 2.76859942339e-05 0.999414846465 3.0
-0.0486238865933 0.999402119308 2.76859942339e-05 0.999412762782 3.0
-0.047964415199 0.999411477549 2.76859942339e-05 0.999410719699 3.0
-0.0473049438046 0.999405236091 2.76859942339e-05 0.999408716373 3.0
-0.0466454724103 0.99944252807 2.76859942339e-05 0.999406752009 3.0
-0.0459860010159 0.999391321922 2.76859942339e-05 0.999404825855 3.0
-0.0453265296215 0.999402044116 2.76859942339e-05 0.999402937204 3.0
-0.0446670582272 0.999349619189 2.76859942339e-05 0.999401085386 3.0
-0.0440075868328 0.999356894638 2.76859942339e-05 0.999399269765 3.0
-0.0433481154385 0.999416708352 2.76859942339e-05 0.999397489743 3.0
-0.0426886440441 0.999397491091 2.76859942339e-05 0.999395744749 3.0
-0.0420291726498 0.999376983757 2.76859942339e-05 0.999394034242 3.0
-0.0413697012554 0.999432621396 2.76859942339e-05 0.999392357709 3.0
-0.0407102298611 0.999406843793 2.76859942339e-05 0.99939071466 3.0
-0.0400507584667 0.999415068609 2.76859942339e-05 0.999389104632 3.0
-0.0393912870724 0.99937835589 2.76859942339e-05 0.999387527182 3.0
-0.038731815678 0.999414841394 2.76859942339e-05 0.999385981887 3.0
-0.0380723442836 0.999424404894 2.76859942339e-05 0.999384468346 3.0
-0.0374128728893 0.999401553437 2.76859942339e-05 0.999382986175 3.0
-0.0367534014949 0.999423248359 2.76859942339e-05 0.999381535007 3.0
-0.0360939301006 0.99941138795 2.76859942339e-05 0.999380114492 3.0
-0.0354344587062 0.99938305344 2.76859942339e-05 0.999378724297 3.0
-0.0347749873119 0.999437028537 2.76859942339e-05 0.999377364101 3.0
-0.0341155159175 0.999393251557 2.76859942339e-05 0.999376033599 3.0
-0.0334560445232 0.999335414827 2.76859942339e-05 0.999374732498 3.0
-0.0327965731288 0.99935645416 2.76859942339e-05 0.999373460518 3.0
-0.0321371017345 0.99934782492 2.76859942339e-05 0.999372217392 3.0
-0.0314776303401 0.999382602427 2.76859942339e-05 0.999371002861 3.0
-0.0308181589457 0.999410958828 2.76859942339e-05 0.999369816681 3.0
-0.0301586875514 0.999381713186 2.76859942339e-05 0.999368658615 3.0
-0.029499216157 0.999390114109 2.76859942339e-05 0.999367528438 3.0
-0.0288397447627 0.999360893317 2.76859942339e-05 0.999366425933 3.0
-0.0281802733683 0.999389423787 2.76859942339e-05 0.999365350892 3.0
-0.027520801974 0.999346912921 2.76859942339e-05 0.999364303117 3.0
-0.0268613305796 0.999384283375 2.76859942339e-05 0.999363282416 3.0
-0.0262018591853 0.999383109562 2.76859942339e-05 0.999362288607 3.0
-0.0255423877909 0.999340031895 2.76859942339e-05 0.999361321514 3.0
-0.0248829163966 0.999327864518 2.76859942339e-05 0.999360380969 3.0
-0.0242234450022 0.999399802047 2.76859942339e-05 0.999359466811 3.0
-0.0235639736078 0.99934942605 2.76859942339e-05 0.999358578885 3.0
-0.0229045022135 0.999341295687 2.76859942339e-05 0.999357717044 3.0
-0.0222450308191 0.999335124774 2.76859942339e-05 0.999356881145 3.0
-0.0215855594248 0.999366781501 2.76859942339e-05 0.999356071052 3.0
-0.0209260880304 0.999317545715 2.76859942339e-05 0.999355286636 3.0
-0.0202666166361 0.999345439081 2.76859942339e-05 0.999354527773 3.0
-0.0196071452417 0.999334363824 2.76859942339e-05 0.999353794342 3.0
-0.0189476738474 0.999349231038 2.76859942339e-05 0.999353086231 3.0
-0.018288202453 0.999333095004 2.76859942339e-05 0.99935240333 3.0
-0.0176287310587 0.999370771671 2.76859942339e-05 0.999351745536 3.0
-0.0169692596643 0.999349556955 2.76859942339e-05 0.999351112751 3.0
-0.0163097882699 0.99939585694 2.76859942339e-05 0.999350504878 3.0
-0.0156503168756 0.999357406547 2.76859942339e-05 0.99934992183 3.0
-0.0149908454812 0.999350366843 2.76859942339e-05 0.99934936352 3.0
-0.0143313740869 0.999340621765 2.76859942339e-05 0.999348829867 3.0
-0.0136719026925 0.999342486936 2.76859942339e-05 0.999348320794 3.0
-0.0130124312982 0.999341334823 2.76859942339e-05 0.999347836229 3.0
-0.0123529599038 0.999355403964 2.76859942339e-05 0.999347376102 3.0
-0.0116934885095 0.999325720152 2.76859942339e-05 0.999346940349 3.0
-0.0110340171151 0.999342330824 2.76859942339e-05 0.999346528909 3.0
-0.0103745457208 0.999356419692 2.76859942339e-05 0.999346141724 3.0
-0.0097150743264 0.999329045042 2.76859942339e-05 0.999345778741 3.0
-0.00905560293204 0.99939160378 2.76859942339e-05 0.999345439909 3.0
-0.00839613153769 0.999336761563 2.76859942339e-05 0.999345125182 3.0
-0.00773666014333 0.999298390162 2.76859942339e-05 0.999344834518 3.0
-0.00707718874898 0.999344984109 2.76859942339e-05 0.999344567876 3.0
-0.00641771735462 0.999417498193 2.76859942339e-05 0.99934432522 3.0
-0.00575824596027 0.999365000489 2.76859942339e-05 0.999344106519 3.0
-0.00509877456592 0.999352856779 2.76859942339e-05 0.999343911741 3.0
-0.00443930317156 0.999374036586 2.76859942339e-05 0.999343740862 3.0
-0.00377983177721 0.999370573271 2.76859942339e-05 0.999343593858 3.0
-0.00312036038285 0.999338206522 2.76859942339e-05 0.99934347071 3.0
-0.0024608889885 0.999296554442 2.76859942339e-05 0.999343371402 3.0
-0.00180141759414 0.999346557652 2.76859942339e-05 0.999343295919 3.0
-0.00114194619979 0.999375752177 2.76859942339e-05 0.999343244253 3.0
-0.000482474805434 0.999313126001 2.76859942339e-05 0.999343216396 3.0
0.000176996588921 0.999334067028 2.76859942339e-05 0.999343212344 3.0
0.000836467983275 0.999340703072 2.76859942339e-05 0.999343232097 3.0
0.00149593937763 0.999355841428 2.76859942339e-05 0.999343275658 3.0
0.00215541077198 0.999291188115 2.76859942339e-05 0.999343343032 3.0
0.00281488216634 0.999308605982 2.76859942339e-05 0.999343434229 3.0
0.00347435356069 0.999369582166 2.76859942339e-05 0.99934354926 3.0
0.00413382495505 0.999310033273 2.76859942339e-05 0.999343688141 3.0
0.0047932963494 0.999312389422 2.76859942339e-05 0.999343850891 3.0
0.00545276774376 0.999368491932 2.76859942339e-05 0.99934403753 3.0
0.00611223913811 0.999338085693 2.76859942339e-05 0.999344248084 3.0
0.00677171053247 0.999413481453 2.76859942339e-05 0.999344482582 3.0
0.00743118192682 0.999356591696 2.76859942339e-05 0.999344741055 3.0
0.00809065332118 0.999348267604 2.76859942339e-05 0.999345023538 3.0
0.00875012471553 0.999335861726 2.76859942339e-05 0.999345330069 3.0
0.00940959610988 0.999372034156 2.76859942339e-05 0.99934566069 3.0
0.0100690675042 0.999312301762 2.76859942339e-05 0.999346015446 3.0
0.0107285388986 0.999340576505 2.76859942339e-05 0.999346394387 3.0
0.0113880102929 0.999333672478 2.76859942339e-05 0.999346797564 3.0
0.0120474816873 0.999364835914 2.76859942339e-05 0.999347225034 3.0
0.0127069530817 0.999369468809 2.76859942339e-05 0.999347676857 3.0
0.013366424476 0.999307045728 2.76859942339e-05 0.999348153095 3.0
0.0140258958704 0.999300514798 2.76859942339e-05 0.999348653817 3.0
0.0146853672647 0.999330274229 2.76859942339e-05 0.999349179094 3.0
0.0153448386591 0.99936623964 2.76859942339e-05 0.999349729002 3.0
0.0160043100534 0.999337891218 2.76859942339e-05 0.99935030362 3.0
0.0166637814478 0.999290845614 2.76859942339e-05 0.999350903032 3.0
0.0173232528421 0.999363691424 2.76859942339e-05 0.999351527327 3.0
0.0179827242365 0.999358751041 2.76859942339e-05 0.999352176597 3.0
0.0186421956308 0.999360467272 2.76859942339e-05 0.99935285094 3.0
0.0193016670252 0.999326874991 2.76859942339e-05 0.999353550457 3.0
0.0199611384196 0.999391151709 2.76859942339e-05 0.999354275256 3.0
0.0206206098139 0.99940673592 2.76859942339e-05 0.999355025449 3.0
0.0212800812083 0.999367084756 2.76859942339e-05 0.999355801153 3.0
0.0219395526026 0.999343404161 2.76859942339e-05 0.99935660249 3.0
0.022599023997 0.99935471901 2.76859942339e-05 0.99935742959 3.0
0.0232584953913 0.999404163142 2.76859942339e-05 0.999358282584 3.0
0.0239179667857 0.999382450254 2.76859942339e-05 0.999359161614 3.0
0.02457743818 0.999398236917 2.76859942339e-05 0.999360066826 3.0
0.0252369095744 0.999336537996 2.76859942339e-05 0.999360998371 3.0
0.0258963809687 0.999350415664 2.76859942339e-05 0.999361956408 3.0
0.0265558523631 0.999336638031 2.76859942339e-05 0.999362941103 3.0
0.0272153237575 0.999343507731 2.76859942339e-05 0.99936395263 3.0
0.0278747951518 0.999293403221 2.76859942339e-05 0.999364991167 3.0
0.0285342665462 0.999377010371 2.76859942339e-05 0.999366056905 3.0
0.0291937379405 0.999349159667 2.76859942339e-05 0.999367150038 3.0
0.0298532093349 0.999369529143 2.76859942339e-05 0.999368270771 3.0
0.0305126807292 0.99934007416 2.76859942339e-05 0.999369419319 3.0
0.0311721521236 0.999413755915 2.76859942339e-05 0.999370595903 3.0
0.0318316235179 0.999363949878 2.76859942339e-05 0.999371800755 3.0
0.0324910949123 0.999387364682 2.76859942339e-05 0.999373034119 3.0
0.0331505663066 0.999378394538 2.76859942339e-05 0.999374296248 3.0
0.033810037701 0.999362590218 2.76859942339e-05 0.999375587405 3.0
0.0344695090954 0.999396725002 2.76859942339e-05 0.999376907866 3.0
0.0351289804897 0.999342056927 2.76859942339e-05 0.99937825792 3.0
0.0357884518841 0.999313809137 2.76859942339e-05 0.999379637868 3.0
0.0364479232784 0.999393486263 2.76859942339e-05 0.999381048025 3.0
0.0371073946728 0.999379458086 2.76859942339e-05 0.999382488719 3.0
0.0377668660671 0.999357553113 2.76859942339e-05 0.999383960297 3.0
0.0384263374615 0.999398983654 2.76859942339e-05 0.999385463117 3.0
0.0390858088558 0.999388446902 2.76859942339e-05 0.999386997558 3.0
0.0397452802502 0.999388282824 2.76859942339e-05 0.999388564016 3.0
0.0404047516445 0.999424144777 2.76859942339e-05 0.999390162906 3.0
0.0410642230389 0.999421048125 2.76859942339e-05 0.999391794663 3.0
0.0417236944333 0.99936205568 2.76859942339e-05 0.999393459744 3.0
0.0423831658276 0.999370019689 2.76859942339e-05 0.99939515863 3.0
0.043042637222 0.999401894819 2.76859942339e-05 0.999396891825 3.0
0.0437021086163 0.999404646142 2.76859942339e-05 0.999398659861 3.0
0.0443615800107 0.999325922511 2.76859942339e-05 0.999400463297 3.0
0.045021051405 0.999401510952 2.76859942339e-05 0.999402302724 3.0
0.0456805227994 0.999375091503 2.76859942339e-05 0.999404178763 3.0
0.0463399941937 0.999356841864 2.76859942339e-05 0.999406092073 3.0
0.0469994655881 0.999403291164 2.76859942339e-05 0.999408043348 3.0
0.0476589369824 0.999442262474 2.76859942339e-05 0.999410033324 3.0
0.0483184083768 0.999366671516 2.76859942339e-05 0.999412062781 3.0
0.0489778797712 0.999384332457 2.76859942339e-05 0.999414132545 3.0
0.0496373511655 0.999432538755 2.76859942339e-05 0.999416243497 3.0
0.0502968225599 0.999443421617 2.76859942339e-05 0.999418396572 3.0
0.0509562939542 0.999434856056 2.76859942339e-05 0.999420592767 3.0
0.0516157653486 0.999421767996 2.76859942339e-05 0.999422833147 3.0
0.0522752367429 0.999433970245 2.76859942339e-05 0.99942511885 3.0
0.0529347081373 0.99946891294 2.76859942339e-05 0.999427451096 3.0
0.0535941795316 0.999439690524 2.76859942339e-05 0.999429831196 3.0
0.054253650926 0.999433619905 2.76859942339e-05 0.999432260558 3.0
0.0549131223203 0.999458228022 2.76859942339e-05 0.999434740705 3.0
0.0555725937147 0.999433884577 2.76859942339e-05 0.999437273281 3.0
0.0562320651091 0.99941264771 2.76859942339e-05 0.999439860069 3.0
0.0568915365034 0.999400564502 2.76859942339e-05 0.999442503012 3.0
0.0575510078978 0.999433588986 2.76859942339e-05 0.999445204227 3.0
0.0582104792921 0.999446002239 2.76859942339e-05 0.999447966036 3.0
0.0588699506865 0.999429090323 2.76859942339e-05 0.999450790992 3.0
0.0595294220808 0.999466929583 2.76859942339e-05 0.999453681918 3.0
0.0601888934752 0.999463713251 2.76859942339e-05 0.999456641944 3.0
0.0608483648695 0.9994763991 2.76859942339e-05 0.999459674567 3.0
0.0615078362639 0.999488021446 2.76859942339e-05 0.999462783708 3.0
0.0621673076582 0.999476590537 2.76859942339e-05 0.999465973796 3.0
0.0628267790526 0.999464297645 2.76859942339e-05 0.999469249866 3.0
0.063486250447 0.999500027707 2.76859942339e-05 0.999472617677 3.0
0.0641457218413 0.999465059856 2.76859942339e-05 0.999476083874 3.0
0.0648051932357 0.99940494102 2.76859942339e-05 0.999479656177 3.0
0.06546466463 0.999477287522 2.76859942339e-05 0.999483343638 3.0
0.0661241360244 0.999496725666 2.76859942339e-05 0.999487156972 3.0
0.0667836074187 0.999536959943 2.76859942339e-05 0.999491109027 3.0
0.0674430788131 0.999519469186 2.76859942339e-05 0.999495215513 3.0
0.0681025502074 0.999510273231 2.76859942339e-05 0.999499496339 3.0
0.0687620216018 0.999524706366 2.76859942339e-05 0.999503978531 3.0
0.0694214929961 0.999520131649 2.76859942339e-05 0.999508703655 3.0
0.0700809643905 0.999533705432 2.76859942339e-05 0.999513747177 3.0
0.0707404357849 0.999476083027 2.76859942339e-05 0.999519841632 2.0
0.0713999071792 0.999597774579 2.76859942339e-05 0.999536113259 2.0
0.0720593785736 0.999580424401 2.76859942339e-05 0.999558602545 2.0
0.0727188499679 0.999556341216 2.76859942339e-05 0.999585013582 2.0
0.0733783213623 0.999557153653 2.76859942339e-05 0.999614239233 2.0
0.0740377927566 0.99966918314 2.76859942339e-05 0.999645532405 2.0
0.074697264151 0.999668065564 2.76859942339e-05 0.999678307079 2.0
0.0753567355453 0.999678161466 2.76859942339e-05 0.999712059824 2.0
0.0760162069397 0.999705849057 2.76859942339e-05 0.99974633136 2.0
0.076675678334 0.999804240327 2.76859942339e-05 0.999780684115 2.0
0.0773351497284 0.999849954212 2.76859942339e-05 0.99981468621 2.0
0.0779946211228 0.999897310597 2.76859942339e-05 0.99984789702 2.0
0.0786540925171 0.999873015702 2.76859942339e-05 0.999879850837 2.0
0.0793135639115 0.999917669307 2.76859942339e-05 0.999910034591 2.0
0.0799730353058 0.999934178371 2.76859942339e-05 0.999937852439 2.0
0.0806325067002 0.999976653191 2.76859942339e-05 0.999962559977 2.0
0.0812919780945 0.999974579827 2.76859942339e-05 0.999983113301 2.0
0.0819514494889 0.999961383533 2.76859942339e-05 0.99999765366 2.0
0.0826109208832 0.999969322859 2.76859942339e-05 1.00000093923 0.0
0.0832703922776 0.999990460862 2.76859942339e-05 1.00000093923 0.0
0.0839298636719 0.99998948308 2.76859942339e-05 1.00000093923 0.0
0.0845893350663 1.00000131846 2.76859942339e-05 1.00000093923 0.0
0.0852488064607 0.999993060312 2.76859942339e-05 1.00000093923 0.0
0.085908277855 0.999986874803 2.76859942339e-05 1.00000093923 0.0
0.0865677492494 0.999993190079 2.76859942339e-05 1.00000093923 0.0
0.0872272206437 0.999979713469 2.76859942339e-05 1.00000093923 0.0
0.0878866920381 1.00003220345 2.76859942339e-05 1.00000093923 0.0
0.0885461634324 1.00003448845 2.76859942339e-05 1.00000093923 0.0
0.0892056348268 0.999990333267 2.76859942339e-05 1.00000093923 0.0
0.0898651062211 1.00001192244 2.76859942339e-05 1.00000093923 0.0
0.0905245776155 1.00002451956 2.76859942339e-05 1.00000093923 0.0
0.0911840490098 1.00002053535 2.76859942339e-05 1.00000093923 0.0
0.0918435204042 1.00002075817 2.76859942339e-05 1.00000093923 0.0
0.0925029917986 0.999991229897 2.76859942339e-05 1.00000093923 0.0
0.0931624631929 0.999979492133 2.76859942339e-05 1.00000093923 0.0
0.0938219345873 1.00001299693 2.76859942339e-05 1.00000093923 0.0
0.0944814059816 1.00002926998 2.76859942339e-05 1.00000093923 0.0
0.095140877376 1.0000120114 2.76859942339e-05 1.00000093923 0.0
0.0958003487703 0.999977651648 2.76859942339e-05 1.00000093923 0.0
0.0964598201647 0.999961824164 2.76859942339e-05 1.00000093923 0.0
0.097119291559 0.999999104119 2.76859942339e-05 1.00000093923 0.0
0.0977787629534 0.999997348299 2.76859942339e-05 1.00000093923 0.0
0.0984382343477 1.00003574824 2.76859942339e-05 1.00000093923 0.0
