-0.0757650841034 0.999963020292 0.000329430540864 0.999945533545 0.0
-0.0752573387379 0.999971664945 0.000329430540864 0.999945533545 0.0
-0.0747495933723 1.00046957021 0.000329430540864 0.999945533545 0.0
-0.0742418480068 1.0000134763 0.000329430540864 0.999945533545 0.0
-0.0737341026412 0.999678894712 0.000329430540864 0.999945533545 0.0
-0.0732263572757 1.00003568785 0.000329430540864 0.999945533545 0.0
-0.0727186119101 0.999412812181 0.000329430540864 0.999945533545 0.0
-0.0722108665446 0.999767761076 0.000329430540864 0.999945533545 0.0
-0.071703121179 1.00034163984 0.000329430540864 0.999945533545 0.0
-0.0711953758134 0.999890877528 0.000329430540864 0.999945533545 0.0
-0.0706876304479 1.00013025517 0.000329430540864 0.999945533545 0.0
-0.0701798850823 1.0003804885 0.000329430540864 0.999945533545 0.0
-0.0696721397168 0.999905586038 0.000329430540864 0.999945533545 0.0
-0.0691643943512 0.999558942456 0.000329430540864 0.999945533545 0.0
-0.0686566489857 1.00030765571 0.000329430540864 0.999945533545 0.0
-0.0681489036201 0.999920529375 0.000329430540864 0.999945533545 0.0
-0.0676411582546 1.00040011401 0.000329430540864 0.999945533545 0.0
-0.067133412889 1.00033045171 0.000329430540864 0.999945533545 0.0
-0.0666256675235 1.0003793959 0.000329430540864 0.999945533545 0.0
-0.0661179221579 1.0001004009 0.000329430540864 0.999945533545 0.0
-0.0656101767923 0.999979764985 0.000329430540864 0.999945533545 0.0
-0.0651024314268 0.999276187921 0.000329430540864 0.999945533545 0.0
-0.0645946860612 0.999818450387 0.000329430540864 0.999945533545 0.0
-0.0640869406957 1.00003645989 0.000329430540864 0.999945533545 0.0
-0.0635791953301 0.999657287336 0.000329430540864 0.999945533545 0.0
-0.0630714499646 0.999652372043 0.000329430540864 0.999922543612 1.0
-0.062563704599 0.999530193604 0.000329430540864 0.999862482087 1.0
-0.0620559592335 0.99944722826 0.000329430540864 0.999779159182 1.0
-0.0615482138679 0.999501391745 0.000329430540864 0.999676958699 1.0
-0.0610404685024 0.999668008144 0.000329430540864 0.999558489977 1.0
-0.0605327231368 0.999695639107 0.000329430540864 0.999425620609 1.0
-0.0600249777712 0.999416229281 0.000329430540864 0.999279819872 1.0
-0.0595172324057 0.999189778862 0.000329430540864 0.999122313019 1.0
-0.0590094870401 0.998578955225 0.000329430540864 0.998954162937 1.0
-0.0585017416746 0.998928502616 0.000329430540864 0.998776318226 1.0
-0.057993996309 0.998793814205 0.000329430540864 0.998589643754 1.0
-0.0574862509435 0.998413352671 0.000329430540864 0.998394941244 1.0
-0.0569785055779 0.998538846865 0.000329430540864 0.998192963797 1.0
-0.0564707602124 0.998466493079 0.000329430540864 0.99798442656 1.0
-0.0559630148468 0.997502222227 0.000329430540864 0.997770014819 1.0
-0.0554552694813 0.997537599527 0.000329430540864 0.997550390356 1.0
-0.0549475241157 0.998032321633 0.000329430540864 0.99732619658 1.0
-0.0544397787501 0.997584777375 0.000329430540864 0.997098062802 1.0
-0.0539320333846 0.996788663369 0.000329430540864 0.996866607912 1.0
-0.053424288019 0.99681378122 0.000329430540864 0.996632443652 1.0
-0.0529165426535 0.995870211962 0.000329430540864 0.996396177626 1.0
-0.0524087972879 0.996099390954 0.000329430540864 0.996158416184 1.0
-0.0519010519224 0.995709507083 0.000329430540864 0.995919767298 1.0
-0.0513933065568 0.995263305508 0.000329430540864 0.995680843532 1.0
-0.0508855611913 0.995154158263 0.000329430540864 0.995442265255 1.0
-0.0503778158257 0.995593471896 0.000329430540864 0.995204664232 1.0
-0.0498700704602 0.995114364317 0.000329430540864 0.99496868779 1.0
-0.0493623250946 0.995198439841 0.000329430540864 0.994735003822 1.0
-0.048854579729 0.994624504398 0.000329430540864 0.994504306979 1.0
-0.0483468343635 0.994457011465 0.000329430540864 0.994277326585 1.0
-0.0478390889979 0.994120423537 0.000329430540864 0.99405483707 1.0
-0.0473313436324 0.993806288308 0.000329430540864 0.993837672201 1.0
-0.0468235982668 0.993205752992 0.000329430540864 0.993626745226 1.0
-0.0463158529013 0.993449231349 0.000329430540864 0.993423078696 1.0
-0.0458081075357 0.992899868953 0.000329430540864 0.993227851094 1.0
-0.0453003621702 0.992974300663 0.000329430540864 0.993042475252 1.0
-0.0447926168046 0.99213608961 0.000329430540864 0.992868744257 1.0
-0.0442848714391 0.992661483595 0.000329430540864 0.992709148802 1.0
-0.0437771260735 0.991902243375 0.000329430540864 0.992567795159 1.0
-0.0432693807079 0.992480388205 0.000329430540864 0.992457168891 3.0
-0.0427616353424 0.992921691487 0.000329430540864 0.99237314644 3.0
-0.0422538899768 0.992569121038 0.000329430540864 0.992294190456 3.0
-0.0417461446113 0.99278624409 0.000329430540864 0.992219231205 3.0
-0.0412383992457 0.991470663136 0.000329430540864 0.992147668058 3.0
-0.0407306538802 0.991713231749 0.000329430540864 0.992079089414 3.0
-0.0402229085146 0.992182679016 0.000329430540864 0.992013188068 3.0
-0.0397151631491 0.992245353983 0.000329430540864 0.991949722696 3.0
-0.0392074177835 0.992037089884 0.000329430540864 0.991888497029 3.0
-0.038699672418 0.991412247251 0.000329430540864 0.991829347354 3.0
-0.0381919270524 0.991798219611 0.000329430540864 0.991772134466 3.0
-0.0376841816868 0.99228855638 0.000329430540864 0.991716738199 3.0
-0.0371764363213 0.991344356631 0.000329430540864 0.991663053549 3.0
-0.0366686909557 0.99120862459 0.000329430540864 0.991610987841 3.0
-0.0361609455902 0.991503187645 0.000329430540864 0.991560458589 3.0
-0.0356532002246 0.991522972233 0.000329430540864 0.991511391854 3.0
-0.0351454548591 0.99100714028 0.000329430540864 0.991463720945 3.0
-0.0346377094935 0.991455048802 0.000329430540864 0.991417385392 3.0
-0.034129964128 0.991760878128 0.000329430540864 0.991372330102 3.0
-0.0336222187624 0.991516806649 0.000329430540864 0.991328504673 3.0
-0.0331144733969 0.991740391089 0.000329430540864 0.991285862824 3.0
-0.0326067280313 0.991349370603 0.000329430540864 0.991244361912 3.0
-0.0320989826657 0.991204500086 0.000329430540864 0.991203962528 3.0
-0.0315912373002 0.99103900276 0.000329430540864 0.991164628155 3.0
-0.0310834919346 0.991761308269 0.000329430540864 0.991126324863 3.0
-0.0305757465691 0.990394906031 0.000329430540864 0.99108902106 3.0
-0.0300680012035 0.990537145706 0.000329430540864 0.991052687265 3.0
-0.029560255838 0.991060113346 0.000329430540864 0.991017295915 3.0
-0.0290525104724 0.990706461664 0.000329430540864 0.990982821193 3.0
-0.0285447651069 0.990933605331 0.000329430540864 0.990949238876 3.0
-0.0280370197413 0.991385815384 0.000329430540864 0.990916526206 3.0
-0.0275292743758 0.990961590936 0.000329430540864 0.990884661764 3.0
-0.0270215290102 0.991020719704 0.000329430540864 0.990853625373 3.0
-0.0265137836446 0.99078804358 0.000329430540864 0.990823397995 3.0
-0.0260060382791 0.990596836228 0.000329430540864 0.990793961651 3.0
-0.0254982929135 0.991195579752 0.000329430540864 0.990765299344 3.0
-0.024990547548 0.99056655786 0.000329430540864 0.990737394987 3.0
-0.0244828021824 0.990283525153 0.000329430540864 0.990710233343 3.0
-0.0239750568169 0.99060950535 0.000329430540864 0.990683799969 3.0
-0.0234673114513 0.990468695654 0.000329430540864 0.990658081162 3.0
-0.0229595660858 0.990089284582 0.000329430540864 0.990633063911 3.0
-0.0224518207202 0.990897449493 0.000329430540864 0.99060873586 3.0
-0.0219440753547 0.990133289359 0.000329430540864 0.990585085261 3.0
-0.0214363299891 0.990564929518 0.000329430540864 0.990562100946 3.0
-0.0209285846235 0.989925340529 0.000329430540864 0.990539772286 3.0
-0.020420839258 0.991219557967 0.000329430540864 0.990518089166 3.0
-0.0199130938924 0.99024823136 0.000329430540864 0.990497041955 3.0
-0.0194053485269 0.990138601142 0.000329430540864 0.990476621483 3.0
-0.0188976031613 0.990038607214 0.000329430540864 0.990456819013 3.0
-0.0183898577958 0.990190700487 0.000329430540864 0.99043762622 3.0
-0.0178821124302 0.991049907987 0.000329430540864 0.990419035173 3.0
-0.0173743670647 0.990755775933 0.000329430540864 0.990401038316 3.0
-0.0168666216991 0.990624668642 0.000329430540864 0.990383628448 3.0
-0.0163588763336 0.990402437734 0.000329430540864 0.990366798706 3.0
-0.015851130968 0.990406988764 0.000329430540864 0.990350542556 3.0
-0.0153433856024 0.990368775689 0.000329430540864 0.990334853773 3.0
-0.0148356402369 0.990098874864 0.000329430540864 0.990319726429 3.0
-0.0143278948713 0.990137958584 0.000329430540864 0.990305154884 3.0
-0.0138201495058 0.989903021421 0.000329430540864 0.990291133771 3.0
-0.0133124041402 0.990678205509 0.000329430540864 0.990277657988 3.0
-0.0128046587747 0.990436275741 0.000329430540864 0.990264722686 3.0
-0.0122969134091 0.990463895264 0.000329430540864 0.990252323263 3.0
-0.0117891680436 0.990146577323 0.000329430540864 0.990240455353 3.0
-0.011281422678 0.989788139513 0.000329430540864 0.990229114817 3.0
-0.0107736773125 0.990057790999 0.000329430540864 0.990218297739 3.0
-0.0102659319469 0.989399265533 0.000329430540864 0.990208000418 3.0
-0.00975818658134 0.990052095608 0.000329430540864 0.99019821936 3.0
-0.00925044121579 0.990400644961 0.000329430540864 0.990188951274 3.0
-0.00874269585023 0.989897820624 0.000329430540864 0.990180193064 3.0
-0.00823495048468 0.990076324661 0.000329430540864 0.990171941828 3.0
-0.00772720511912 0.989961657734 0.000329430540864 0.990164194848 3.0
-0.00721945975357 0.990496350924 0.000329430540864 0.990156949591 3.0
-0.00671171438802 0.990177802134 0.000329430540864 0.990150203701 3.0
-0.00620396902246 0.989780239035 0.000329430540864 0.990143954997 3.0
-0.00569622365691 0.990508529829 0.000329430540864 0.990138201469 3.0
-0.00518847829135 0.99012366519 0.000329430540864 0.990132941275 3.0
-0.0046807329258 0.989949786104 0.000329430540864 0.990128172738 3.0
-0.00417298756024 0.990410414648 0.000329430540864 0.990123894346 3.0
-0.00366524219469 0.990068337536 0.000329430540864 0.990120104744 3.0
-0.00315749682913 0.990283676743 0.000329430540864 0.990116802739 3.0
-0.00264975146358 0.990013718078 0.000329430540864 0.990113987291 3.0
-0.00214200609802 0.990262573118 0.000329430540864 0.990111657519 3.0
-0.00163426073247 0.989704036181 0.000329430540864 0.990109812693 3.0
-0.00112651536692 0.990325738962 0.000329430540864 0.990108452236 3.0
-0.000618770001361 0.990500806904 0.000329430540864 0.990107575723 3.0
-0.000111024635806 0.990145659652 0.000329430540864 0.990107182883 3.0
0.000396720729748 0.989898370369 0.000329430540864 0.990107273592 3.0
0.000904466095303 0.990468991329 0.000329430540864 0.990107847878 3.0
0.00141221146086 0.989810922353 0.000329430540864 0.99010890592 3.0
0.00191995682641 0.9902177414 0.000329430540864 0.990110448049 3.0
0.00242770219197 0.98990245361 0.000329430540864 0.990112474746 3.0
0.00293544755752 0.990236007515 0.000329430540864 0.990114986644 3.0
0.00344319292308 0.990323482973 0.000329430540864 0.990117984531 3.0
0.00395093828863 0.990168365936 0.000329430540864 0.990121469347 3.0
0.00445868365418 0.990304074706 0.000329430540864 0.990125442188 3.0
0.00496642901974 0.989582522961 0.000329430540864 0.99012990431 3.0
0.00547417438529 0.990426167484 0.000329430540864 0.990134857125 3.0
0.00598191975085 0.990547591151 0.000329430540864 0.990140302207 3.0
0.0064896651164 0.990310149666 0.000329430540864 0.990146241295 3.0
0.00699741048196 0.990678655698 0.000329430540864 0.990152676293 3.0
0.00750515584751 0.99030680434 0.000329430540864 0.990159609274 3.0
0.00801290121307 0.989755417527 0.000329430540864 0.990167042486 3.0
0.00852064657862 0.990187961178 0.000329430540864 0.99017497835 3.0
0.00902839194418 0.98933070468 0.000329430540864 0.990183419469 3.0
0.00953613730973 0.98990129796 0.000329430540864 0.990192368628 3.0
0.0100438826753 0.990074216292 0.000329430540864 0.990201828802 3.0
0.0105516280408 0.990360996567 0.000329430540864 0.990211803159 3.0
0.0110593734064 0.989992956322 0.000329430540864 0.990222295066 3.0
0.0115671187719 0.990552633606 0.000329430540864 0.990233308094 3.0
0.0120748641375 0.990541258275 0.000329430540864 0.990244846024 3.0
0.0125826095031 0.990894413714 0.000329430540864 0.990256912855 3.0
0.0130903548686 0.990435707553 0.000329430540864 0.990269512809 3.0
0.0135981002342 0.990661755313 0.000329430540864 0.990282650341 3.0
0.0141058455997 0.989710591807 0.000329430540864 0.990296330144 3.0
0.0146135909653 0.990834426761 0.000329430540864 0.990310557161 3.0
0.0151213363308 0.990359199802 0.000329430540864 0.990325336592 3.0
0.0156290816964 0.9900839392 0.000329430540864 0.990340673905 3.0
0.0161368270619 0.990451747049 0.000329430540864 0.990356574847 3.0
0.0166445724275 0.990450882869 0.000329430540864 0.990373045456 3.0
0.017152317793 0.990282797774 0.000329430540864 0.990390092071 3.0
0.0176600631586 0.990684590369 0.000329430540864 0.990407721349 3.0
0.0181678085242 0.990339514422 0.000329430540864 0.990425940276 3.0
0.0186755538897 0.989567343766 0.000329430540864 0.990444756185 3.0
0.0191832992553 0.990086163712 0.000329430540864 0.990464176772 3.0
0.0196910446208 0.990520071095 0.000329430540864 0.990484210112 3.0
0.0201987899864 0.990568366836 0.000329430540864 0.990504864682 3.0
0.0207065353519 0.990105012717 0.000329430540864 0.99052614938 3.0
0.0212142807175 0.989917070528 0.000329430540864 0.990548073545 3.0
0.021722026083 0.990475068102 0.000329430540864 0.990570646987 3.0
0.0222297714486 0.991033095428 0.000329430540864 0.99059388001 3.0
0.0227375168141 0.991062770908 0.000329430540864 0.990617783441 3.0
0.0232452621797 0.991689959235 0.000329430540864 0.990642368663 3.0
0.0237530075453 0.990976543915 0.000329430540864 0.990667647647 3.0
0.0242607529108 0.991179529108 0.000329430540864 0.990693632991 3.0
0.0247684982764 0.990690707931 0.000329430540864 0.990720337959 3.0
0.0252762436419 0.990718857939 0.000329430540864 0.990747776525 3.0
0.0257839890075 0.990636395619 0.000329430540864 0.990775963426 3.0
0.026291734373 0.990933834308 0.000329430540864 0.99080491421 3.0
0.0267994797386 0.990495108506 0.000329430540864 0.990834645297 3.0
0.0273072251041 0.99122915012 0.000329430540864 0.990865174045 3.0
0.0278149704697 0.991389875699 0.000329430540864 0.990896518821 3.0
0.0283227158352 0.991085502974 0.000329430540864 0.990928699078 3.0
0.0288304612008 0.990733286089 0.000329430540864 0.99096173545 3.0
0.0293382065664 0.990926470511 0.000329430540864 0.990995649844 3.0
0.0298459519319 0.991261186321 0.000329430540864 0.991030465553 3.0
0.0303536972975 0.991604885403 0.000329430540864 0.99106620738 3.0
0.030861442663 0.9908786645 0.000329430540864 0.991102901781 3.0
0.0313691880286 0.991242788268 0.000329430540864 0.991140577016 3.0
0.0318769333941 0.99144681481 0.000329430540864 0.991179263335 3.0
0.0323846787597 0.99101814812 0.000329430540864 0.991218993178 3.0
0.0328924241252 0.991190838199 0.000329430540864 0.991259801413 3.0
0.0334001694908 0.990918385483 0.000329430540864 0.991301725608 3.0
0.0339079148563 0.990645238232 0.000329430540864 0.991344806338 3.0
0.0344156602219 0.992166342062 0.000329430540864 0.991389087562 3.0
0.0349234055875 0.991887391864 0.000329430540864 0.991434617046 3.0
0.035431150953 0.991413875065 0.000329430540864 0.991481446879 3.0
0.0359388963186 0.991605152077 0.000329430540864 0.991529634084 3.0
0.0364466416841 0.99135771606 0.000329430540864 0.991579241357 3.0
0.0369543870497 0.991201647466 0.000329430540864 0.991630337975 3.0
0.0374621324152 0.991772583742 0.000329430540864 0.991683000916 3.0
0.0379698777808 0.99198285176 0.000329430540864 0.991737316272 3.0
0.0384776231463 0.991341080198 0.000329430540864 0.991793381064 3.0
0.0389853685119 0.992053334392 0.000329430540864 0.991851305602 3.0
0.0394931138774 0.992655840808 0.000329430540864 0.991911216673 3.0
0.040000859243 0.991743010678 0.000329430540864 0.991973261923 3.0
0.0405086046086 0.991687625606 0.000329430540864 0.992037616153 3.0
0.0410163499741 0.992015878553 0.000329430540864 0.992104490741 3.0
0.0415240953397 0.992580644422 0.000329430540864 0.992174148636 3.0
0.0420318407052 0.99238944478 0.000329430540864 0.992246930204 3.0
0.0425395860708 0.992354928246 0.000329430540864 0.992323303638 3.0
0.0430473314363 0.992185492568 0.000329430540864 0.992403987807 3.0
0.0435550768019 0.992109860435 0.000329430540864 0.99249275429 2.0
0.0440628221674 0.992185706017 0.000329430540864 0.992618292759 2.0
0.044570567533 0.992823047785 0.000329430540864 0.992767164564 2.0
0.0450783128985 0.992321414413 0.000329430540864 0.992932424136 2.0
0.0455860582641 0.993470204742 0.000329430540864 0.993110768304 2.0
0.0460938036297 0.99381332338 0.000329430540864 0.993300025764 2.0
0.0466015489952 0.993347921625 0.000329430540864 0.99349857032 2.0
0.0471092943608 0.993978729695 0.000329430540864 0.993705089353 2.0
0.0476170397263 0.994046611111 0.000329430540864 0.993918469896 2.0
0.0481247850919 0.994794747803 0.000329430540864 0.994137734756 2.0
0.0486325304574 0.994607027086 0.000329430540864 0.99436200337 2.0
0.049140275823 0.99415539565 0.000329430540864 0.994590466217 2.0
0.0496480211885 0.994747655684 0.000329430540864 0.994822367219 2.0
0.0501557665541 0.995178737572 0.000329430540864 0.995056991128 2.0
0.0506635119196 0.995117442527 0.000329430540864 0.995293654152 2.0
0.0511712572852 0.99585253349 0.000329430540864 0.995531696769 2.0
0.0516790026508 0.996161876572 0.000329430540864 0.995770478023 2.0
0.0521867480163 0.995924086229 0.000329430540864 0.996009370878 2.0
0.0526944933819 0.996235001893 0.000329430540864 0.996247758291 2.0
0.0532022387474 0.996035408491 0.000329430540864 0.99648502978 2.0
0.053709984113 0.996851374812 0.000329430540864 0.996720578324 2.0
0.0542177294785 0.997247946778 0.000329430540864 0.996953797436 2.0
0.0547254748441 0.997367107486 0.000329430540864 0.997184078302 2.0
0.0552332202096 0.996847202611 0.000329430540864 0.997410806863 2.0
0.0557409655752 0.997317659286 0.000329430540864 0.99763336072 2.0
0.0562487109407 0.997973208108 0.000329430540864 0.99785110573 2.0
0.0567564563063 0.997709677668 0.000329430540864 0.998063392133 2.0
0.0572642016719 0.998517857575 0.000329430540864 0.998269549986 2.0
0.0577719470374 0.998422513568 0.000329430540864 0.998468883624 2.0
0.058279692403 0.999204229586 0.000329430540864 0.998660664725 2.0
0.0587874377685 0.998527377153 0.000329430540864 0.998844123369 2.0
0.0592951831341 0.998927390339 0.000329430540864 0.999018436108 2.0
0.0598029284996 0.998913517727 0.000329430540864 0.999182709497 2.0
0.0603106738652 0.99869312967 0.000329430540864 0.99933595636 2.0
0.0608184192307 0.999251548204 0.000329430540864 0.999477059844 2.0
0.0613261645963 0.999816334386 0.000329430540864 0.999604715367 2.0
0.0618339099618 0.999276902883 0.000329430540864 0.999717328459 2.0
0.0623416553274 0.999668850366 0.000329430540864 0.999812811342 2.0
0.062849400693 0.999958656702 0.000329430540864 0.999888088282 2.0
0.0633571460585 1.00056047782 0.000329430540864 0.999937267404 2.0
0.0638648914241 1.00012640912 0.000329430540864 0.999945533545 0.0
0.0643726367896 0.999156773612 0.000329430540864 0.999945533545 0.0
0.0648803821552 0.999209913455 0.000329430540864 0.999945533545 0.0
0.0653881275207 0.999731837065 0.000329430540864 0.999945533545 0.0
0.0658958728863 1.00002325642 0.000329430540864 0.999945533545 0.0
0.0664036182518 0.999171727834 0.000329430540864 0.999945533545 0.0
0.0669113636174 0.999459915413 0.000329430540864 0.999945533545 0.0
0.0674191089829 0.999891496173 0.000329430540864 0.999945533545 0.0
0.0679268543485 0.999989014879 0.000329430540864 0.999945533545 0.0
0.0684345997141 0.999951673532 0.000329430540864 0.999945533545 0.0
0.0689423450796 0.998952476677 0.000329430540864 0.999945533545 0.0
0.0694500904452 1.0001107689 0.000329430540864 0.999945533545 0.0
0.0699578358107 0.999831385674 0.000329430540864 0.999945533545 0.0
0.0704655811763 1.0007462505 0.000329430540864 0.999945533545 0.0
0.0709733265418 1.00036053583 0.000329430540864 0.999945533545 0.0
0.0714810719074 0.999938503733 0.000329430540864 0.999945533545 0.0
0.0719888172729 1.00019019173 0.000329430540864 0.999945533545 0.0
0.0724965626385 1.00037773027 0.000329430540864 0.999945533545 0.0
0.073004308004 1.00024097871 0.000329430540864 0.999945533545 0.0
0.0735120533696 1.00037210992 0.000329430540864 0.999945533545 0.0
0.0740197987352 1.00031071058 0.000329430540864 0.999945533545 0.0
0.0745275441007 1.00049775537 0.000329430540864 0.999945533545 0.0
0.0750352894663 0.999693077689 0.000329430540864 0.999945533545 0.0
0.0755430348318 0.999677628407 0.000329430540864 0.999945533545 0.0
0.0760507801974 1.00006697693 0.000329430540864 0.999945533545 0.0
