-0.0414371675919 1.000022754 9.74905807351e-05 1.00000270224 0.0
-0.0411607762153 1.00004262002 9.74905807351e-05 1.00000270224 0.0
-0.0408843848386 0.999892306473 9.74905807351e-05 1.00000270224 0.0
-0.040607993462 0.999924138857 9.74905807351e-05 1.00000270224 0.0
-0.0403316020853 1.00005043949 9.74905807351e-05 1.00000270224 0.0
-0.0400552107087 1.00024404684 9.74905807351e-05 1.00000270224 0.0
-0.039778819332 0.99999568919 9.74905807351e-05 1.00000270224 0.0
-0.0395024279554 1.00001293705 9.74905807351e-05 1.00000270224 0.0
-0.0392260365787 1.00005366681 9.74905807351e-05 1.00000270224 0.0
-0.0389496452021 1.0000071252 9.74905807351e-05 1.00000270224 0.0
-0.0386732538254 1.00002640187 9.74905807351e-05 1.00000270224 0.0
-0.0383968624488 0.999869294736 9.74905807351e-05 1.00000270224 0.0
-0.0381204710721 1.00000325106 9.74905807351e-05 1.00000270224 0.0
-0.0378440796955 1.00017688488 9.74905807351e-05 1.00000270224 0.0
-0.0375676883188 1.00018217487 9.74905807351e-05 1.00000270224 0.0
-0.0372912969422 1.00005816949 9.74905807351e-05 1.00000270224 0.0
-0.0370149055656 0.999943975662 9.74905807351e-05 1.00000270224 0.0
-0.0367385141889 0.999914434833 9.74905807351e-05 1.00000270224 0.0
-0.0364621228123 0.999987062497 9.74905807351e-05 1.00000270224 0.0
-0.0361857314356 1.00009967196 9.74905807351e-05 1.00000270224 0.0
-0.035909340059 0.999855793213 9.74905807351e-05 1.00000270224 0.0
-0.0356329486823 0.999842885961 9.74905807351e-05 1.00000270224 0.0
-0.0353565573057 1.00007765489 9.74905807351e-05 1.00000270224 0.0
-0.035080165929 0.999813679578 9.74905807351e-05 1.00000270224 0.0
-0.0348037745524 1.00024953526 9.74905807351e-05 1.00000270224 0.0
-0.0345273831757 1.00012037014 9.74905807351e-05 0.999998868474 1.0
-0.0342509917991 1.00000047247 9.74905807351e-05 0.999949248429 1.0
-0.0339746004224 0.999914698986 9.74905807351e-05 0.99987212292 1.0
-0.0336982090458 0.999631282528 9.74905807351e-05 0.999777808803 1.0
-0.0334218176691 0.999661579899 9.74905807351e-05 0.999671807931 1.0
-0.0331454262925 0.999444299346 9.74905807351e-05 0.999558264287 1.0
-0.0328690349158 0.999538649256 9.74905807351e-05 0.99944083628 1.0
-0.0325926435392 0.999415358163 9.74905807351e-05 0.99932312193 1.0
-0.0323162521625 0.999285118777 9.74905807351e-05 0.999209006605 1.0
-0.0320398607859 0.999145220092 9.74905807351e-05 0.999103154314 1.0
-0.0317634694092 0.99888716698 9.74905807351e-05 0.999012165126 1.0
-0.0314870780326 0.998784236504 9.74905807351e-05 0.998950575552 1.0
-0.031210686656 0.998994485371 9.74905807351e-05 0.998931444742 3.0
-0.0309342952793 0.998845158881 9.74905807351e-05 0.998914189917 3.0
-0.0306579039027 0.999039084744 9.74905807351e-05 0.998898101461 3.0
-0.030381512526 0.999043855749 9.74905807351e-05 0.998882902689 3.0
-0.0301051211494 0.998826979204 9.74905807351e-05 0.998868429151 3.0
-0.0298287297727 0.998839718794 9.74905807351e-05 0.998854568101 3.0
-0.0295523383961 0.998882673977 9.74905807351e-05 0.998841236918 3.0
-0.0292759470194 0.998819689214 9.74905807351e-05 0.998828372596 3.0
-0.0289995556428 0.998986219727 9.74905807351e-05 0.998815925667 3.0
-0.0287231642661 0.998778850336 9.74905807351e-05 0.998803856377 3.0
-0.0284467728895 0.998683174212 9.74905807351e-05 0.998792132149 3.0
-0.0281703815128 0.998628103565 9.74905807351e-05 0.998780725837 3.0
-0.0278939901362 0.99868146812 9.74905807351e-05 0.998769614507 3.0
-0.0276175987595 0.998769781883 9.74905807351e-05 0.998758778544 3.0
-0.0273412073829 0.998745610587 9.74905807351e-05 0.998748200994 3.0
-0.0270648160062 0.998822827792 9.74905807351e-05 0.998737867076 3.0
-0.0267884246296 0.998601231486 9.74905807351e-05 0.998727763795 3.0
-0.0265120332529 0.998664886419 9.74905807351e-05 0.99871787965 3.0
-0.0262356418763 0.998668753443 9.74905807351e-05 0.998708204399 3.0
-0.0259592504996 0.998816488863 9.74905807351e-05 0.998698728869 3.0
-0.025682859123 0.998554971982 9.74905807351e-05 0.998689444805 3.0
-0.0254064677464 0.998679448004 9.74905807351e-05 0.998680344743 3.0
-0.0251300763697 0.998690475968 9.74905807351e-05 0.998671421907 3.0
-0.0248536849931 0.998791726601 9.74905807351e-05 0.998662670125 3.0
-0.0245772936164 0.99853314094 9.74905807351e-05 0.998654083752 3.0
-0.0243009022398 0.998528550647 9.74905807351e-05 0.998645657611 3.0
-0.0240245108631 0.998597926986 9.74905807351e-05 0.998637386939 3.0
-0.0237481194865 0.998490503955 9.74905807351e-05 0.998629267343 3.0
-0.0234717281098 0.998491159641 9.74905807351e-05 0.99862129476 3.0
-0.0231953367332 0.998567185419 9.74905807351e-05 0.998613465425 3.0
-0.0229189453565 0.998677128018 9.74905807351e-05 0.998605775837 3.0
-0.0226425539799 0.99849687918 9.74905807351e-05 0.998598222741 3.0
-0.0223661626032 0.998595451648 9.74905807351e-05 0.998590803098 3.0
-0.0220897712266 0.998689420426 9.74905807351e-05 0.99858351407 3.0
-0.0218133798499 0.998577414842 9.74905807351e-05 0.998576352997 3.0
-0.0215369884733 0.998666108637 9.74905807351e-05 0.998569317389 3.0
-0.0212605970966 0.998437233155 9.74905807351e-05 0.998562404906 3.0
-0.02098420572 0.998564785214 9.74905807351e-05 0.998555613347 3.0
-0.0207078143433 0.998540898964 9.74905807351e-05 0.99854894064 3.0
-0.0204314229667 0.998500091059 9.74905807351e-05 0.998542384832 3.0
-0.02015503159 0.998504943429 9.74905807351e-05 0.998535944076 3.0
-0.0198786402134 0.998553646979 9.74905807351e-05 0.998529616631 3.0
-0.0196022488368 0.998568857845 9.74905807351e-05 0.998523400847 3.0
-0.0193258574601 0.998634072106 9.74905807351e-05 0.99851729516 3.0
-0.0190494660835 0.998461028912 9.74905807351e-05 0.998511298089 3.0
-0.0187730747068 0.998511690363 9.74905807351e-05 0.998505408229 3.0
-0.0184966833302 0.998325477686 9.74905807351e-05 0.998499624243 3.0
-0.0182202919535 0.99856943192 9.74905807351e-05 0.998493944863 3.0
-0.0179439005769 0.998432631084 9.74905807351e-05 0.998488368879 3.0
-0.0176675092002 0.998351517342 9.74905807351e-05 0.998482895142 3.0
-0.0173911178236 0.998546406374 9.74905807351e-05 0.998477522556 3.0
-0.0171147264469 0.998579098685 9.74905807351e-05 0.998472250075 3.0
-0.0168383350703 0.998513980515 9.74905807351e-05 0.998467076703 3.0
-0.0165619436936 0.998489873114 9.74905807351e-05 0.998462001488 3.0
-0.016285552317 0.998366603863 9.74905807351e-05 0.99845702352 3.0
-0.0160091609403 0.998499812601 9.74905807351e-05 0.99845214193 3.0
-0.0157327695637 0.998484812059 9.74905807351e-05 0.998447355888 3.0
-0.015456378187 0.998383567807 9.74905807351e-05 0.998442664598 3.0
-0.0151799868104 0.998555377524 9.74905807351e-05 0.9984380673 3.0
-0.0149035954337 0.998377041747 9.74905807351e-05 0.998433563264 3.0
-0.0146272040571 0.998417513485 9.74905807351e-05 0.998429151794 3.0
-0.0143508126804 0.998446179732 9.74905807351e-05 0.998424832221 3.0
-0.0140744213038 0.998371004406 9.74905807351e-05 0.998420603903 3.0
-0.0137980299272 0.998458251557 9.74905807351e-05 0.998416466226 3.0
-0.0135216385505 0.998481973253 9.74905807351e-05 0.998412418602 3.0
-0.0132452471739 0.998548806878 9.74905807351e-05 0.998408460464 3.0
-0.0129688557972 0.998492896941 9.74905807351e-05 0.99840459127 3.0
-0.0126924644206 0.998256901075 9.74905807351e-05 0.998400810501 3.0
-0.0124160730439 0.998416593844 9.74905807351e-05 0.998397117656 3.0
-0.0121396816673 0.998346228189 9.74905807351e-05 0.998393512257 3.0
-0.0118632902906 0.99854720215 9.74905807351e-05 0.998389993843 3.0
-0.011586898914 0.998359314537 9.74905807351e-05 0.998386561972 3.0
-0.0113105075373 0.998434749514 9.74905807351e-05 0.998383216222 3.0
-0.0110341161607 0.998293412598 9.74905807351e-05 0.998379956184 3.0
-0.010757724784 0.998362535364 9.74905807351e-05 0.998376781468 3.0
-0.0104813334074 0.998388906503 9.74905807351e-05 0.9983736917 3.0
-0.0102049420307 0.998378721107 9.74905807351e-05 0.998370686519 3.0
-0.00992855065409 0.998462481939 9.74905807351e-05 0.998367765582 3.0
-0.00965215927744 0.998232899376 9.74905807351e-05 0.998364928556 3.0
-0.00937576790079 0.998248950602 9.74905807351e-05 0.998362175124 3.0
-0.00909937652414 0.998442809505 9.74905807351e-05 0.998359504982 3.0
-0.00882298514749 0.998513062908 9.74905807351e-05 0.99835691784 3.0
-0.00854659377085 0.998223458214 9.74905807351e-05 0.998354413416 3.0
-0.0082702023942 0.998294889396 9.74905807351e-05 0.998351991446 3.0
-0.00799381101755 0.998269016229 9.74905807351e-05 0.998349651672 3.0
-0.0077174196409 0.998297803605 9.74905807351e-05 0.99834739385 3.0
-0.00744102826426 0.998327120577 9.74905807351e-05 0.998345217747 3.0
-0.00716463688761 0.99845610211 9.74905807351e-05 0.99834312314 3.0
-0.00688824551096 0.998443457119 9.74905807351e-05 0.998341109816 3.0
-0.00661185413431 0.998333200796 9.74905807351e-05 0.998339177574 3.0
-0.00633546275767 0.99836299588 9.74905807351e-05 0.998337326219 3.0
-0.00605907138102 0.998280199872 9.74905807351e-05 0.998335555569 3.0
-0.00578268000437 0.998392835414 9.74905807351e-05 0.99833386545 3.0
-0.00550628862772 0.998290913063 9.74905807351e-05 0.998332255698 3.0
-0.00522989725108 0.99842925891 9.74905807351e-05 0.998330726156 3.0
-0.00495350587443 0.998371042098 9.74905807351e-05 0.998329276678 3.0
-0.00467711449778 0.998302592261 9.74905807351e-05 0.998327907125 3.0
-0.00440072312113 0.998272716129 9.74905807351e-05 0.998326617367 3.0
-0.00412433174449 0.99826124996 9.74905807351e-05 0.998325407282 3.0
-0.00384794036784 0.998301620682 9.74905807351e-05 0.998324276757 3.0
-0.00357154899119 0.998412626802 9.74905807351e-05 0.998323225686 3.0
-0.00329515761454 0.998223063323 9.74905807351e-05 0.998322253971 3.0
-0.0030187662379 0.998269809818 9.74905807351e-05 0.998321361523 3.0
-0.00274237486125 0.998401214445 9.74905807351e-05 0.998320548258 3.0
-0.0024659834846 0.998328775308 9.74905807351e-05 0.998319814102 3.0
-0.00218959210795 0.998190828304 9.74905807351e-05 0.998319158989 3.0
-0.0019132007313 0.9981665955 9.74905807351e-05 0.998318582857 3.0
-0.00163680935466 0.99842643956 9.74905807351e-05 0.998318085654 3.0
-0.00136041797801 0.998330939907 9.74905807351e-05 0.998317667336 3.0
-0.00108402660136 0.99842718704 9.74905807351e-05 0.998317327864 3.0
-0.000807635224714 0.998408102455 9.74905807351e-05 0.998317067207 3.0
-0.000531243848067 0.998282061155 9.74905807351e-05 0.998316885343 3.0
-0.000254852471419 0.998210179185 9.74905807351e-05 0.998316782253 3.0
2.15389052286e-05 0.99831877289 9.74905807351e-05 0.99831675793 3.0
0.000297930281876 0.998255189202 9.74905807351e-05 0.998316812371 3.0
0.000574321658524 0.998243211791 9.74905807351e-05 0.99831694558 3.0
0.000850713035171 0.998328799305 9.74905807351e-05 0.998317157571 3.0
0.00112710441182 0.998275290735 9.74905807351e-05 0.998317448361 3.0
0.00140349578847 0.998383850721 9.74905807351e-05 0.998317817978 3.0
0.00167988716511 0.998059718254 9.74905807351e-05 0.998318266455 3.0
0.00195627854176 0.99829059319 9.74905807351e-05 0.998318793832 3.0
0.00223266991841 0.998359705174 9.74905807351e-05 0.998319400158 3.0
0.00250906129506 0.998593459827 9.74905807351e-05 0.998320085488 3.0
0.0027854526717 0.998267467879 9.74905807351e-05 0.998320849885 3.0
0.00306184404835 0.998344972877 9.74905807351e-05 0.998321693418 3.0
0.003338235425 0.998318195148 9.74905807351e-05 0.998322616166 3.0
0.00361462680165 0.998431035485 9.74905807351e-05 0.998323618213 3.0
0.0038910181783 0.998248717129 9.74905807351e-05 0.998324699654 3.0
0.00416740955494 0.998400964655 9.74905807351e-05 0.998325860587 3.0
0.00444380093159 0.998351583616 9.74905807351e-05 0.998327101123 3.0
0.00472019230824 0.998389583358 9.74905807351e-05 0.998328421378 3.0
0.00499658368489 0.998438890711 9.74905807351e-05 0.998329821477 3.0
0.00527297506153 0.998401833004 9.74905807351e-05 0.998331301552 3.0
0.00554936643818 0.998166115495 9.74905807351e-05 0.998332861747 3.0
0.00582575781483 0.998204858059 9.74905807351e-05 0.99833450221 3.0
0.00610214919148 0.99838336975 9.74905807351e-05 0.998336223102 3.0
0.00637854056812 0.998485445904 9.74905807351e-05 0.99833802459 3.0
0.00665493194477 0.998419007042 9.74905807351e-05 0.998339906853 3.0
0.00693132332142 0.998455352402 9.74905807351e-05 0.998341870075 3.0
0.00720771469807 0.99821939017 9.74905807351e-05 0.998343914455 3.0
0.00748410607471 0.998257020052 9.74905807351e-05 0.998346040199 3.0
0.00776049745136 0.998364462824 9.74905807351e-05 0.998348247522 3.0
0.00803688882801 0.998419206388 9.74905807351e-05 0.998350536652 3.0
0.00831328020466 0.998383034001 9.74905807351e-05 0.998352907826 3.0
0.0085896715813 0.998434230188 9.74905807351e-05 0.998355361294 3.0
0.00886606295795 0.998439330861 9.74905807351e-05 0.998357897315 3.0
0.0091424543346 0.998414846266 9.74905807351e-05 0.998360516161 3.0
0.00941884571125 0.998317055101 9.74905807351e-05 0.998363218115 3.0
0.00969523708789 0.99839468185 9.74905807351e-05 0.998366003474 3.0
0.00997162846454 0.998488859833 9.74905807351e-05 0.998368872548 3.0
0.0102480198412 0.998270561828 9.74905807351e-05 0.998371825658 3.0
0.0105244112178 0.998330008711 9.74905807351e-05 0.998374863142 3.0
0.0108008025945 0.998359103794 9.74905807351e-05 0.998377985348 3.0
0.0110771939711 0.998294212061 9.74905807351e-05 0.998381192644 3.0
0.0113535853478 0.9983566176 9.74905807351e-05 0.998384485409 3.0
0.0116299767244 0.998227472861 9.74905807351e-05 0.998387864041 3.0
0.0119063681011 0.998504029052 9.74905807351e-05 0.998391328952 3.0
0.0121827594777 0.998210651511 9.74905807351e-05 0.998394880574 3.0
0.0124591508544 0.998337467788 9.74905807351e-05 0.998398519355 3.0
0.012735542231 0.998316930657 9.74905807351e-05 0.998402245762 3.0
0.0130119336077 0.998419294238 9.74905807351e-05 0.998406060283 3.0
0.0132883249843 0.998431320321 9.74905807351e-05 0.998409963424 3.0
0.013564716361 0.998303495024 9.74905807351e-05 0.998413955714 3.0
0.0138411077376 0.998545647589 9.74905807351e-05 0.998418037704 3.0
0.0141174991143 0.998385887955 9.74905807351e-05 0.998422209969 3.0
0.0143938904909 0.998528103871 9.74905807351e-05 0.998426473106 3.0
0.0146702818676 0.99847248313 9.74905807351e-05 0.998430827742 3.0
0.0149466732442 0.998430552737 9.74905807351e-05 0.998435274526 3.0
0.0152230646208 0.998391642859 9.74905807351e-05 0.998439814138 3.0
0.0154994559975 0.998652299466 9.74905807351e-05 0.998444447289 3.0
0.0157758473741 0.99826327794 9.74905807351e-05 0.998449174718 3.0
0.0160522387508 0.998498752931 9.74905807351e-05 0.998453997199 3.0
0.0163286301274 0.998311931965 9.74905807351e-05 0.998458915541 3.0
0.0166050215041 0.998373284021 9.74905807351e-05 0.99846393059 3.0
0.0168814128807 0.998518069862 9.74905807351e-05 0.998469043228 3.0
0.0171578042574 0.998481131482 9.74905807351e-05 0.998474254382 3.0
0.017434195634 0.998569409126 9.74905807351e-05 0.99847956502 3.0
0.0177105870107 0.998471311236 9.74905807351e-05 0.998484976158 3.0
0.0179869783873 0.998538292781 9.74905807351e-05 0.998490488859 3.0
0.018263369764 0.998512594749 9.74905807351e-05 0.99849610424 3.0
0.0185397611406 0.998429000044 9.74905807351e-05 0.998501823473 3.0
0.0188161525173 0.998525000356 9.74905807351e-05 0.998507647789 3.0
0.0190925438939 0.998596176301 9.74905807351e-05 0.998513578483 3.0
0.0193689352706 0.998507465042 9.74905807351e-05 0.998519616915 3.0
0.0196453266472 0.998307193616 9.74905807351e-05 0.998525764522 3.0
0.0199217180239 0.998612003559 9.74905807351e-05 0.998532022813 3.0
0.0201981094005 0.998757154946 9.74905807351e-05 0.998538393385 3.0
0.0204745007772 0.998597979445 9.74905807351e-05 0.998544877923 3.0
0.0207508921538 0.998416198276 9.74905807351e-05 0.998551478207 3.0
0.0210272835304 0.998535729034 9.74905807351e-05 0.998558196123 3.0
0.0213036749071 0.998461601947 9.74905807351e-05 0.998565033669 3.0
0.0215800662837 0.998520898715 9.74905807351e-05 0.998571992965 3.0
0.0218564576604 0.998572966333 9.74905807351e-05 0.998579076263 3.0
0.022132849037 0.998664281764 9.74905807351e-05 0.998586285959 3.0
0.0224092404137 0.998560106304 9.74905807351e-05 0.998593624608 3.0
0.0226856317903 0.998666113516 9.74905807351e-05 0.998601094935 3.0
0.022962023167 0.998417928892 9.74905807351e-05 0.998608699851 3.0
0.0232384145436 0.998553050134 9.74905807351e-05 0.998616442478 3.0
0.0235148059203 0.998690300444 9.74905807351e-05 0.99862432616 3.0
0.0237911972969 0.998551970242 9.74905807351e-05 0.998632354497 3.0
0.0240675886736 0.998712684004 9.74905807351e-05 0.998640531364 3.0
0.0243439800502 0.998600510573 9.74905807351e-05 0.998648860945 3.0
0.0246203714269 0.998794864012 9.74905807351e-05 0.998657347771 3.0
0.0248967628035 0.998716040679 9.74905807351e-05 0.998665996757 3.0
0.0251731541802 0.998747830563 9.74905807351e-05 0.998674813251 3.0
0.0254495455568 0.998818580112 9.74905807351e-05 0.998683803094 3.0
0.0257259369335 0.998571996005 9.74905807351e-05 0.998692972679 3.0
0.0260023283101 0.998757577224 9.74905807351e-05 0.998702329033 3.0
0.0262787196868 0.998733231283 9.74905807351e-05 0.998711879909 3.0
0.0265551110634 0.998725425883 9.74905807351e-05 0.998721633898 3.0
0.02683150244 0.998874097426 9.74905807351e-05 0.998731600561 3.0
0.0271078938167 0.998810077573 9.74905807351e-05 0.998741790599 3.0
0.0273842851933 0.99889488419 9.74905807351e-05 0.998752216051 3.0
0.02766067657 0.998740728523 9.74905807351e-05 0.998762890558 3.0
0.0279370679466 0.998957154352 9.74905807351e-05 0.99877382968 3.0
0.0282134593233 0.998789448033 9.74905807351e-05 0.998785051323 3.0
0.0284898506999 0.998873529565 9.74905807351e-05 0.998796576283 3.0
0.0287662420766 0.998754496428 9.74905807351e-05 0.998808428985 3.0
0.0290426334532 0.998802460952 9.74905807351e-05 0.998820638482 3.0
0.0293190248299 0.998802173364 9.74905807351e-05 0.998833239855 3.0
0.0295954162065 0.998690373009 9.74905807351e-05 0.998846276217 3.0
0.0298718075832 0.998931230209 9.74905807351e-05 0.998859801666 3.0
0.0301481989598 0.998974987566 9.74905807351e-05 0.99887388582 3.0
0.0304245903365 0.998978810252 9.74905807351e-05 0.998888621209 3.0
0.0307009817131 0.998981168792 9.74905807351e-05 0.998904136742 3.0
0.0309773730898 0.998863148557 9.74905807351e-05 0.998920628312 3.0
0.0312537644664 0.998901775057 9.74905807351e-05 0.998938458916 3.0
0.0315301558431 0.998707033323 9.74905807351e-05 0.99896854408 2.0
0.0318065472197 0.998958359474 9.74905807351e-05 0.999044620887 2.0
0.0320829385964 0.999221048573 9.74905807351e-05 0.99914229959 2.0
0.032359329973 0.999365245528 9.74905807351e-05 0.999251944648 2.0
0.0326357213496 0.999464622709 9.74905807351e-05 0.999367930039 2.0
0.0329121127263 0.999422233682 9.74905807351e-05 0.999485969915 2.0
0.0331885041029 0.999580067376 9.74905807351e-05 0.999602333268 2.0
0.0334648954796 0.999820157975 9.74905807351e-05 0.999713439672 2.0
0.0337412868562 0.999616068739 9.74905807351e-05 0.999815507118 2.0
0.0340176782329 0.999845136931 9.74905807351e-05 0.99990402472 2.0
0.0342940696095 1.00008035347 9.74905807351e-05 0.999972425513 2.0
0.0345704609862 1.00023148899 9.74905807351e-05 1.00000270224 0.0
0.0348468523628 1.00019877123 9.74905807351e-05 1.00000270224 0.0
0.0351232437395 0.999777665743 9.74905807351e-05 1.00000270224 0.0
0.0353996351161 1.00004136412 9.74905807351e-05 1.00000270224 0.0
0.0356760264928 0.999930540837 9.74905807351e-05 1.00000270224 0.0
0.0359524178694 1.00003387369 9.74905807351e-05 1.00000270224 0.0
0.0362288092461 0.999858705512 9.74905807351e-05 1.00000270224 0.0
0.0365052006227 1.00001287131 9.74905807351e-05 1.00000270224 0.0
0.0367815919994 1.00015940599 9.74905807351e-05 1.00000270224 0.0
0.037057983376 1.00006803426 9.74905807351e-05 1.00000270224 0.0
0.0373343747527 1.00014587653 9.74905807351e-05 1.00000270224 0.0
0.0376107661293 1.00005571327 9.74905807351e-05 1.00000270224 0.0
0.037887157506 0.999947742319 9.74905807351e-05 1.00000270224 0.0
0.0381635488826 0.999975903882 9.74905807351e-05 1.00000270224 0.0
0.0384399402592 0.999831677286 9.74905807351e-05 1.00000270224 0.0
0.0387163316359 0.999892636881 9.74905807351e-05 1.00000270224 0.0
0.0389927230125 0.99997441136 9.74905807351e-05 1.00000270224 0.0
0.0392691143892 0.999993548878 9.74905807351e-05 1.00000270224 0.0
0.0395455057658 0.999815660866 9.74905807351e-05 1.00000270224 0.0
0.0398218971425 0.999842995454 9.74905807351e-05 1.00000270224 0.0
0.0400982885191 0.999978036719 9.74905807351e-05 1.00000270224 0.0
0.0403746798958 0.999995205956 9.74905807351e-05 1.00000270224 0.0
0.0406510712724 1.00009194647 9.74905807351e-05 1.00000270224 0.0
0.0409274626491 0.999913194764 9.74905807351e-05 1.00000270224 0.0
0.0412038540257 0.999917663432 9.74905807351e-05 1.00000270224 0.0
