-0.224207752602 0.999942909056 0.000127202899501 1.00001339678 0.0
-0.22270716856 0.99980960983 0.000127202899501 1.00001339678 0.0
-0.221206584519 1.00001572665 0.000127202899501 1.00001339678 0.0
-0.219706000478 1.00010208227 0.000127202899501 1.00001339678 0.0
-0.218205416437 1.0000266228 0.000127202899501 1.00001339678 0.0
-0.216704832396 0.999875864735 0.000127202899501 1.00001339678 0.0
-0.215204248355 1.00004208901 0.000127202899501 1.00001339678 0.0
-0.213703664314 0.999909817024 0.000127202899501 1.00001339678 0.0
-0.212203080273 1.00003609496 0.000127202899501 1.00001339678 0.0
-0.210702496232 0.999909048367 0.000127202899501 1.00001339678 0.0
-0.209201912191 1.00015415873 0.000127202899501 1.00001339678 0.0
-0.20770132815 1.00015461135 0.000127202899501 1.00001339678 0.0
-0.206200744109 0.999941234662 0.000127202899501 1.00001339678 0.0
-0.204700160068 0.999948876834 0.000127202899501 1.00001339678 0.0
-0.203199576027 1.00011940669 0.000127202899501 1.00001339678 0.0
-0.201698991986 1.00012057552 0.000127202899501 1.00001339678 0.0
-0.200198407945 1.00020933389 0.000127202899501 1.00001339678 0.0
-0.198697823903 0.99990699703 0.000127202899501 1.00001339678 0.0
-0.197197239862 1.00013171049 0.000127202899501 1.00001339678 0.0
-0.195696655821 1.00006232062 0.000127202899501 1.00001339678 0.0
-0.19419607178 0.999925161686 0.000127202899501 1.00001339678 0.0
-0.192695487739 0.999968064393 0.000127202899501 1.00001339678 0.0
-0.191194903698 0.999904969023 0.000127202899501 1.00001339678 0.0
-0.189694319657 0.999860159954 0.000127202899501 1.00001339678 0.0
-0.188193735616 1.00001432408 0.000127202899501 1.00001339678 0.0
-0.186693151575 1.00010885442 0.000127202899501 0.999980590204 1.0
-0.185192567534 0.999858238921 0.000127202899501 0.999891875557 1.0
-0.183691983493 0.999569213742 0.000127202899501 0.999770957518 1.0
-0.182191399452 0.999585669055 0.000127202899501 0.999625650934 1.0
-0.180690815411 0.999246712194 0.000127202899501 0.999460788022 1.0
-0.17919023137 0.99934651198 0.000127202899501 0.999279996485 1.0
-0.177689647329 0.999207125617 0.000127202899501 0.999086291465 1.0
-0.176189063288 0.998872741466 0.000127202899501 0.998882348675 1.0
-0.174688479246 0.998700127776 0.000127202899501 0.998670658072 1.0
-0.173187895205 0.998387887376 0.000127202899501 0.998453625611 1.0
-0.171687311164 0.998484455474 0.000127202899501 0.998233652442 1.0
-0.170186727123 0.997895869797 0.000127202899501 0.99801320817 1.0
-0.168686143082 0.997887911344 0.000127202899501 0.997794911757 1.0
-0.167185559041 0.997412454785 0.000127202899501 0.997581637023 1.0
-0.165684975 0.997361379343 0.000127202899501 0.997376672664 1.0
-0.164184390959 0.997466875365 0.000127202899501 0.997184003306 1.0
-0.162683806918 0.996955679981 0.000127202899501 0.997008896547 1.0
-0.161183222877 0.996757919781 0.000127202899501 0.996859512309 1.0
-0.159682638836 0.996797504971 0.000127202899501 0.996757560616 3.0
-0.158182054795 0.996723349873 0.000127202899501 0.996707237655 3.0
-0.156681470754 0.99673318868 0.000127202899501 0.996662001428 3.0
-0.155180886713 0.996555870231 0.000127202899501 0.996620341291 3.0
-0.153680302672 0.996666638798 0.000127202899501 0.996581504961 3.0
-0.152179718631 0.996539587867 0.000127202899501 0.996545017447 3.0
-0.15067913459 0.996496380197 0.000127202899501 0.99651054375 3.0
-0.149178550548 0.996482421349 0.000127202899501 0.996477831784 3.0
-0.147677966507 0.996345074988 0.000127202899501 0.996446683758 3.0
-0.146177382466 0.996360270068 0.000127202899501 0.996416939898 3.0
-0.144676798425 0.996259887553 0.000127202899501 0.996388468313 3.0
-0.143176214384 0.996526036051 0.000127202899501 0.996361158275 3.0
-0.141675630343 0.996637588881 0.000127202899501 0.996334915526 3.0
-0.140175046302 0.99623286163 0.000127202899501 0.9963096589 3.0
-0.138674462261 0.996232809227 0.000127202899501 0.996285317814 3.0
-0.13717387822 0.996359651287 0.000127202899501 0.996261830355 3.0
-0.135673294179 0.996143286548 0.000127202899501 0.996239141813 3.0
-0.134172710138 0.996225867998 0.000127202899501 0.996217203515 3.0
-0.132672126097 0.996040888605 0.000127202899501 0.996195971905 3.0
-0.131171542056 0.996023660627 0.000127202899501 0.996175407799 3.0
-0.129670958015 0.996151837059 0.000127202899501 0.996155475773 3.0
-0.128170373974 0.996273323677 0.000127202899501 0.996136143666 3.0
-0.126669789933 0.995992525361 0.000127202899501 0.996117382164 3.0
-0.125169205891 0.996035999628 0.000127202899501 0.996099164447 3.0
-0.12366862185 0.996145620752 0.000127202899501 0.996081465902 3.0
-0.122168037809 0.996153362109 0.000127202899501 0.996064263868 3.0
-0.120667453768 0.995947513239 0.000127202899501 0.996047537422 3.0
-0.119166869727 0.996122819725 0.000127202899501 0.996031267198 3.0
-0.117666285686 0.995955994035 0.000127202899501 0.996015435227 3.0
-0.116165701645 0.996094466733 0.000127202899501 0.996000024799 3.0
-0.114665117604 0.996190701458 0.000127202899501 0.995985020338 3.0
-0.113164533563 0.995874533822 0.000127202899501 0.995970407305 3.0
-0.111663949522 0.995912446519 0.000127202899501 0.995956172095 3.0
-0.110163365481 0.995987289141 0.000127202899501 0.995942301963 3.0
-0.10866278144 0.99582386636 0.000127202899501 0.995928784945 3.0
-0.107162197399 0.995649497652 0.000127202899501 0.995915609796 3.0
-0.105661613358 0.995949987181 0.000127202899501 0.995902765929 3.0
-0.104161029317 0.995768362325 0.000127202899501 0.995890243366 3.0
-0.102660445276 0.995786520856 0.000127202899501 0.995878032692 3.0
-0.101159861234 0.99563223026 0.000127202899501 0.995866125008 3.0
-0.0996592771934 0.99587351628 0.000127202899501 0.995854511897 3.0
-0.0981586931523 0.996012741651 0.000127202899501 0.995843185388 3.0
-0.0966581091113 0.995832606347 0.000127202899501 0.995832137926 3.0
-0.0951575250702 0.995683507527 0.000127202899501 0.995821362342 3.0
-0.0936569410292 0.995611922865 0.000127202899501 0.995810851828 3.0
-0.0921563569881 0.995807006589 0.000127202899501 0.995800599914 3.0
-0.090655772947 0.99595400088 0.000127202899501 0.995790600445 3.0
-0.089155188906 0.995626757564 0.000127202899501 0.995780847562 3.0
-0.0876546048649 0.995728685042 0.000127202899501 0.995771335684 3.0
-0.0861540208239 0.996058474288 0.000127202899501 0.995762059491 3.0
-0.0846534367828 0.995798413968 0.000127202899501 0.995753013909 3.0
-0.0831528527417 0.995801142293 0.000127202899501 0.995744194094 3.0
-0.0816522687007 0.995961525222 0.000127202899501 0.995735595423 3.0
-0.0801516846596 0.995651173613 0.000127202899501 0.995727213478 3.0
-0.0786511006185 0.995733797291 0.000127202899501 0.995719044036 3.0
-0.0771505165775 0.995769848071 0.000127202899501 0.995711083058 3.0
-0.0756499325364 0.995616915673 0.000127202899501 0.995703326683 3.0
-0.0741493484954 0.995542166955 0.000127202899501 0.995695771213 3.0
-0.0726487644543 0.995540028404 0.000127202899501 0.99568841311 3.0
-0.0711481804132 0.995727958275 0.000127202899501 0.995681248985 3.0
-0.0696475963722 0.995884680741 0.000127202899501 0.995674275593 3.0
-0.0681470123311 0.995740997934 0.000127202899501 0.995667489824 3.0
-0.0666464282901 0.99557972047 0.000127202899501 0.995660888698 3.0
-0.065145844249 0.995569320209 0.000127202899501 0.99565446936 3.0
-0.0636452602079 0.995756547463 0.000127202899501 0.995648229074 3.0
-0.0621446761669 0.995614593635 0.000127202899501 0.995642165215 3.0
-0.0606440921258 0.995615627852 0.000127202899501 0.995636275268 3.0
-0.0591435080847 0.995384826706 0.000127202899501 0.995630556823 3.0
-0.0576429240437 0.995615384745 0.000127202899501 0.995625007568 3.0
-0.0561423400026 0.995513523243 0.000127202899501 0.995619625288 3.0
-0.0546417559616 0.995606108909 0.000127202899501 0.995614407859 3.0
-0.0531411719205 0.995658586206 0.000127202899501 0.995609353248 3.0
-0.0516405878794 0.995468979209 0.000127202899501 0.995604459505 3.0
-0.0501400038384 0.995595663594 0.000127202899501 0.995599724763 3.0
-0.0486394197973 0.995733477221 0.000127202899501 0.995595147235 3.0
-0.0471388357562 0.995617112532 0.000127202899501 0.995590725208 3.0
-0.0456382517152 0.995493611019 0.000127202899501 0.995586457047 3.0
-0.0441376676741 0.995485434481 0.000127202899501 0.995582341186 3.0
-0.0426370836331 0.995386685044 0.000127202899501 0.995578376129 3.0
-0.041136499592 0.995499118884 0.000127202899501 0.995574560446 3.0
-0.0396359155509 0.995691559489 0.000127202899501 0.995570892775 3.0
-0.0381353315099 0.995646983476 0.000127202899501 0.995567371815 3.0
-0.0366347474688 0.995691537552 0.000127202899501 0.995563996327 3.0
-0.0351341634278 0.995651055882 0.000127202899501 0.995560765131 3.0
-0.0336335793867 0.995631850737 0.000127202899501 0.995557677108 3.0
-0.0321329953456 0.995593058086 0.000127202899501 0.995554731192 3.0
-0.0306324113046 0.995879537413 0.000127202899501 0.995551926376 3.0
-0.0291318272635 0.995678264217 0.000127202899501 0.995549261705 3.0
-0.0276312432224 0.995542940155 0.000127202899501 0.995546736277 3.0
-0.0261306591814 0.995519093036 0.000127202899501 0.995544349242 3.0
-0.0246300751403 0.995508686755 0.000127202899501 0.995542099802 3.0
-0.0231294910993 0.995495114941 0.000127202899501 0.995539987206 3.0
-0.0216289070582 0.995723049628 0.000127202899501 0.995538010755 3.0
-0.0201283230171 0.995546771084 0.000127202899501 0.995536169795 3.0
-0.0186277389761 0.995664531631 0.000127202899501 0.995534463721 3.0
-0.017127154935 0.995699350805 0.000127202899501 0.995532891973 3.0
-0.015626570894 0.995449473461 0.000127202899501 0.99553145404 3.0
-0.0141259868529 0.995637591454 0.000127202899501 0.995530149451 3.0
-0.0126254028118 0.995500952314 0.000127202899501 0.995528977784 3.0
-0.0111248187708 0.99557631956 0.000127202899501 0.99552793866 3.0
-0.00962423472971 0.995497982476 0.000127202899501 0.995527031743 3.0
-0.00812365068865 0.995457374419 0.000127202899501 0.99552625674 3.0
-0.00662306664758 0.99541499206 0.000127202899501 0.995525613401 3.0
-0.00512248260652 0.995578452024 0.000127202899501 0.995525101521 3.0
-0.00362189856546 0.995529376763 0.000127202899501 0.995524720935 3.0
-0.0021213145244 0.995341448662 0.000127202899501 0.99552447152 3.0
-0.000620730483338 0.995369668158 0.000127202899501 0.995524353198 3.0
0.000879853557724 0.995690633212 0.000127202899501 0.995524365929 3.0
0.00238043759879 0.995651035634 0.000127202899501 0.995524509719 3.0
0.00388102163985 0.995425488175 0.000127202899501 0.995524784612 3.0
0.00538160568091 0.995547149561 0.000127202899501 0.995525190698 3.0
0.00688218972197 0.995627659827 0.000127202899501 0.995525728106 3.0
0.00838277376303 0.995691149437 0.000127202899501 0.995526397009 3.0
0.00988335780409 0.995628055055 0.000127202899501 0.995527197622 3.0
0.0113839418452 0.995485407043 0.000127202899501 0.995528130203 3.0
0.0128845258862 0.995577321234 0.000127202899501 0.995529195052 3.0
0.0143851099273 0.995420751945 0.000127202899501 0.995530392515 3.0
0.0158856939683 0.995549861763 0.000127202899501 0.995531722977 3.0
0.0173862780094 0.995435787431 0.000127202899501 0.995533186873 3.0
0.0188868620505 0.995430931989 0.000127202899501 0.995534784678 3.0
0.0203874460915 0.995471528197 0.000127202899501 0.995536516915 3.0
0.0218880301326 0.995530197997 0.000127202899501 0.995538384152 3.0
0.0233886141736 0.99545926211 0.000127202899501 0.995540387004 3.0
0.0248891982147 0.995551336761 0.000127202899501 0.995542526132 3.0
0.0263897822558 0.995482069228 0.000127202899501 0.995544802246 3.0
0.0278903662968 0.995452930351 0.000127202899501 0.995547216107 3.0
0.0293909503379 0.995724306301 0.000127202899501 0.995549768521 3.0
0.030891534379 0.995589585144 0.000127202899501 0.99555246035 3.0
0.03239211842 0.995389242704 0.000127202899501 0.995555292505 3.0
0.0338927024611 0.995532363493 0.000127202899501 0.995558265952 3.0
0.0353932865021 0.995190594102 0.000127202899501 0.995561381708 3.0
0.0368938705432 0.995704833665 0.000127202899501 0.99556464085 3.0
0.0383944545843 0.995404395787 0.000127202899501 0.99556804451 3.0
0.0398950386253 0.995466371185 0.000127202899501 0.995571593877 3.0
0.0413956226664 0.995518441364 0.000127202899501 0.995575290203 3.0
0.0428962067075 0.99545462477 0.000127202899501 0.9955791348 3.0
0.0443967907485 0.995626200178 0.000127202899501 0.995583129044 3.0
0.0458973747896 0.995579649649 0.000127202899501 0.995587274378 3.0
0.0473979588306 0.995740237747 0.000127202899501 0.99559157231 3.0
0.0488985428717 0.995548469573 0.000127202899501 0.99559602442 3.0
0.0503991269128 0.995464538516 0.000127202899501 0.995600632358 3.0
0.0518997109538 0.995650380095 0.000127202899501 0.995605397852 3.0
0.0534002949949 0.995568796573 0.000127202899501 0.995610322703 3.0
0.0549008790359 0.995540054643 0.000127202899501 0.995615408794 3.0
0.056401463077 0.995534374 0.000127202899501 0.995620658091 3.0
0.0579020471181 0.995559858223 0.000127202899501 0.995626072645 3.0
0.0594026311591 0.99554943934 0.000127202899501 0.995631654597 3.0
0.0609032152002 0.99563549671 0.000127202899501 0.995637406181 3.0
0.0624037992413 0.995814050738 0.000127202899501 0.995643329727 3.0
0.0639043832823 0.995491957823 0.000127202899501 0.995649427665 3.0
0.0654049673234 0.995823787636 0.000127202899501 0.995655702532 3.0
0.0669055513644 0.995665028645 0.000127202899501 0.995662156973 3.0
0.0684061354055 0.995706294489 0.000127202899501 0.995668793748 3.0
0.0699067194466 0.995785742882 0.000127202899501 0.995675615735 3.0
0.0714073034876 0.99565198798 0.000127202899501 0.995682625939 3.0
0.0729078875287 0.995809429136 0.000127202899501 0.995689827495 3.0
0.0744084715697 0.995770229703 0.000127202899501 0.995697223676 3.0
0.0759090556108 0.995699730393 0.000127202899501 0.9957048179 3.0
0.0774096396519 0.995451433973 0.000127202899501 0.995712613735 3.0
0.0789102236929 0.995797683237 0.000127202899501 0.995720614909 3.0
0.080410807734 0.995835977594 0.000127202899501 0.995728825319 3.0
0.0819113917751 0.995595807819 0.000127202899501 0.995737249037 3.0
0.0834119758161 0.995907331438 0.000127202899501 0.995745890324 3.0
0.0849125598572 0.996021647436 0.000127202899501 0.995754753636 3.0
0.0864131438982 0.995992667842 0.000127202899501 0.99576384364 3.0
0.0879137279393 0.99582755991 0.000127202899501 0.995773165222 3.0
0.0894143119804 0.995994521212 0.000127202899501 0.995782723503 3.0
0.0909148960214 0.995766838705 0.000127202899501 0.995792523852 3.0
0.0924154800625 0.995722576831 0.000127202899501 0.995802571903 3.0
0.0939160641035 0.995927949274 0.000127202899501 0.995812873572 3.0
0.0954166481446 0.995903795955 0.000127202899501 0.995823435072 3.0
0.0969172321857 0.995989408531 0.000127202899501 0.995834262938 3.0
0.0984178162267 0.995972437881 0.000127202899501 0.995845364045 3.0
0.0999184002678 0.99586092684 0.000127202899501 0.995856745637 3.0
0.101418984309 0.995718400982 0.000127202899501 0.995868415346 3.0
0.10291956835 0.99574463262 0.000127202899501 0.995880381227 3.0
0.104420152391 0.995895033688 0.000127202899501 0.995892651789 3.0
0.105920736432 0.995999350153 0.000127202899501 0.995905236026 3.0
0.107421320473 0.995796808555 0.000127202899501 0.995918143462 3.0
0.108921904514 0.995733498651 0.000127202899501 0.995931384188 3.0
0.110422488555 0.995847580596 0.000127202899501 0.995944968914 3.0
0.111923072596 0.995887479063 0.000127202899501 0.99595890902 3.0
0.113423656637 0.996000796356 0.000127202899501 0.995973216617 3.0
0.114924240678 0.99603500756 0.000127202899501 0.995987904612 3.0
0.116424824719 0.996008966439 0.000127202899501 0.996002986782 3.0
0.117925408761 0.995993049803 0.000127202899501 0.996018477864 3.0
0.119425992802 0.996085075882 0.000127202899501 0.996034393641 3.0
0.120926576843 0.995882261708 0.000127202899501 0.99605075106 3.0
0.122427160884 0.996008621121 0.000127202899501 0.99606756835 3.0
0.123927744925 0.996056568055 0.000127202899501 0.996084865167 3.0
0.125428328966 0.996387534776 0.000127202899501 0.996102662755 3.0
0.126928913007 0.996297135222 0.000127202899501 0.996120984137 3.0
0.128429497048 0.996073907655 0.000127202899501 0.996139854335 3.0
0.129930081089 0.996130822228 0.000127202899501 0.996159300628 3.0
0.13143066513 0.996417497508 0.000127202899501 0.996179352854 3.0
0.132931249171 0.99625115128 0.000127202899501 0.996200043773 3.0
0.134431833212 0.996206352485 0.000127202899501 0.996221409497 3.0
0.135932417253 0.996174027846 0.000127202899501 0.996243490009 3.0
0.137433001294 0.996291641902 0.000127202899501 0.996266329797 3.0
0.138933585335 0.996213089228 0.000127202899501 0.996289978626 3.0
0.140434169376 0.996462903423 0.000127202899501 0.996314492507 3.0
0.141934753418 0.99633191501 0.000127202899501 0.996339934911 3.0
0.143435337459 0.996222923262 0.000127202899501 0.996366378312 3.0
0.1449359215 0.996305198946 0.000127202899501 0.9963939062 3.0
0.146436505541 0.99630700521 0.000127202899501 0.996422615736 3.0
0.147937089582 0.996344037203 0.000127202899501 0.996452621343 3.0
0.149437673623 0.996623317684 0.000127202899501 0.99648405972 3.0
0.150938257664 0.996753237575 0.000127202899501 0.996517097095 3.0
0.152438841705 0.996552754821 0.000127202899501 0.99655194027 3.0
0.153939425746 0.996529716395 0.000127202899501 0.996588854641 3.0
0.155440009787 0.996668032636 0.000127202899501 0.996628196556 3.0
0.156940593828 0.996589566764 0.000127202899501 0.99667047985 3.0
0.158441177869 0.996745120162 0.000127202899501 0.996716543823 3.0
0.15994176191 0.99665361461 0.000127202899501 0.996770053257 2.0
0.161442345951 0.997013163682 0.000127202899501 0.99688593911 2.0
0.162942929992 0.996937560495 0.000127202899501 0.997041225336 2.0
0.164443514033 0.997272831225 0.000127202899501 0.997220253763 2.0
0.165944098075 0.997343176474 0.000127202899501 0.997415671852 2.0
0.167444682116 0.99756622312 0.000127202899501 0.997622535619 2.0
0.168945266157 0.998017085622 0.000127202899501 0.997837027634 2.0
0.170445850198 0.997949211157 0.000127202899501 0.998055956582 2.0
0.171946434239 0.998094681517 0.000127202899501 0.998276508389 2.0
0.17344701828 0.998413259694 0.000127202899501 0.998496100303 2.0
0.174947602321 0.998898095365 0.000127202899501 0.998712281914 2.0
0.176448186362 0.998793628317 0.000127202899501 0.998922656868 2.0
0.177948770403 0.999273374959 0.000127202899501 0.999124809515 2.0
0.179449354444 0.999290529075 0.000127202899501 0.999316222848 2.0
0.180949938485 0.999514101121 0.000127202899501 0.999494169624 2.0
0.182450522526 0.999683207456 0.000127202899501 0.999655542767 2.0
0.183951106567 0.99980280653 0.000127202899501 0.999796543491 2.0
0.185451690608 0.99992128471 0.000127202899501 0.999911971833 2.0
0.186952274649 1.00023543203 0.000127202899501 0.999992868513 2.0
0.18845285869 0.999919457677 0.000127202899501 1.00001339678 0.0
0.189953442731 0.999971406038 0.000127202899501 1.00001339678 0.0
0.191454026773 1.00015069427 0.000127202899501 1.00001339678 0.0
0.192954610814 1.00008755443 0.000127202899501 1.00001339678 0.0
0.194455194855 0.999797933396 0.000127202899501 1.00001339678 0.0
0.195955778896 1.00005953332 0.000127202899501 1.00001339678 0.0
0.197456362937 0.999817634519 0.000127202899501 1.00001339678 0.0
0.198956946978 1.00012249674 0.000127202899501 1.00001339678 0.0
0.200457531019 1.00005920812 0.000127202899501 1.00001339678 0.0
0.20195811506 1.00009446867 0.000127202899501 1.00001339678 0.0
0.203458699101 0.999692754503 0.000127202899501 1.00001339678 0.0
0.204959283142 0.999889435524 0.000127202899501 1.00001339678 0.0
0.206459867183 1.00003657588 0.000127202899501 1.00001339678 0.0
0.207960451224 1.00030381385 0.000127202899501 1.00001339678 0.0
0.209461035265 0.999914852196 0.000127202899501 1.00001339678 0.0
0.210961619306 0.999938486547 0.000127202899501 1.00001339678 0.0
0.212462203347 1.00015400019 0.000127202899501 1.00001339678 0.0
0.213962787388 0.999981378342 0.000127202899501 1.00001339678 0.0
0.21546337143 0.999928692209 0.000127202899501 1.00001339678 0.0
0.216963955471 0.999860933384 0.000127202899501 1.00001339678 0.0
0.218464539512 1.00029097304 0.000127202899501 1.00001339678 0.0
0.219965123553 1.0000632065 0.000127202899501 1.00001339678 0.0
0.221465707594 1.00003719243 0.000127202899501 1.00001339678 0.0
0.222966291635 1.00013410189 0.000127202899501 1.00001339678 0.0
0.224466875676 1.00010673803 0.000127202899501 1.00001339678 0.0
