-0.0802466078442 1.0031479636 0.00203523532824 1.00022154425 0.0
-0.0797093593733 1.00233302874 0.00203523532824 1.00022154425 0.0
-0.0791721109024 1.00055463999 0.00203523532824 1.00022154425 0.0
-0.0786348624315 0.999232299961 0.00203523532824 1.00022154425 0.0
-0.0780976139605 1.00004861641 0.00203523532824 1.00022154425 0.0
-0.0775603654896 0.999077516805 0.00203523532824 1.00022154425 0.0
-0.0770231170187 1.00225385582 0.00203523532824 1.00022154425 0.0
-0.0764858685478 1.00155331219 0.00203523532824 1.00022154425 0.0
-0.0759486200769 1.00115689394 0.00203523532824 1.00022154425 0.0
-0.0754113716059 0.998609697213 0.00203523532824 1.00022154425 0.0
-0.074874123135 1.00205957986 0.00203523532824 1.00022154425 0.0
-0.0743368746641 1.00195997492 0.00203523532824 1.00022154425 0.0
-0.0737996261932 0.99920596581 0.00203523532824 1.00022154425 0.0
-0.0732623777222 1.00031757359 0.00203523532824 1.00022154425 0.0
-0.0727251292513 0.997685091058 0.00203523532824 1.00022154425 0.0
-0.0721878807804 0.999955566795 0.00203523532824 1.00022154425 0.0
-0.0716506323095 0.999215215195 0.00203523532824 1.00022154425 0.0
-0.0711133838386 1.00116616599 0.00203523532824 1.00022154425 0.0
-0.0705761353676 1.00355319868 0.00203523532824 1.00022154425 0.0
-0.0700388868967 0.996797780033 0.00203523532824 1.00022154425 0.0
-0.0695016384258 0.999130856894 0.00203523532824 1.00022154425 0.0
-0.0689643899549 1.00007688469 0.00203523532824 1.00022154425 0.0
-0.0684271414839 0.997269774837 0.00203523532824 1.00022154425 0.0
-0.067889893013 1.00276521567 0.00203523532824 1.00022154425 0.0
-0.0673526445421 1.00016115428 0.00203523532824 1.00022154425 0.0
-0.0668153960712 0.999977700223 0.00203523532824 1.00021481738 1.0
-0.0662781476002 0.998766455751 0.00203523532824 1.00014487524 1.0
-0.0657408991293 1.00027663485 0.00203523532824 1.00003677775 1.0
-0.0652036506584 1.00078872244 0.00203523532824 0.999902011062 1.0
-0.0646664021875 1.00060266941 0.00203523532824 0.999745817557 1.0
-0.0641291537166 0.995041052103 0.00203523532824 0.999571481912 1.0
-0.0635919052456 0.998681710109 0.00203523532824 0.999381352755 1.0
-0.0630546567747 0.999581934588 0.00203523532824 0.999177242833 1.0
-0.0625174083038 0.999810619144 0.00203523532824 0.998960623896 1.0
-0.0619801598329 0.994891013183 0.00203523532824 0.998732734904 1.0
-0.0614429113619 1.00087585283 0.00203523532824 0.998494647693 1.0
-0.060905662891 0.994532483571 0.00203523532824 0.998247309506 1.0
-0.0603684144201 0.998404488814 0.00203523532824 0.997991571935 1.0
-0.0598311659492 0.99617391357 0.00203523532824 0.99772821142 1.0
-0.0592939174783 0.995849511715 0.00203523532824 0.997457944235 1.0
-0.0587566690073 0.997222588106 0.00203523532824 0.997181437738 1.0
-0.0582194205364 0.99735303444 0.00203523532824 0.996899319017 1.0
-0.0576821720655 0.999808924318 0.00203523532824 0.996612181673 1.0
-0.0571449235946 1.00083678513 0.00203523532824 0.996320591215 1.0
-0.0566076751236 0.998291535769 0.00203523532824 0.996025089447 1.0
-0.0560704266527 0.997032669034 0.00203523532824 0.995726198061 1.0
-0.0555331781818 0.993021527493 0.00203523532824 0.995424421647 1.0
-0.0549959297109 0.996336582133 0.00203523532824 0.99512025022 1.0
-0.05445868124 0.992661041456 0.00203523532824 0.994814161401 1.0
-0.053921432769 0.994058482614 0.00203523532824 0.994506622298 1.0
-0.0533841842981 0.994780732177 0.00203523532824 0.994198091174 1.0
-0.0528469358272 0.993321559374 0.00203523532824 0.993889018934 1.0
-0.0523096873563 0.992876721078 0.00203523532824 0.993579850484 1.0
-0.0517724388853 0.996213611856 0.00203523532824 0.993271025994 1.0
-0.0512351904144 0.991245461129 0.00203523532824 0.992962982091 1.0
-0.0506979419435 0.996406030787 0.00203523532824 0.992656153026 1.0
-0.0501606934726 0.992703107428 0.00203523532824 0.99235097182 1.0
-0.0496234450017 0.990404168423 0.00203523532824 0.992047871446 1.0
-0.0490861965307 0.991568193701 0.00203523532824 0.991747286054 1.0
-0.0485489480598 0.990176244109 0.00203523532824 0.991449652287 1.0
-0.0480116995889 0.991892605825 0.00203523532824 0.991155410726 1.0
-0.047474451118 0.990790446635 0.00203523532824 0.990865007512 1.0
-0.046937202647 0.990005559929 0.00203523532824 0.990578896211 1.0
-0.0463999541761 0.987063307332 0.00203523532824 0.990297539994 1.0
-0.0458627057052 0.990197111662 0.00203523532824 0.990021414248 1.0
-0.0453254572343 0.990412886975 0.00203523532824 0.989751009756 1.0
-0.0447882087634 0.989857593273 0.00203523532824 0.989486836647 1.0
-0.0442509602924 0.988998968595 0.00203523532824 0.989229429389 1.0
-0.0437137118215 0.988954378844 0.00203523532824 0.988979353256 1.0
-0.0431764633506 0.986972313919 0.00203523532824 0.988737212865 1.0
-0.0426392148797 0.987438608132 0.00203523532824 0.988503663765 1.0
-0.0421019664087 0.988053582443 0.00203523532824 0.988279428628 1.0
-0.0415647179378 0.990448658985 0.00203523532824 0.988065320705 1.0
-0.0410274694669 0.989149094806 0.00203523532824 0.987862279327 1.0
-0.040490220996 0.986769108262 0.00203523532824 0.987671426773 1.0
-0.039952972525 0.985205082555 0.00203523532824 0.987494166496 1.0
-0.0394157240541 0.987683038536 0.00203523532824 0.987332371865 1.0
-0.0388784755832 0.986479550965 0.00203523532824 0.987188814142 1.0
-0.0383412271123 0.990060485011 0.00203523532824 0.98706848244 1.0
-0.0378039786414 0.986536569994 0.00203523532824 0.986988669947 3.0
-0.0372667301704 0.986708878359 0.00203523532824 0.986934569666 3.0
-0.0367294816995 0.984595536114 0.00203523532824 0.986881243838 3.0
-0.0361922332286 0.988135485667 0.00203523532824 0.986828692472 3.0
-0.0356549847577 0.985431021584 0.00203523532824 0.98677691558 3.0
-0.0351177362867 0.986454864988 0.00203523532824 0.986725913171 3.0
-0.0345804878158 0.98893393943 0.00203523532824 0.986675685255 3.0
-0.0340432393449 0.986554240842 0.00203523532824 0.986626231841 3.0
-0.033505990874 0.988143786115 0.00203523532824 0.98657755294 3.0
-0.0329687424031 0.989035116872 0.00203523532824 0.98652964856 3.0
-0.0324314939321 0.987331654525 0.00203523532824 0.986482518711 3.0
-0.0318942454612 0.987028202595 0.00203523532824 0.986436163401 3.0
-0.0313569969903 0.986936479846 0.00203523532824 0.98639058264 3.0
-0.0308197485194 0.987243918985 0.00203523532824 0.986345776437 3.0
-0.0302825000484 0.984607494387 0.00203523532824 0.9863017448 3.0
-0.0297452515775 0.982406027148 0.00203523532824 0.986258487738 3.0
-0.0292080031066 0.987744064884 0.00203523532824 0.986216005259 3.0
-0.0286707546357 0.983476377298 0.00203523532824 0.986174297371 3.0
-0.0281335061648 0.987617045702 0.00203523532824 0.986133364082 3.0
-0.0275962576938 0.986079769062 0.00203523532824 0.986093205401 3.0
-0.0270590092229 0.986621597323 0.00203523532824 0.986053821334 3.0
-0.026521760752 0.987888588339 0.00203523532824 0.98601521189 3.0
-0.0259845122811 0.986682148639 0.00203523532824 0.985977377075 3.0
-0.0254472638101 0.983266339299 0.00203523532824 0.985940316898 3.0
-0.0249100153392 0.988037230563 0.00203523532824 0.985904031365 3.0
-0.0243727668683 0.983022084299 0.00203523532824 0.985868520484 3.0
-0.0238355183974 0.986434472325 0.00203523532824 0.985833784261 3.0
-0.0232982699265 0.983196098081 0.00203523532824 0.985799822702 3.0
-0.0227610214555 0.985226364049 0.00203523532824 0.985766635816 3.0
-0.0222237729846 0.987199300227 0.00203523532824 0.985734223607 3.0
-0.0216865245137 0.990411671407 0.00203523532824 0.985702586082 3.0
-0.0211492760428 0.986189331559 0.00203523532824 0.985671723247 3.0
-0.0206120275718 0.986843345575 0.00203523532824 0.985641635108 3.0
-0.0200747791009 0.98897140296 0.00203523532824 0.985612321672 3.0
-0.01953753063 0.987728776804 0.00203523532824 0.985583782943 3.0
-0.0190002821591 0.986958672364 0.00203523532824 0.985556018927 3.0
-0.0184630336882 0.986216537148 0.00203523532824 0.985529029629 3.0
-0.0179257852172 0.98593691406 0.00203523532824 0.985502815056 3.0
-0.0173885367463 0.987573212217 0.00203523532824 0.98547737521 3.0
-0.0168512882754 0.98448478789 0.00203523532824 0.985452710099 3.0
-0.0163140398045 0.990678685515 0.00203523532824 0.985428819726 3.0
-0.0157767913335 0.988010808601 0.00203523532824 0.985405704096 3.0
-0.0152395428626 0.984525856507 0.00203523532824 0.985383363213 3.0
-0.0147022943917 0.988354217482 0.00203523532824 0.985361797082 3.0
-0.0141650459208 0.982697824627 0.00203523532824 0.985341005707 3.0
-0.0136277974499 0.987202741721 0.00203523532824 0.985320989092 3.0
-0.0130905489789 0.986615544466 0.00203523532824 0.98530174724 3.0
-0.012553300508 0.985148881651 0.00203523532824 0.985283280157 3.0
-0.0120160520371 0.98554747086 0.00203523532824 0.985265587844 3.0
-0.0114788035662 0.983963721574 0.00203523532824 0.985248670305 3.0
-0.0109415550952 0.987913241825 0.00203523532824 0.985232527545 3.0
-0.0104043066243 0.985482182457 0.00203523532824 0.985217159565 3.0
-0.00986705815339 0.98558392726 0.00203523532824 0.985202566369 3.0
-0.00932980968247 0.983198896778 0.00203523532824 0.985188747959 3.0
-0.00879256121155 0.985890523226 0.00203523532824 0.985175704339 3.0
-0.00825531274063 0.9843205241 0.00203523532824 0.98516343551 3.0
-0.0077180642697 0.985825884264 0.00203523532824 0.985151941476 3.0
-0.00718081579878 0.980251234742 0.00203523532824 0.985141222238 3.0
-0.00664356732786 0.99006165565 0.00203523532824 0.985131277799 3.0
-0.00610631885694 0.987096016898 0.00203523532824 0.985122108159 3.0
-0.00556907038601 0.984908843963 0.00203523532824 0.985113713322 3.0
-0.00503182191509 0.984482145258 0.00203523532824 0.985106093289 3.0
-0.00449457344417 0.983674295263 0.00203523532824 0.985099248061 3.0
-0.00395732497325 0.987135446391 0.00203523532824 0.985093177639 3.0
-0.00342007650232 0.980944421471 0.00203523532824 0.985087882025 3.0
-0.0028828280314 0.986245439149 0.00203523532824 0.98508336122 3.0
-0.00234557956048 0.985004010602 0.00203523532824 0.985079615224 3.0
-0.00180833108956 0.985245371785 0.00203523532824 0.985076644039 3.0
-0.00127108261863 0.982911091108 0.00203523532824 0.985074447665 3.0
-0.000733834147712 0.984057284563 0.00203523532824 0.985073026101 3.0
-0.000196585676789 0.985863808473 0.00203523532824 0.98507237935 3.0
0.000340662794133 0.982078608061 0.00203523532824 0.98507250741 3.0
0.000877911265056 0.986077102553 0.00203523532824 0.985073410282 3.0
0.00141515973598 0.983713582924 0.00203523532824 0.985075087965 3.0
0.0019524082069 0.9849696577 0.00203523532824 0.985077540459 3.0
0.00248965667782 0.983153065113 0.00203523532824 0.985080767765 3.0
0.00302690514875 0.987303446044 0.00203523532824 0.98508476988 3.0
0.00356415361967 0.984247841041 0.00203523532824 0.985089546804 3.0
0.00410140209059 0.985021703954 0.00203523532824 0.985095098537 3.0
0.00463865056151 0.986782217521 0.00203523532824 0.985101425078 3.0
0.00517589903244 0.982733608111 0.00203523532824 0.985108526424 3.0
0.00571314750336 0.979432421703 0.00203523532824 0.985116402575 3.0
0.00625039597428 0.984137562289 0.00203523532824 0.985125053529 3.0
0.0067876444452 0.984205040126 0.00203523532824 0.985134479285 3.0
0.00732489291612 0.983079943291 0.00203523532824 0.985144679841 3.0
0.00786214138705 0.98587026894 0.00203523532824 0.985155655194 3.0
0.00839938985797 0.990141163678 0.00203523532824 0.985167405343 3.0
0.00893663832889 0.984096647527 0.00203523532824 0.985179930285 3.0
0.00947388679981 0.979002365195 0.00203523532824 0.985193230019 3.0
0.0100111352707 0.987353528987 0.00203523532824 0.98520730454 3.0
0.0105483837417 0.986175613663 0.00203523532824 0.985222153848 3.0
0.0110856322126 0.985850337861 0.00203523532824 0.985237777938 3.0
0.0116228806835 0.979849336583 0.00203523532824 0.985254176808 3.0
0.0121601291544 0.985180390556 0.00203523532824 0.985271350455 3.0
0.0126973776253 0.986164224599 0.00203523532824 0.985289298875 3.0
0.0132346260963 0.986946728938 0.00203523532824 0.985308022065 3.0
0.0137718745672 0.985951622547 0.00203523532824 0.985327520021 3.0
0.0143091230381 0.98552275591 0.00203523532824 0.98534779274 3.0
0.014846371509 0.987194401044 0.00203523532824 0.985368840217 3.0
0.01538361998 0.987172414384 0.00203523532824 0.985390662449 3.0
0.0159208684509 0.988044475885 0.00203523532824 0.985413259431 3.0
0.0164581169218 0.983356570191 0.00203523532824 0.985436631159 3.0
0.0169953653927 0.985489110342 0.00203523532824 0.985460777628 3.0
0.0175326138637 0.982369187884 0.00203523532824 0.985485698835 3.0
0.0180698623346 0.98669107567 0.00203523532824 0.985511394773 3.0
0.0186071108055 0.982336613718 0.00203523532824 0.985537865439 3.0
0.0191443592764 0.986802198847 0.00203523532824 0.985565110826 3.0
0.0196816077473 0.982251522591 0.00203523532824 0.98559313093 3.0
0.0202188562183 0.98705257908 0.00203523532824 0.985621925746 3.0
0.0207561046892 0.987358738061 0.00203523532824 0.985651495267 3.0
0.0212933531601 0.984078461168 0.00203523532824 0.985681839488 3.0
0.021830601631 0.986927899107 0.00203523532824 0.985712958404 3.0
0.022367850102 0.988709864281 0.00203523532824 0.985744852007 3.0
0.0229050985729 0.985110983892 0.00203523532824 0.985777520293 3.0
0.0234423470438 0.987029976588 0.00203523532824 0.985810963254 3.0
0.0239795955147 0.984404103262 0.00203523532824 0.985845180885 3.0
0.0245168439856 0.983746855471 0.00203523532824 0.985880173178 3.0
0.0250540924566 0.982729577335 0.00203523532824 0.985915940128 3.0
0.0255913409275 0.989103151879 0.00203523532824 0.985952481726 3.0
0.0261285893984 0.983329224896 0.00203523532824 0.985989797967 3.0
0.0266658378693 0.989644848937 0.00203523532824 0.986027888842 3.0
0.0272030863403 0.986007907299 0.00203523532824 0.986066754345 3.0
0.0277403348112 0.984082325597 0.00203523532824 0.986106394467 3.0
0.0282775832821 0.986950226179 0.00203523532824 0.986146809203 3.0
0.028814831753 0.985024682761 0.00203523532824 0.986187998542 3.0
0.0293520802239 0.986502015166 0.00203523532824 0.986229962478 3.0
0.0298893286949 0.984503706104 0.00203523532824 0.986272701003 3.0
0.0304265771658 0.986429172434 0.00203523532824 0.986316214108 3.0
0.0309638256367 0.987260945506 0.00203523532824 0.986360501785 3.0
0.0315010741076 0.987359282487 0.00203523532824 0.986405564025 3.0
0.0320383225786 0.98916194752 0.00203523532824 0.98645140082 3.0
0.0325755710495 0.986222753961 0.00203523532824 0.986498012161 3.0
0.0331128195204 0.983613978403 0.00203523532824 0.986545398039 3.0
0.0336500679913 0.984868171067 0.00203523532824 0.986593558444 3.0
0.0341873164622 0.985608072713 0.00203523532824 0.986642493368 3.0
0.0347245649332 0.985295473223 0.00203523532824 0.9866922028 3.0
0.0352618134041 0.987359431892 0.00203523532824 0.986742686732 3.0
0.035799061875 0.985575621394 0.00203523532824 0.986793945154 3.0
0.0363363103459 0.985482100407 0.00203523532824 0.986845978056 3.0
0.0368735588169 0.988348871019 0.00203523532824 0.986898785427 3.0
0.0374108072878 0.984201827514 0.00203523532824 0.986952367258 3.0
0.0379480557587 0.987377650158 0.00203523532824 0.98700748481 2.0
0.0384853042296 0.98657736377 0.00203523532824 0.987105182302 2.0
0.0390225527005 0.985510510291 0.00203523532824 0.987234016806 2.0
0.0395598011715 0.992255768758 0.00203523532824 0.987383998633 2.0
0.0400970496424 0.984746256263 0.00203523532824 0.987551154742 2.0
0.0406342981133 0.984674939476 0.00203523532824 0.987733086832 2.0
0.0411715465842 0.988318084133 0.00203523532824 0.987928107302 2.0
0.0417087950552 0.988859193547 0.00203523532824 0.988134920517 2.0
0.0422460435261 0.992727785547 0.00203523532824 0.98835247291 2.0
0.042783291997 0.98767992784 0.00203523532824 0.988579871804 2.0
0.0433205404679 0.991253679376 0.00203523532824 0.988816337094 2.0
0.0438577889389 0.987851808839 0.00203523532824 0.989061170463 2.0
0.0443950374098 0.990385521869 0.00203523532824 0.989313734721 2.0
0.0449322858807 0.989164498662 0.00203523532824 0.989573439366 2.0
0.0454695343516 0.99270593905 0.00203523532824 0.989839730134 2.0
0.0460067828225 0.990074289978 0.00203523532824 0.990112081235 2.0
0.0465440312935 0.987351289056 0.00203523532824 0.99038998943 2.0
0.0470812797644 0.98825967646 0.00203523532824 0.990672969419 2.0
0.0476185282353 0.989271994626 0.00203523532824 0.990960550173 2.0
0.0481557767062 0.988415129475 0.00203523532824 0.991252271962 2.0
0.0486930251772 0.990235133622 0.00203523532824 0.991547683899 2.0
0.0492302736481 0.99343201908 0.00203523532824 0.991846341873 2.0
0.049767522119 0.995406645917 0.00203523532824 0.992147806774 2.0
0.0503047705899 0.989907736186 0.00203523532824 0.992451642936 2.0
0.0508420190608 0.99447410902 0.00203523532824 0.992757416739 2.0
0.0513792675318 0.993639775992 0.00203523532824 0.993064695327 2.0
0.0519165160027 0.994345906765 0.00203523532824 0.993373045399 2.0
0.0524537644736 0.991335256432 0.00203523532824 0.993682032048 2.0
0.0529910129445 0.995584085008 0.00203523532824 0.993991217605 2.0
0.0535282614155 0.993075192276 0.00203523532824 0.994300160469 2.0
0.0540655098864 0.995094696822 0.00203523532824 0.994608413895 2.0
0.0546027583573 0.997581254147 0.00203523532824 0.994915524702 2.0
0.0551400068282 0.993724729701 0.00203523532824 0.995221031875 2.0
0.0556772552991 0.994338245392 0.00203523532824 0.995524465024 2.0
0.0562145037701 0.993283670723 0.00203523532824 0.995825342655 2.0
0.056751752241 0.997802706572 0.00203523532824 0.996123170188 2.0
0.0572890007119 0.998500216777 0.00203523532824 0.996417437685 2.0
0.0578262491828 0.998091584207 0.00203523532824 0.996707617161 2.0
0.0583634976538 1.00172768319 0.00203523532824 0.99699315941 2.0
0.0589007461247 0.996098440791 0.00203523532824 0.997273490165 2.0
0.0594379945956 0.997462105443 0.00203523532824 0.997548005414 2.0
0.0599752430665 0.998252697754 0.00203523532824 0.997816065586 2.0
0.0605124915374 0.997618826221 0.00203523532824 0.998076988219 2.0
0.0610497400084 0.99605708301 0.00203523532824 0.998330038553 2.0
0.0615869884793 0.99847388266 0.00203523532824 0.99857441719 2.0
0.0621242369502 0.997536254173 0.00203523532824 0.998809243524 2.0
0.0626614854211 1.00248132026 0.00203523532824 0.999033532865 2.0
0.0631987338921 0.997424338795 0.00203523532824 0.999246163716 2.0
0.063735982363 0.998228975107 0.00203523532824 0.999445828981 2.0
0.0642732308339 1.00141416548 0.00203523532824 0.999630959136 2.0
0.0648104793048 1.00151742348 0.00203523532824 0.999799592287 2.0
0.0653477277757 0.997479724621 0.00203523532824 0.999949131215 2.0
0.0658849762467 0.997244176722 0.00203523532824 1.00007581444 2.0
0.0664222247176 1.00195697065 0.00203523532824 1.00017320689 2.0
0.0669594731885 1.00041058184 0.00203523532824 1.00022154425 0.0
0.0674967216594 1.00018955848 0.00203523532824 1.00022154425 0.0
0.0680339701304 0.997291289741 0.00203523532824 1.00022154425 0.0
0.0685712186013 1.0007103206 0.00203523532824 1.00022154425 0.0
0.0691084670722 0.997486404569 0.00203523532824 1.00022154425 0.0
0.0696457155431 0.999818454237 0.00203523532824 1.00022154425 0.0
0.070182964014 1.00055521455 0.00203523532824 1.00022154425 0.0
0.070720212485 0.998498229369 0.00203523532824 1.00022154425 0.0
0.0712574609559 0.998212200739 0.00203523532824 1.00022154425 0.0
0.0717947094268 1.0024193152 0.00203523532824 1.00022154425 0.0
0.0723319578977 1.00041008594 0.00203523532824 1.00022154425 0.0
0.0728692063687 1.00156307519 0.00203523532824 1.00022154425 0.0
0.0734064548396 1.00245086151 0.00203523532824 1.00022154425 0.0
0.0739437033105 0.999760505406 0.00203523532824 1.00022154425 0.0
0.0744809517814 1.00218639312 0.00203523532824 1.00022154425 0.0
0.0750182002524 0.999294992348 0.00203523532824 1.00022154425 0.0
0.0755554487233 0.997026645795 0.00203523532824 1.00022154425 0.0
0.0760926971942 1.00187538498 0.00203523532824 1.00022154425 0.0
0.0766299456651 0.999717518469 0.00203523532824 1.00022154425 0.0
0.077167194136 1.00483531449 0.00203523532824 1.00022154425 0.0
0.077704442607 1.00144164728 0.00203523532824 1.00022154425 0.0
0.0782416910779 0.999135828634 0.00203523532824 1.00022154425 0.0
0.0787789395488 1.00043972429 0.00203523532824 1.00022154425 0.0
0.0793161880197 1.00121574223 0.00203523532824 1.00022154425 0.0
0.0798534364907 0.999050841881 0.00203523532824 1.00022154425 0.0
0.0803906849616 0.999273467656 0.00203523532824 1.00022154425 0.0
