-0.205806819695 1.00010850759 0.000814247635812 0.99980333489 0.0
-0.202402656189 0.999418694529 0.000814247635812 0.99980333489 0.0
-0.198998492683 0.999796663478 0.000814247635812 0.99980333489 0.0
-0.195594329177 1.0004526813 0.000814247635812 0.99980333489 0.0
-0.192190165671 1.00059303193 0.000814247635812 0.99980333489 0.0
-0.188786002165 0.999137283246 0.000814247635812 0.99980333489 0.0
-0.18538183866 0.998974754639 0.000814247635812 0.99980333489 0.0
-0.181977675154 0.999381533038 0.000814247635812 0.99980333489 0.0
-0.178573511648 0.999718352325 0.000814247635812 0.99980333489 0.0
-0.175169348142 1.00080758711 0.000814247635812 0.99980333489 0.0
-0.171765184636 0.9995986556 0.000814247635812 0.99980333489 0.0
-0.16836102113 0.99869637499 0.000814247635812 0.999738395757 1.0
-0.164956857625 0.999179764387 0.000814247635812 0.999522094846 1.0
-0.161552694119 0.999582329248 0.000814247635812 0.999204372096 1.0
-0.158148530613 0.998482484376 0.000814247635812 0.998805075454 1.0
-0.154744367107 0.998140165754 0.000814247635812 0.998337288386 1.0
-0.151340203601 0.996969914119 0.000814247635812 0.997811200259 1.0
-0.147936040095 0.996860847294 0.000814247635812 0.997235369293 1.0
-0.14453187659 0.996268001764 0.000814247635812 0.996617291427 1.0
-0.141127713084 0.996165605654 0.000814247635812 0.995963703579 1.0
-0.137723549578 0.995800724905 0.000814247635812 0.995280763331 1.0
-0.134319386072 0.995987454829 0.000814247635812 0.99457416331 1.0
-0.130915222566 0.995102529369 0.000814247635812 0.993849207741 1.0
-0.12751105906 0.994948814207 0.000814247635812 0.99311086555 1.0
-0.124106895555 0.99205980914 0.000814247635812 0.99236380808 1.0
-0.120702732049 0.992378787324 0.000814247635812 0.991612436278 1.0
-0.117298568543 0.991286893052 0.000814247635812 0.990860900427 1.0
-0.113894405037 0.990943727144 0.000814247635812 0.99011311443 1.0
-0.110490241531 0.988974751397 0.000814247635812 0.989372766058 1.0
-0.107086078025 0.988846622385 0.000814247635812 0.988643324166 1.0
-0.10368191452 0.987863662485 0.000814247635812 0.987928043646 1.0
-0.100277751014 0.986957846758 0.000814247635812 0.987229968726 1.0
-0.0968735875079 0.987068253838 0.000814247635812 0.986551935149 1.0
-0.0934694240021 0.984160218379 0.000814247635812 0.985896571707 1.0
-0.0900652604962 0.984368493597 0.000814247635812 0.985266301645 1.0
-0.0866610969904 0.983055980804 0.000814247635812 0.98466334448 1.0
-0.0832569334846 0.98289438297 0.000814247635812 0.984089718928 1.0
-0.0798527699787 0.983599836401 0.000814247635812 0.983547247902 1.0
-0.0764486064729 0.98420816713 0.000814247635812 0.983037566998 1.0
-0.0730444429671 0.982280702145 0.000814247635812 0.982562138828 1.0
-0.0696402794613 0.981152111925 0.000814247635812 0.982122277401 1.0
-0.0662361159554 0.982756823505 0.000814247635812 0.981719190879 1.0
-0.0628319524496 0.981751146589 0.000814247635812 0.981354061068 1.0
-0.0594277889438 0.979890874371 0.000814247635812 0.981028206895 1.0
-0.0560236254379 0.979937900709 0.000814247635812 0.980743484585 1.0
-0.0526194619321 0.979953304654 0.000814247635812 0.980503688574 1.0
-0.0492152984263 0.9783050794 0.000814247635812 0.980323302187 3.0
-0.0458111349204 0.979426340818 0.000814247635812 0.980178198123 3.0
-0.0424069714146 0.979142282412 0.000814247635812 0.980051105306 3.0
-0.0390028079088 0.980124963541 0.000814247635812 0.979939209631 3.0
-0.0355986444029 0.978556566448 0.000814247635812 0.979840691511 3.0
-0.0321944808971 0.979699115275 0.000814247635812 0.979754227143 3.0
-0.0287903173913 0.979758831305 0.000814247635812 0.979678801886 3.0
-0.0253861538854 0.980602625475 0.000814247635812 0.979613616591 3.0
-0.0219819903796 0.98105754936 0.000814247635812 0.979558033346 3.0
-0.0185778268738 0.980085811098 0.000814247635812 0.97951154126 3.0
-0.0151736633679 0.979040161658 0.000814247635812 0.979473733689 3.0
-0.0117694998621 0.981228087828 0.000814247635812 0.979444292577 3.0
-0.00836533635626 0.979776334478 0.000814247635812 0.979422977539 3.0
-0.00496117285043 0.979934853095 0.000814247635812 0.979409618307 3.0
-0.0015570093446 0.978999614473 0.000814247635812 0.979404109716 3.0
0.00184715416123 0.979025992047 0.000814247635812 0.979406408743 3.0
0.00525131766707 0.97878493085 0.000814247635812 0.979416533321 3.0
0.0086554811729 0.979995226433 0.000814247635812 0.979434562828 3.0
0.0120596446787 0.97985961734 0.000814247635812 0.979460640303 3.0
0.0154638081846 0.979381596178 0.000814247635812 0.979494976568 3.0
0.0188679716904 0.979305249404 0.000814247635812 0.97953785666 3.0
0.0222721351962 0.981201079472 0.000814247635812 0.979589649241 3.0
0.0256762987021 0.978718285886 0.000814247635812 0.97965082009 3.0
0.0290804622079 0.979273655496 0.000814247635812 0.979721951571 3.0
0.0324846257137 0.978853934233 0.000814247635812 0.979803771437 3.0
0.0358887892196 0.980535367891 0.000814247635812 0.979897197348 3.0
0.0392929527254 0.98033722096 0.000814247635812 0.980003410747 3.0
0.0426971162312 0.979984307259 0.000814247635812 0.980123994231 3.0
0.0461012797371 0.980401175356 0.000814247635812 0.980261246542 3.0
0.0495054432429 0.979893423774 0.000814247635812 0.980420784077 3.0
0.0529096067487 0.982145266554 0.000814247635812 0.980639153702 2.0
0.0563137702546 0.980927701244 0.000814247635812 0.980906105046 2.0
0.0597179337604 0.98132814731 0.000814247635812 0.981215340948 2.0
0.0631220972662 0.981798995552 0.000814247635812 0.981564510712 2.0
0.0665262607721 0.983314254489 0.000814247635812 0.98195214807 2.0
0.0699304242779 0.98227542186 0.000814247635812 0.982377042516 2.0
0.0733345877837 0.983887920682 0.000814247635812 0.982838009513 2.0
0.0767387512896 0.981165893822 0.000814247635812 0.983333785215 2.0
0.0801429147954 0.982243736652 0.000814247635812 0.983862971805 2.0
0.0835470783012 0.985843478739 0.000814247635812 0.984424006943 2.0
0.086951241807 0.985075891275 0.000814247635812 0.985015145967 2.0
0.0903554053129 0.988206161815 0.000814247635812 0.985634451375 2.0
0.0937595688187 0.986737952644 0.000814247635812 0.986279786596 2.0
0.0971637323245 0.986789548043 0.000814247635812 0.986948812355 2.0
0.10056789583 0.987924048128 0.000814247635812 0.98763898449 2.0
0.103972059336 0.988217162174 0.000814247635812 0.988347552453 2.0
0.107376222842 0.988281307933 0.000814247635812 0.98907155789 2.0
0.110780386348 0.989273764766 0.000814247635812 0.989807832786 2.0
0.114184549854 0.991459620979 0.000814247635812 0.990552996689 2.0
0.11758871336 0.991146929283 0.000814247635812 0.991303452499 2.0
0.120992876865 0.992784909661 0.000814247635812 0.992055380271 2.0
0.124397040371 0.992862911824 0.000814247635812 0.992804728313 2.0
0.127801203877 0.992442925046 0.000814247635812 0.993547200705 2.0
0.131205367383 0.993981121099 0.000814247635812 0.99427824001 2.0
0.134609530889 0.996404572919 0.000814247635812 0.994993003449 2.0
0.138013694395 0.995622048418 0.000814247635812 0.995686329968 2.0
0.1414178579 0.995756897242 0.000814247635812 0.996352694213 2.0
0.144822021406 0.996974480478 0.000814247635812 0.996986140893 2.0
0.148226184912 0.996154099058 0.000814247635812 0.997580188288 2.0
0.151630348418 0.997743747873 0.000814247635812 0.998127680083 2.0
0.155034511924 0.997072320471 0.000814247635812 0.998620543325 2.0
0.15843867543 0.99890684668 0.000814247635812 0.999049356023 2.0
0.161842838935 0.999076782784 0.000814247635812 0.999402461044 2.0
0.165247002441 0.999639489872 0.000814247635812 0.999663661554 2.0
0.168651165947 0.999480813496 0.000814247635812 0.999801044011 2.0
0.172055329453 0.998523081267 0.000814247635812 0.99980333489 0.0
0.175459492959 1.00011882269 0.000814247635812 0.99980333489 0.0
0.178863656465 0.999711212395 0.000814247635812 0.99980333489 0.0
0.18226781997 1.00020738737 0.000814247635812 0.99980333489 0.0
0.185671983476 1.00096427943 0.000814247635812 0.99980333489 0.0
0.189076146982 0.999185852277 0.000814247635812 0.99980333489 0.0
0.192480310488 0.999799952269 0.000814247635812 0.99980333489 0.0
0.195884473994 1.00081595337 0.000814247635812 0.99980333489 0.0
0.1992886375 0.999885441419 0.000814247635812 0.99980333489 0.0
0.202692801005 0.999978977382 0.000814247635812 0.99980333489 0.0
0.206096964511 1.00143406504 0.000814247635812 0.99980333489 0.0
