-0.160440103099 0.999899879568 0.000441606726396 0.999955292593 0.0
-0.159363646182 0.999977153914 0.000441606726396 0.999955292593 0.0
-0.158287189265 0.999807247163 0.000441606726396 0.999955292593 0.0
-0.157210732348 1.00008359266 0.000441606726396 0.999955292593 0.0
-0.156134275431 1.0001882723 0.000441606726396 0.999955292593 0.0
-0.155057818514 1.00018223511 0.000441606726396 0.999955292593 0.0
-0.153981361598 1.00004083327 0.000441606726396 0.999955292593 0.0
-0.152904904681 0.999024261345 0.000441606726396 0.999955292593 0.0
-0.151828447764 1.00011706465 0.000441606726396 0.999955292593 0.0
-0.150751990847 0.999867772954 0.000441606726396 0.999955292593 0.0
-0.14967553393 1.00083112087 0.000441606726396 0.999955292593 0.0
-0.148599077013 0.999678592309 0.000441606726396 0.999955292593 0.0
-0.147522620096 0.999495152562 0.000441606726396 0.999955292593 0.0
-0.14644616318 0.999521725306 0.000441606726396 0.999955292593 0.0
-0.145369706263 0.999310290425 0.000441606726396 0.999955292593 0.0
-0.144293249346 0.999539547116 0.000441606726396 0.999955292593 0.0
-0.143216792429 0.999366003104 0.000441606726396 0.999955292593 0.0
-0.142140335512 0.999783748777 0.000441606726396 0.999955292593 0.0
-0.141063878595 1.00038220337 0.000441606726396 0.999955292593 0.0
-0.139987421678 1.00022535227 0.000441606726396 0.999955292593 0.0
-0.138910964762 0.999888696081 0.000441606726396 0.999955292593 0.0
-0.137834507845 0.999502949918 0.000441606726396 0.999955292593 0.0
-0.136758050928 1.00103732726 0.000441606726396 0.999955292593 0.0
-0.135681594011 1.00000034309 0.000441606726396 0.999955292593 0.0
-0.134605137094 1.0002495691 0.000441606726396 0.999955032989 1.0
-0.133528680177 1.00015798792 0.000441606726396 0.999902716515 1.0
-0.13245222326 0.999070602173 0.000441606726396 0.999807589129 1.0
-0.131375766344 0.999850685657 0.000441606726396 0.99968441807 1.0
-0.130299309427 0.999596914914 0.000441606726396 0.999539821741 1.0
-0.12922285251 0.999675577454 0.000441606726396 0.999378421704 1.0
-0.128146395593 0.999332660761 0.000441606726396 0.999204009734 1.0
-0.127069938676 0.999332143973 0.000441606726396 0.999020005633 1.0
-0.125993481759 0.998633811625 0.000441606726396 0.998829706109 1.0
-0.124917024842 0.999235442401 0.000441606726396 0.998636464193 1.0
-0.123840567926 0.997946031687 0.000441606726396 0.998443863052 1.0
-0.122764111009 0.998866562042 0.000441606726396 0.998255941613 1.0
-0.121687654092 0.997928973546 0.000441606726396 0.998077575545 1.0
-0.120611197175 0.997887340102 0.000441606726396 0.997915310003 1.0
-0.119534740258 0.996392898503 0.000441606726396 0.997780012436 1.0
-0.118458283341 0.99860095966 0.000441606726396 0.997702389088 3.0
-0.117381826424 0.996750120303 0.000441606726396 0.997651800196 3.0
-0.116305369508 0.997564521697 0.000441606726396 0.997605643721 3.0
-0.115228912591 0.99742376278 0.000441606726396 0.997562715721 3.0
-0.114152455674 0.997511737891 0.000441606726396 0.997522364673 3.0
-0.113075998757 0.997773076378 0.000441606726396 0.997484165664 3.0
-0.11199954184 0.997889114028 0.000441606726396 0.997447814212 3.0
-0.110923084923 0.996987908058 0.000441606726396 0.997413079865 3.0
-0.109846628006 0.996961617453 0.000441606726396 0.997379781814 3.0
-0.10877017109 0.996691105909 0.000441606726396 0.99734777444 3.0
-0.107693714173 0.996662163567 0.000441606726396 0.997316938059 3.0
-0.106617257256 0.997350920872 0.000441606726396 0.997287172662 3.0
-0.105540800339 0.997775273794 0.000441606726396 0.997258393513 3.0
-0.104464343422 0.997900991224 0.000441606726396 0.997230527969 3.0
-0.103387886505 0.997107894387 0.000441606726396 0.997203513116 3.0
-0.102311429588 0.997259491033 0.000441606726396 0.997177293981 3.0
-0.101234972672 0.996957727219 0.000441606726396 0.997151822154 3.0
-0.100158515755 0.997449193732 0.000441606726396 0.997127054712 3.0
-0.0990820588379 0.996885357211 0.000441606726396 0.997102953357 3.0
-0.098005601921 0.997367474845 0.000441606726396 0.997079483737 3.0
-0.0969291450041 0.996714264617 0.000441606726396 0.997056614882 3.0
-0.0958526880873 0.997231542169 0.000441606726396 0.997034318744 3.0
-0.0947762311704 0.997134302722 0.000441606726396 0.997012569824 3.0
-0.0936997742536 0.996716618864 0.000441606726396 0.996991344846 3.0
-0.0926233173367 0.996336449458 0.000441606726396 0.996970622496 3.0
-0.0915468604199 0.996500302011 0.000441606726396 0.996950383194 3.0
-0.090470403503 0.997581229731 0.000441606726396 0.9969306089 3.0
-0.0893939465862 0.996085890923 0.000441606726396 0.996911282946 3.0
-0.0883174896693 0.997417163222 0.000441606726396 0.996892389899 3.0
-0.0872410327524 0.997322012798 0.000441606726396 0.99687391543 3.0
-0.0861645758356 0.996844622318 0.000441606726396 0.996855846209 3.0
-0.0850881189187 0.997234378783 0.000441606726396 0.99683816981 3.0
-0.0840116620019 0.996772685068 0.000441606726396 0.996820874628 3.0
-0.082935205085 0.997481285957 0.000441606726396 0.996803949804 3.0
-0.0818587481682 0.996741026022 0.000441606726396 0.996787385161 3.0
-0.0807822912513 0.997308300281 0.000441606726396 0.996771171146 3.0
-0.0797058343344 0.995929783271 0.000441606726396 0.996755298779 3.0
-0.0786293774176 0.997453911363 0.000441606726396 0.996739759604 3.0
-0.0775529205007 0.996370549276 0.000441606726396 0.996724545652 3.0
-0.0764764635839 0.99664784893 0.000441606726396 0.996709649399 3.0
-0.075400006667 0.997380815062 0.000441606726396 0.996695063738 3.0
-0.0743235497502 0.996617823087 0.000441606726396 0.996680781943 3.0
-0.0732470928333 0.99668630382 0.000441606726396 0.996666797645 3.0
-0.0721706359164 0.99670716025 0.000441606726396 0.996653104807 3.0
-0.0710941789996 0.995360282178 0.000441606726396 0.996639697699 3.0
-0.0700177220827 0.996349482078 0.000441606726396 0.996626570881 3.0
-0.0689412651659 0.997272087819 0.000441606726396 0.99661371918 3.0
-0.067864808249 0.996139005428 0.000441606726396 0.996601137676 3.0
-0.0667883513322 0.997392550856 0.000441606726396 0.996588821684 3.0
-0.0657118944153 0.9965284311 0.000441606726396 0.996576766742 3.0
-0.0646354374984 0.996691051587 0.000441606726396 0.996564968595 3.0
-0.0635589805816 0.996143410252 0.000441606726396 0.996553423183 3.0
-0.0624825236647 0.996425910164 0.000441606726396 0.996542126632 3.0
-0.0614060667479 0.996261849904 0.000441606726396 0.996531075241 3.0
-0.060329609831 0.996341418583 0.000441606726396 0.996520265473 3.0
-0.0592531529142 0.997243550952 0.000441606726396 0.996509693948 3.0
-0.0581766959973 0.996362507393 0.000441606726396 0.99649935743 3.0
-0.0571002390804 0.996828778745 0.000441606726396 0.996489252825 3.0
-0.0560237821636 0.99593195458 0.000441606726396 0.996479377171 3.0
-0.0549473252467 0.996892271386 0.000441606726396 0.996469727629 3.0
-0.0538708683299 0.995705857578 0.000441606726396 0.996460301482 3.0
-0.052794411413 0.996265871618 0.000441606726396 0.996451096124 3.0
-0.0517179544962 0.995802728222 0.000441606726396 0.996442109059 3.0
-0.0506414975793 0.995836432855 0.000441606726396 0.996433337893 3.0
-0.0495650406625 0.996635994692 0.000441606726396 0.99642478033 3.0
-0.0484885837456 0.996744922954 0.000441606726396 0.996416434169 3.0
-0.0474121268287 0.996900705675 0.000441606726396 0.996408297297 3.0
-0.0463356699119 0.995841563936 0.000441606726396 0.996400367689 3.0
-0.045259212995 0.996722611835 0.000441606726396 0.996392643401 3.0
-0.0441827560782 0.996923927479 0.000441606726396 0.996385122567 3.0
-0.0431062991613 0.99601095338 0.000441606726396 0.996377803398 3.0
-0.0420298422445 0.996204891032 0.000441606726396 0.996370684178 3.0
-0.0409533853276 0.996520078808 0.000441606726396 0.996363763258 3.0
-0.0398769284107 0.996350627318 0.000441606726396 0.996357039059 3.0
-0.0388004714939 0.99674480363 0.000441606726396 0.996350510067 3.0
-0.037724014577 0.996379018667 0.000441606726396 0.996344174827 3.0
-0.0366475576602 0.995738372141 0.000441606726396 0.996338031948 3.0
-0.0355711007433 0.995872701605 0.000441606726396 0.996332080094 3.0
-0.0344946438265 0.996167743239 0.000441606726396 0.996326317986 3.0
-0.0334181869096 0.996684671893 0.000441606726396 0.996320744401 3.0
-0.0323417299927 0.996493304933 0.000441606726396 0.996315358166 3.0
-0.0312652730759 0.996464757905 0.000441606726396 0.99631015816 3.0
-0.030188816159 0.995811106609 0.000441606726396 0.996305143312 3.0
-0.0291123592422 0.996371310831 0.000441606726396 0.996300312597 3.0
-0.0280359023253 0.995924683349 0.000441606726396 0.996295665037 3.0
-0.0269594454085 0.996287133817 0.000441606726396 0.996291199702 3.0
-0.0258829884916 0.996796638882 0.000441606726396 0.996286915701 3.0
-0.0248065315747 0.995558823691 0.000441606726396 0.996282812191 3.0
-0.0237300746579 0.996409292127 0.000441606726396 0.996278888367 3.0
-0.022653617741 0.996803401429 0.000441606726396 0.996275143467 3.0
-0.0215771608242 0.99589877078 0.000441606726396 0.996271576768 3.0
-0.0205007039073 0.995961218099 0.000441606726396 0.996268187585 3.0
-0.0194242469905 0.996901343929 0.000441606726396 0.996264975273 3.0
-0.0183477900736 0.99614803566 0.000441606726396 0.996261939224 3.0
-0.0172713331568 0.996268875574 0.000441606726396 0.996259078864 3.0
-0.0161948762399 0.995664835417 0.000441606726396 0.996256393659 3.0
-0.015118419323 0.996703541723 0.000441606726396 0.996253883108 3.0
-0.0140419624062 0.997551303829 0.000441606726396 0.996251546744 3.0
-0.0129655054893 0.9966279186 0.000441606726396 0.996249384137 3.0
-0.0118890485725 0.996895417966 0.000441606726396 0.996247394888 3.0
-0.0108125916556 0.996158183892 0.000441606726396 0.996245578632 3.0
-0.00973613473875 0.996612786701 0.000441606726396 0.996243935038 3.0
-0.0086596778219 0.996045058726 0.000441606726396 0.996242463806 3.0
-0.00758322090504 0.996006377279 0.000441606726396 0.996241164669 3.0
-0.00650676398818 0.996368591667 0.000441606726396 0.996240037392 3.0
-0.00543030707133 0.995016081748 0.000441606726396 0.99623908177 3.0
-0.00435385015447 0.996429782671 0.000441606726396 0.996238297632 3.0
-0.00327739323761 0.99640446538 0.000441606726396 0.996237684835 3.0
-0.00220093632076 0.996316630522 0.000441606726396 0.99623724327 3.0
-0.0011244794039 0.996569473722 0.000441606726396 0.996236972858 3.0
-4.80224870441e-05 0.996388169435 0.000441606726396 0.996236873549 3.0
0.00102843442981 0.995896137071 0.000441606726396 0.996236945326 3.0
0.00210489134667 0.996788290874 0.000441606726396 0.996237188202 3.0
0.00318134826353 0.996655974917 0.000441606726396 0.99623760222 3.0
0.00425780518038 0.996481083558 0.000441606726396 0.996238187455 3.0
0.00533426209724 0.996360890522 0.000441606726396 0.996238944012 3.0
0.0064107190141 0.996226853203 0.000441606726396 0.996239872028 3.0
0.00748717593095 0.995360452169 0.000441606726396 0.99624097167 3.0
0.00856363284781 0.997009258841 0.000441606726396 0.996242243136 3.0
0.00964008976467 0.995866678024 0.000441606726396 0.996243686657 3.0
0.0107165466815 0.996113293806 0.000441606726396 0.996245302495 3.0
0.0117930035984 0.996478296764 0.000441606726396 0.996247090944 3.0
0.0128694605152 0.996138600145 0.000441606726396 0.996249052331 3.0
0.0139459174321 0.99585630719 0.000441606726396 0.996251187016 3.0
0.0150223743489 0.995904197644 0.000441606726396 0.99625349539 3.0
0.0160988312658 0.996346868485 0.000441606726396 0.99625597788 3.0
0.0171752881827 0.996753518237 0.000441606726396 0.996258634947 3.0
0.0182517450995 0.996038630817 0.000441606726396 0.996261467085 3.0
0.0193282020164 0.995623593513 0.000441606726396 0.996264474825 3.0
0.0204046589332 0.996156039877 0.000441606726396 0.996267658732 3.0
0.0214811158501 0.997018100511 0.000441606726396 0.99627101941 3.0
0.0225575727669 0.996218729785 0.000441606726396 0.996274557498 3.0
0.0236340296838 0.99673360097 0.000441606726396 0.996278273674 3.0
0.0247104866007 0.996125534106 0.000441606726396 0.996282168655 3.0
0.0257869435175 0.99569605424 0.000441606726396 0.996286243197 3.0
0.0268634004344 0.996723385494 0.000441606726396 0.996290498096 3.0
0.0279398573512 0.996412524197 0.000441606726396 0.996294934192 3.0
0.0290163142681 0.996061216754 0.000441606726396 0.996299552366 3.0
0.0300927711849 0.996378665403 0.000441606726396 0.996304353543 3.0
0.0311692281018 0.996140430189 0.000441606726396 0.996309338693 3.0
0.0322456850187 0.995925514454 0.000441606726396 0.996314508832 3.0
0.0333221419355 0.996830137417 0.000441606726396 0.996319865024 3.0
0.0343985988524 0.996467366531 0.000441606726396 0.996325408383 3.0
0.0354750557692 0.996122151857 0.000441606726396 0.996331140072 3.0
0.0365515126861 0.996899066097 0.000441606726396 0.996337061307 3.0
0.0376279696029 0.996368945201 0.000441606726396 0.996343173358 3.0
0.0387044265198 0.996002138168 0.000441606726396 0.99634947755 3.0
0.0397808834367 0.996220496897 0.000441606726396 0.996355975267 3.0
0.0408573403535 0.996568547023 0.000441606726396 0.996362667952 3.0
0.0419337972704 0.996870675795 0.000441606726396 0.996369557111 3.0
0.0430102541872 0.996091076018 0.000441606726396 0.996376644311 3.0
0.0440867111041 0.996491040769 0.000441606726396 0.99638393119 3.0
0.0451631680209 0.996745351751 0.000441606726396 0.996391419453 3.0
0.0462396249378 0.996083644878 0.000441606726396 0.996399110877 3.0
0.0473160818547 0.99696642468 0.000441606726396 0.996407007316 3.0
0.0483925387715 0.996175065789 0.000441606726396 0.9964151107 3.0
0.0494689956884 0.995760838674 0.000441606726396 0.996423423041 3.0
0.0505454526052 0.996260577153 0.000441606726396 0.996431946439 3.0
0.0516219095221 0.996115939756 0.000441606726396 0.996440683079 3.0
0.0526983664389 0.996338397598 0.000441606726396 0.996449635242 3.0
0.0537748233558 0.996797772315 0.000441606726396 0.996458805307 3.0
0.0548512802726 0.996358792977 0.000441606726396 0.996468195751 3.0
0.0559277371895 0.996198854562 0.000441606726396 0.996477809164 3.0
0.0570041941064 0.996736642353 0.000441606726396 0.996487648244 3.0
0.0580806510232 0.996556377754 0.000441606726396 0.996497715809 3.0
0.0591571079401 0.996348473811 0.000441606726396 0.996508014801 3.0
0.0602335648569 0.996184326699 0.000441606726396 0.996518548295 3.0
0.0613100217738 0.996119882424 0.000441606726396 0.9965293195 3.0
0.0623864786906 0.996340838671 0.000441606726396 0.996540331774 3.0
0.0634629356075 0.99697050441 0.000441606726396 0.996551588629 3.0
0.0645393925244 0.996916614827 0.000441606726396 0.996563093737 3.0
0.0656158494412 0.996507742294 0.000441606726396 0.996574850944 3.0
0.0666923063581 0.996843868578 0.000441606726396 0.996586864281 3.0
0.0677687632749 0.995646127436 0.000441606726396 0.996599137968 3.0
0.0688452201918 0.997002889872 0.000441606726396 0.996611676435 3.0
0.0699216771086 0.996081746719 0.000441606726396 0.99662448433 3.0
0.0709981340255 0.996192695049 0.000441606726396 0.996637566534 3.0
0.0720745909424 0.995872365987 0.000441606726396 0.996650928177 3.0
0.0731510478592 0.997070543439 0.000441606726396 0.996664574656 3.0
0.0742275047761 0.996098517638 0.000441606726396 0.996678511653 3.0
0.0753039616929 0.996467605425 0.000441606726396 0.996692745153 3.0
0.0763804186098 0.996006941045 0.000441606726396 0.996707281472 3.0
0.0774568755266 0.996498583867 0.000441606726396 0.996722127274 3.0
0.0785333324435 0.996996957905 0.000441606726396 0.996737289605 3.0
0.0796097893604 0.997293192745 0.000441606726396 0.996752775919 3.0
0.0806862462772 0.997009068418 0.000441606726396 0.996768594111 3.0
0.0817627031941 0.997074510002 0.000441606726396 0.996784752555 3.0
0.0828391601109 0.996865760063 0.000441606726396 0.996801260145 3.0
0.0839156170278 0.997043072557 0.000441606726396 0.996818126338 3.0
0.0849920739446 0.99697206975 0.000441606726396 0.996835361207 3.0
0.0860685308615 0.996632320896 0.000441606726396 0.996852975497 3.0
0.0871449877783 0.99747660741 0.000441606726396 0.996870980688 3.0
0.0882214446952 0.996668798578 0.000441606726396 0.99688938907 3.0
0.0892979016121 0.996845086982 0.000441606726396 0.996908213819 3.0
0.0903743585289 0.997316067715 0.000441606726396 0.996927469097 3.0
0.0914508154458 0.996969626686 0.000441606726396 0.996947170152 3.0
0.0925272723626 0.997741029682 0.000441606726396 0.996967333445 3.0
0.0936037292795 0.997784874422 0.000441606726396 0.996987976782 3.0
0.0946801861963 0.997024208885 0.000441606726396 0.997009119485 3.0
0.0957566431132 0.996590890129 0.000441606726396 0.997030782576 3.0
0.0968331000301 0.99682190856 0.000441606726396 0.997052988994 3.0
0.0979095569469 0.996735270746 0.000441606726396 0.997075763865 3.0
0.0989860138638 0.997278622525 0.000441606726396 0.9970991348 3.0
0.100062470781 0.997043857289 0.000441606726396 0.99712313227 3.0
0.101138927697 0.997130913499 0.000441606726396 0.99714779005 3.0
0.102215384614 0.996795303974 0.000441606726396 0.997173145759 3.0
0.103291841531 0.997439998816 0.000441606726396 0.997199241523 3.0
0.104368298448 0.997390552528 0.000441606726396 0.997226124803 3.0
0.105444755365 0.997263737663 0.000441606726396 0.997253849432 3.0
0.106521212282 0.996832649489 0.000441606726396 0.997282476937 3.0
0.107597669199 0.998415219437 0.000441606726396 0.997312078255 3.0
0.108674126115 0.997698701365 0.000441606726396 0.997342735984 3.0
0.109750583032 0.997535891274 0.000441606726396 0.997374547418 3.0
0.110827039949 0.997221920908 0.000441606726396 0.997407628711 3.0
0.111903496866 0.997700229797 0.000441606726396 0.997442120779 3.0
0.112979953783 0.997006761949 0.000441606726396 0.997478197968 3.0
0.1140564107 0.997898749987 0.000441606726396 0.99751608144 3.0
0.115132867617 0.997658457367 0.000441606726396 0.997556061445 3.0
0.116209324533 0.997010614796 0.000441606726396 0.997598538723 3.0
0.11728578145 0.998232862436 0.000441606726396 0.997644115961 3.0
0.118362238367 0.997732129072 0.000441606726396 0.997693862313 3.0
0.119438695284 0.997401694951 0.000441606726396 0.997762174453 2.0
0.120515152201 0.998074418968 0.000441606726396 0.997891316775 2.0
0.121591609118 0.998751490292 0.000441606726396 0.99805016861 2.0
0.122668066035 0.998398001832 0.000441606726396 0.998226449204 2.0
0.123744522951 0.998112496249 0.000441606726396 0.998413191958 2.0
0.124820979868 0.998082248839 0.000441606726396 0.998605328751 2.0
0.125897436785 0.999026554371 0.000441606726396 0.998798718198 2.0
0.126973893702 0.999391427361 0.000441606726396 0.998989721402 2.0
0.128050350619 0.998760325345 0.000441606726396 0.99917496061 2.0
0.129126807536 0.998906850884 0.000441606726396 0.999351141394 2.0
0.130203264453 0.999630261384 0.000441606726396 0.999514877728 2.0
0.131279721369 0.999906294405 0.000441606726396 0.999662460376 2.0
0.132356178286 0.999615788793 0.000441606726396 0.999789449848 2.0
0.133432635203 0.999503790353 0.000441606726396 0.999889700693 2.0
0.13450909212 1.00010241014 0.000441606726396 0.999951220737 2.0
0.135585549037 0.999920030317 0.000441606726396 0.999955292593 0.0
0.136662005954 1.00070329285 0.000441606726396 0.999955292593 0.0
0.137738462871 1.00080598135 0.000441606726396 0.999955292593 0.0
0.138814919787 1.00089747178 0.000441606726396 0.999955292593 0.0
0.139891376704 0.999952339392 0.000441606726396 0.999955292593 0.0
0.140967833621 1.00044037332 0.000441606726396 0.999955292593 0.0
0.142044290538 1.0000518364 0.000441606726396 0.999955292593 0.0
0.143120747455 1.00090059313 0.000441606726396 0.999955292593 0.0
0.144197204372 1.00048141376 0.000441606726396 0.999955292593 0.0
0.145273661289 0.998773286145 0.000441606726396 0.999955292593 0.0
0.146350118205 0.999978080087 0.000441606726396 0.999955292593 0.0
0.147426575122 1.00008950448 0.000441606726396 0.999955292593 0.0
0.148503032039 0.999486119383 0.000441606726396 0.999955292593 0.0
0.149579488956 0.999618012198 0.000441606726396 0.999955292593 0.0
0.150655945873 1.00010270101 0.000441606726396 0.999955292593 0.0
0.15173240279 0.99974535625 0.000441606726396 0.999955292593 0.0
0.152808859707 0.999442533085 0.000441606726396 0.999955292593 0.0
0.153885316623 1.00039834178 0.000441606726396 0.999955292593 0.0
0.15496177354 1.00051400767 0.000441606726396 0.999955292593 0.0
0.156038230457 0.999805903628 0.000441606726396 0.999955292593 0.0
0.157114687374 0.999867171223 0.000441606726396 0.999955292593 0.0
0.158191144291 0.999490593525 0.000441606726396 0.999955292593 0.0
0.159267601208 0.999367117931 0.000441606726396 0.999955292593 0.0
0.160344058125 0.999695966373 0.000441606726396 0.999955292593 0.0
0.161420515041 0.99942894293 0.000441606726396 0.999955292593 0.0
