-0.0719956770859 0.999421465508 0.000299707280406 1.00000126643 0.0
-0.0715139206027 0.999942246106 0.000299707280406 1.00000126643 0.0
-0.0710321641195 1.00015931604 0.000299707280406 1.00000126643 0.0
-0.0705504076364 1.00026075152 0.000299707280406 1.00000126643 0.0
-0.0700686511532 1.00010997315 0.000299707280406 1.00000126643 0.0
-0.06958689467 1.00036404416 0.000299707280406 1.00000126643 0.0
-0.0691051381869 0.999939323104 0.000299707280406 1.00000126643 0.0
-0.0686233817037 1.00030786268 0.000299707280406 1.00000126643 0.0
-0.0681416252205 1.0001004262 0.000299707280406 1.00000126643 0.0
-0.0676598687374 0.999756700332 0.000299707280406 1.00000126643 0.0
-0.0671781122542 0.999759718463 0.000299707280406 1.00000126643 0.0
-0.066696355771 0.999937925873 0.000299707280406 1.00000126643 0.0
-0.0662145992879 0.999669272055 0.000299707280406 1.00000126643 0.0
-0.0657328428047 1.00038546604 0.000299707280406 1.00000126643 0.0
-0.0652510863215 1.00020060361 0.000299707280406 1.00000126643 0.0
-0.0647693298384 0.99983085426 0.000299707280406 1.00000126643 0.0
-0.0642875733552 1.00008109266 0.000299707280406 1.00000126643 0.0
-0.063805816872 0.999705291065 0.000299707280406 1.00000126643 0.0
-0.0633240603889 0.999929839608 0.000299707280406 1.00000126643 0.0
-0.0628423039057 0.999991306812 0.000299707280406 1.00000126643 0.0
-0.0623605474226 0.999593758571 0.000299707280406 1.00000126643 0.0
-0.0618787909394 1.00008104534 0.000299707280406 1.00000126643 0.0
-0.0613970344562 1.00023483659 0.000299707280406 1.00000126643 0.0
-0.0609152779731 0.999889286602 0.000299707280406 1.00000126643 0.0
-0.0604335214899 0.999803542457 0.000299707280406 1.00000126643 0.0
-0.0599517650067 0.999557768535 0.000299707280406 1.00000126643 1.0
-0.0594700085236 1.00005837086 0.000299707280406 0.99994307103 1.0
-0.0589882520404 0.999942417299 0.000299707280406 0.999834005234 1.0
-0.0585064955572 0.999888691956 0.000299707280406 0.999694117585 1.0
-0.0580247390741 0.999924454784 0.000299707280406 0.999532161358 1.0
-0.0575429825909 0.999198815952 0.000299707280406 0.999354459847 1.0
-0.0570612261077 0.998984849748 0.000299707280406 0.999166466626 1.0
-0.0565794696246 0.999041551741 0.000299707280406 0.998973433089 1.0
-0.0560977131414 0.998578339384 0.000299707280406 0.998780872007 1.0
-0.0556159566582 0.998821384896 0.000299707280406 0.998595083887 1.0
-0.0551342001751 0.998123524387 0.000299707280406 0.998424106066 1.0
-0.0546524436919 0.997640072309 0.000299707280406 0.998280428288 1.0
-0.0541706872087 0.998106379478 0.000299707280406 0.998199335277 3.0
-0.0536889307256 0.998259446981 0.000299707280406 0.99815795304 3.0
-0.0532071742424 0.998067210242 0.000299707280406 0.998120593506 3.0
-0.0527254177592 0.998836588322 0.000299707280406 0.998086032333 3.0
-0.0522436612761 0.998193605917 0.000299707280406 0.998053651806 3.0
-0.0517619047929 0.997692930025 0.000299707280406 0.998023060819 3.0
-0.0512801483097 0.998261096662 0.000299707280406 0.997993985017 3.0
-0.0507983918266 0.997742331203 0.000299707280406 0.997966220694 3.0
-0.0503166353434 0.99870787747 0.000299707280406 0.997939610783 3.0
-0.0498348788602 0.998100732625 0.000299707280406 0.997914030713 3.0
-0.0493531223771 0.997818932977 0.000299707280406 0.997889379451 3.0
-0.0488713658939 0.997553326677 0.000299707280406 0.997865573525 3.0
-0.0483896094107 0.997914448473 0.000299707280406 0.997842542909 3.0
-0.0479078529276 0.997894878843 0.000299707280406 0.997820228079 3.0
-0.0474260964444 0.997825301573 0.000299707280406 0.997798577873 3.0
-0.0469443399612 0.998068493756 0.000299707280406 0.997777547887 3.0
-0.0464625834781 0.997764441816 0.000299707280406 0.997757099256 3.0
-0.0459808269949 0.997832635776 0.000299707280406 0.997737197709 3.0
-0.0454990705117 0.997953946099 0.000299707280406 0.997717812829 3.0
-0.0450173140286 0.997013458725 0.000299707280406 0.997698917459 3.0
-0.0445355575454 0.998219736065 0.000299707280406 0.997680487222 3.0
-0.0440538010622 0.997674910054 0.000299707280406 0.997662500136 3.0
-0.0435720445791 0.997756273805 0.000299707280406 0.997644936292 3.0
-0.0430902880959 0.998119314834 0.000299707280406 0.997627777584 3.0
-0.0426085316127 0.997669412472 0.000299707280406 0.997611007488 3.0
-0.0421267751296 0.997474736297 0.000299707280406 0.997594610874 3.0
-0.0416450186464 0.997665602917 0.000299707280406 0.997578573845 3.0
-0.0411632621632 0.997690331299 0.000299707280406 0.997562883598 3.0
-0.0406815056801 0.997083668444 0.000299707280406 0.99754752831 3.0
-0.0401997491969 0.996879777253 0.000299707280406 0.997532497034 3.0
-0.0397179927137 0.997153420213 0.000299707280406 0.997517779611 3.0
-0.0392362362306 0.997340546763 0.000299707280406 0.997503366591 3.0
-0.0387544797474 0.997657247259 0.000299707280406 0.997489249171 3.0
-0.0382727232642 0.997444889046 0.000299707280406 0.997475419128 3.0
-0.0377909667811 0.997661020073 0.000299707280406 0.997461868773 3.0
-0.0373092102979 0.997560005781 0.000299707280406 0.997448590901 3.0
-0.0368274538147 0.996850614894 0.000299707280406 0.997435578751 3.0
-0.0363456973316 0.997283478639 0.000299707280406 0.997422825969 3.0
-0.0358639408484 0.997328303592 0.000299707280406 0.997410326573 3.0
-0.0353821843652 0.99760797503 0.000299707280406 0.997398074928 3.0
-0.0349004278821 0.997571987461 0.000299707280406 0.997386065716 3.0
-0.0344186713989 0.997072459017 0.000299707280406 0.997374293912 3.0
-0.0339369149157 0.997628179383 0.000299707280406 0.997362754765 3.0
-0.0334551584326 0.997382409892 0.000299707280406 0.997351443773 3.0
-0.0329734019494 0.997971673165 0.000299707280406 0.997340356674 3.0
-0.0324916454662 0.997568377416 0.000299707280406 0.997329489422 3.0
-0.0320098889831 0.997423615536 0.000299707280406 0.997318838173 3.0
-0.0315281324999 0.997337657656 0.000299707280406 0.997308399278 3.0
-0.0310463760167 0.997477249211 0.000299707280406 0.997298169263 3.0
-0.0305646195336 0.997381337536 0.000299707280406 0.997288144822 3.0
-0.0300828630504 0.997690608679 0.000299707280406 0.997278322806 3.0
-0.0296011065673 0.997576034795 0.000299707280406 0.997268700212 3.0
-0.0291193500841 0.997438276742 0.000299707280406 0.997259274177 3.0
-0.0286375936009 0.997030071983 0.000299707280406 0.997250041967 3.0
-0.0281558371178 0.997401892881 0.000299707280406 0.99724100097 3.0
-0.0276740806346 0.997061761193 0.000299707280406 0.997232148694 3.0
-0.0271923241514 0.99736942259 0.000299707280406 0.997223482752 3.0
-0.0267105676683 0.9972391034 0.000299707280406 0.997215000862 3.0
-0.0262288111851 0.997142913421 0.000299707280406 0.997206700842 3.0
-0.0257470547019 0.997476238786 0.000299707280406 0.997198580601 3.0
-0.0252652982188 0.997298793445 0.000299707280406 0.997190638137 3.0
-0.0247835417356 0.997000812923 0.000299707280406 0.997182871533 3.0
-0.0243017852524 0.997323271313 0.000299707280406 0.99717527895 3.0
-0.0238200287693 0.996979489295 0.000299707280406 0.997167858626 3.0
-0.0233382722861 0.996789445905 0.000299707280406 0.997160608872 3.0
-0.0228565158029 0.996452232095 0.000299707280406 0.997153528067 3.0
-0.0223747593198 0.996897408049 0.000299707280406 0.997146614655 3.0
-0.0218930028366 0.997013139606 0.000299707280406 0.997139867146 3.0
-0.0214112463534 0.997706964646 0.000299707280406 0.997133284108 3.0
-0.0209294898703 0.997120618878 0.000299707280406 0.997126864166 3.0
-0.0204477333871 0.997097164046 0.000299707280406 0.997120606003 3.0
-0.0199659769039 0.997108547593 0.000299707280406 0.997114508353 3.0
-0.0194842204208 0.997181364653 0.000299707280406 0.99710857 3.0
-0.0190024639376 0.997179886688 0.000299707280406 0.99710278978 3.0
-0.0185207074544 0.996634090103 0.000299707280406 0.997097166573 3.0
-0.0180389509713 0.996998845241 0.000299707280406 0.997091699305 3.0
-0.0175571944881 0.997203337018 0.000299707280406 0.997086386947 3.0
-0.0170754380049 0.996684054163 0.000299707280406 0.99708122851 3.0
-0.0165936815218 0.997042596662 0.000299707280406 0.997076223046 3.0
-0.0161119250386 0.996575459399 0.000299707280406 0.997071369646 3.0
-0.0156301685554 0.997505792917 0.000299707280406 0.997066667441 3.0
-0.0151484120723 0.997057014763 0.000299707280406 0.997062115595 3.0
-0.0146666555891 0.996831107598 0.000299707280406 0.997057713309 3.0
-0.0141848991059 0.996760847941 0.000299707280406 0.99705345982 3.0
-0.0137031426228 0.997141152073 0.000299707280406 0.997049354394 3.0
-0.0132213861396 0.997341456049 0.000299707280406 0.997045396334 3.0
-0.0127396296564 0.996821702646 0.000299707280406 0.997041584972 3.0
-0.0122578731733 0.997044992433 0.000299707280406 0.997037919669 3.0
-0.0117761166901 0.996910171885 0.000299707280406 0.99703439982 3.0
-0.0112943602069 0.997372088681 0.000299707280406 0.997031024844 3.0
-0.0108126037238 0.997491814197 0.000299707280406 0.997027794191 3.0
-0.0103308472406 0.996852822417 0.000299707280406 0.997024707338 3.0
-0.00984909075744 0.996852629673 0.000299707280406 0.99702176379 3.0
-0.00936733427427 0.997131687521 0.000299707280406 0.997018963075 3.0
-0.00888557779111 0.996525733147 0.000299707280406 0.99701630475 3.0
-0.00840382130794 0.997385593193 0.000299707280406 0.997013788396 3.0
-0.00792206482477 0.996848725131 0.000299707280406 0.997011413618 3.0
-0.00744030834161 0.996610143966 0.000299707280406 0.997009180046 3.0
-0.00695855185844 0.997027162549 0.000299707280406 0.997007087334 3.0
-0.00647679537528 0.997552131196 0.000299707280406 0.997005135159 3.0
-0.00599503889211 0.997159032127 0.000299707280406 0.997003323221 3.0
-0.00551328240894 0.996681632162 0.000299707280406 0.997001651243 3.0
-0.00503152592578 0.99677111569 0.000299707280406 0.99700011897 3.0
-0.00454976944261 0.996607176921 0.000299707280406 0.996998726168 3.0
-0.00406801295944 0.997088012378 0.000299707280406 0.996997472628 3.0
-0.00358625647628 0.997184002144 0.000299707280406 0.99699635816 3.0
-0.00310449999311 0.997052798345 0.000299707280406 0.996995382597 3.0
-0.00262274350995 0.997389663998 0.000299707280406 0.996994537394 3.0
-0.00214098702678 0.99747408823 0.000299707280406 0.99699383922 3.0
-0.00165923054361 0.997095476259 0.000299707280406 0.996993279573 3.0
-0.00117747406045 0.997128432253 0.000299707280406 0.99699285837 3.0
-0.000695717577281 0.996958610075 0.000299707280406 0.996992575547 3.0
-0.000213961094115 0.996681208437 0.000299707280406 0.996992431062 3.0
0.000267795389051 0.997312606095 0.000299707280406 0.99699242505 3.0
0.000749551872218 0.997043271625 0.000299707280406 0.99699255754 3.0
0.00123130835538 0.996436355398 0.000299707280406 0.996992828366 3.0
0.00171306483855 0.997515148073 0.000299707280406 0.996993237567 3.0
0.00219482132172 0.996983133878 0.000299707280406 0.996993785205 3.0
0.00267657780488 0.996637032017 0.000299707280406 0.996994471363 3.0
0.00315833428805 0.997077578322 0.000299707280406 0.996995304539 3.0
0.00364009077121 0.997087442998 0.000299707280406 0.996996268065 3.0
0.00412184725438 0.997268548547 0.000299707280406 0.996997370481 3.0
0.00460360373755 0.997186440779 0.000299707280406 0.996998611954 3.0
0.00508536022071 0.996310460666 0.000299707280406 0.996999992671 3.0
0.00556711670388 0.997409874461 0.000299707280406 0.997001512841 3.0
0.00604887318705 0.997394664459 0.000299707280406 0.997003172695 3.0
0.00653062967021 0.997025162363 0.000299707280406 0.997004972485 3.0
0.00701238615338 0.997125608777 0.000299707280406 0.997006912488 3.0
0.00749414263654 0.997271856253 0.000299707280406 0.997008993001 3.0
0.00797589911971 0.997179984546 0.000299707280406 0.997011214344 3.0
0.00845765560288 0.997339558731 0.000299707280406 0.997013576863 3.0
0.00893941208604 0.997322923006 0.000299707280406 0.997016080925 3.0
0.00942116856921 0.996534387337 0.000299707280406 0.997018726922 3.0
0.00990292505237 0.997149505508 0.000299707280406 0.997021515272 3.0
0.0103846815355 0.997185295998 0.000299707280406 0.997024446416 3.0
0.0108664380187 0.9961961571 0.000299707280406 0.997027520823 3.0
0.0113481945019 0.997139165004 0.000299707280406 0.997030738985 3.0
0.011829950985 0.996787909377 0.000299707280406 0.997034101425 3.0
0.0123117074682 0.996795209693 0.000299707280406 0.997037608689 3.0
0.0127934639514 0.996877182565 0.000299707280406 0.997041261355 3.0
0.0132752204345 0.997035352237 0.000299707280406 0.997045060027 3.0
0.0137569769177 0.997177366952 0.000299707280406 0.997049005339 3.0
0.0142387334009 0.997409239855 0.000299707280406 0.997053097958 3.0
0.014720489884 0.996812766469 0.000299707280406 0.99705733858 3.0
0.0152022463672 0.997205029728 0.000299707280406 0.997061727933 3.0
0.0156840028504 0.997199375654 0.000299707280406 0.997066266778 3.0
0.0161657593335 0.996932136016 0.000299707280406 0.997070955913 3.0
0.0166475158167 0.996779232477 0.000299707280406 0.997075796167 3.0
0.0171292722999 0.997400555983 0.000299707280406 0.997080788409 3.0
0.017611028783 0.996738600362 0.000299707280406 0.997085933544 3.0
0.0180927852662 0.997143307398 0.000299707280406 0.997091232516 3.0
0.0185745417494 0.997044130867 0.000299707280406 0.997096686311 3.0
0.0190562982325 0.997048156924 0.000299707280406 0.997102295953 3.0
0.0195380547157 0.996607246851 0.000299707280406 0.997108062514 3.0
0.0200198111989 0.996985597829 0.000299707280406 0.997113987109 3.0
0.020501567682 0.99701737093 0.000299707280406 0.997120070898 3.0
0.0209833241652 0.997184136888 0.000299707280406 0.997126315092 3.0
0.0214650806484 0.996881296131 0.000299707280406 0.997132720954 3.0
0.0219468371315 0.996861225988 0.000299707280406 0.997139289795 3.0
0.0224285936147 0.996804005737 0.000299707280406 0.997146022986 3.0
0.0229103500979 0.997244816734 0.000299707280406 0.997152921953 3.0
0.023392106581 0.996664468897 0.000299707280406 0.997159988182 3.0
0.0238738630642 0.99730863057 0.000299707280406 0.997167223222 3.0
0.0243556195474 0.997555514872 0.000299707280406 0.997174628689 3.0
0.0248373760305 0.997046069717 0.000299707280406 0.997182206266 3.0
0.0253191325137 0.997694851444 0.000299707280406 0.997189957708 3.0
0.0258008889969 0.997338375124 0.000299707280406 0.997197884846 3.0
0.02628264548 0.997476579228 0.000299707280406 0.997205989593 3.0
0.0267644019632 0.997832681974 0.000299707280406 0.997214273942 3.0
0.0272461584464 0.996961501848 0.000299707280406 0.997222739975 3.0
0.0277279149295 0.997791399009 0.000299707280406 0.997231389868 3.0
0.0282096714127 0.997028007649 0.000299707280406 0.997240225894 3.0
0.0286914278959 0.997211663097 0.000299707280406 0.997249250428 3.0
0.029173184379 0.997223492806 0.000299707280406 0.997258465955 3.0
0.0296549408622 0.997342277623 0.000299707280406 0.997267875076 3.0
0.0301366973454 0.997436899152 0.000299707280406 0.997277480513 3.0
0.0306184538285 0.997040924753 0.000299707280406 0.997287285119 3.0
0.0311002103117 0.997282662214 0.000299707280406 0.997297291884 3.0
0.0315819667949 0.996989654682 0.000299707280406 0.997307503944 3.0
0.032063723278 0.997002654764 0.000299707280406 0.997317924591 3.0
0.0325454797612 0.997877634665 0.000299707280406 0.997328557283 3.0
0.0330272362444 0.997658231637 0.000299707280406 0.997339405655 3.0
0.0335089927275 0.99740453983 0.000299707280406 0.997350473533 3.0
0.0339907492107 0.997073945792 0.000299707280406 0.997361764943 3.0
0.0344725056938 0.997265158552 0.000299707280406 0.997373284131 3.0
0.034954262177 0.99719353292 0.000299707280406 0.997385035575 3.0
0.0354360186602 0.997096930677 0.000299707280406 0.997397024005 3.0
0.0359177751433 0.997329539414 0.000299707280406 0.997409254421 3.0
0.0363995316265 0.997507937846 0.000299707280406 0.997421732114 3.0
0.0368812881097 0.997496232298 0.000299707280406 0.997434462692 3.0
0.0373630445928 0.997922041864 0.000299707280406 0.997447452105 3.0
0.037844801076 0.997923024652 0.000299707280406 0.997460706672 3.0
0.0383265575592 0.997449611462 0.000299707280406 0.99747423312 3.0
0.0388083140423 0.997253783496 0.000299707280406 0.997488038612 3.0
0.0392900705255 0.997313646787 0.000299707280406 0.997502130794 3.0
0.0397718270087 0.997979334942 0.000299707280406 0.99751651784 3.0
0.0402535834918 0.997830100977 0.000299707280406 0.997531208502 3.0
0.040735339975 0.997267575317 0.000299707280406 0.997546212171 3.0
0.0412170964582 0.997616363202 0.000299707280406 0.99756153894 3.0
0.0416988529413 0.997547222358 0.000299707280406 0.997577199685 3.0
0.0421806094245 0.997009098107 0.000299707280406 0.997593206151 3.0
0.0426623659077 0.99771245349 0.000299707280406 0.997609571049 3.0
0.0431441223908 0.997333087282 0.000299707280406 0.997626308177 3.0
0.043625878874 0.997461495536 0.000299707280406 0.997643432553 3.0
0.0441076353572 0.997393263788 0.000299707280406 0.997660960573 3.0
0.0445893918403 0.99807506448 0.000299707280406 0.997678910195 3.0
0.0450711483235 0.997026610571 0.000299707280406 0.997697301165 3.0
0.0455529048067 0.997764968426 0.000299707280406 0.997716155273 3.0
0.0460346612898 0.997862188925 0.000299707280406 0.997735496671 3.0
0.046516417773 0.997089983467 0.000299707280406 0.99775535226 3.0
0.0469981742562 0.99787140431 0.000299707280406 0.997775752153 3.0
0.0474799307393 0.998052036096 0.000299707280406 0.997796730259 3.0
0.0479616872225 0.997634338373 0.000299707280406 0.99781832501 3.0
0.0484434437057 0.997347530788 0.000299707280406 0.997840580286 3.0
0.0489252001888 0.997502494678 0.000299707280406 0.997863546608 3.0
0.049406956672 0.997685751194 0.000299707280406 0.997887282697 3.0
0.0498887131552 0.997981622182 0.000299707280406 0.997911857566 3.0
0.0503704696383 0.998420176553 0.000299707280406 0.997937353378 3.0
0.0508522261215 0.997745219544 0.000299707280406 0.997963869441 3.0
0.0513339826047 0.997996160303 0.000299707280406 0.997991527982 3.0
0.0518157390878 0.998457485519 0.000299707280406 0.998020482787 3.0
0.052297495571 0.997913367598 0.000299707280406 0.998050932756 3.0
0.0527792520542 0.998501851434 0.000299707280406 0.998083144755 3.0
0.0532610085373 0.998095124509 0.000299707280406 0.998117496876 3.0
0.0537427650205 0.998059576709 0.000299707280406 0.998154579116 3.0
0.0542245215037 0.998429233894 0.000299707280406 0.99819552761 3.0
0.0547062779868 0.998381146009 0.000299707280406 0.998269963084 2.0
0.05518803447 0.997793179695 0.000299707280406 0.998410326045 2.0
0.0556697909532 0.99849517072 0.000299707280406 0.998579535154 2.0
0.0561515474363 0.999159419142 0.000299707280406 0.998764393398 2.0
0.0566333039195 0.999166253292 0.000299707280406 0.998956632996 2.0
0.0571150604027 0.998647312816 0.000299707280406 0.999149851012 2.0
0.0575968168858 0.999503909131 0.000299707280406 0.999338489969 2.0
0.058078573369 0.999474876711 0.000299707280406 0.999517293465 2.0
0.0585603298522 0.999833482404 0.000299707280406 0.999680846571 2.0
0.0590420863353 1.00023762051 0.000299707280406 0.999822941192 2.0
0.0595238428185 0.999683938919 0.000299707280406 0.999935157159 2.0
0.0600055993017 1.00041047603 0.000299707280406 1.00000014556 0.0
0.0604873557848 1.00014480719 0.000299707280406 1.00000126643 0.0
0.060969112268 0.999681215416 0.000299707280406 1.00000126643 0.0
0.0614508687512 1.00001630386 0.000299707280406 1.00000126643 0.0
0.0619326252343 0.999607605511 0.000299707280406 1.00000126643 0.0
0.0624143817175 0.999692556053 0.000299707280406 1.00000126643 0.0
0.0628961382007 0.999991645795 0.000299707280406 1.00000126643 0.0
0.0633778946838 1.00014567046 0.000299707280406 1.00000126643 0.0
0.063859651167 1.00027562889 0.000299707280406 1.00000126643 0.0
0.0643414076502 0.999808193036 0.000299707280406 1.00000126643 0.0
0.0648231641333 1.00041573085 0.000299707280406 1.00000126643 0.0
0.0653049206165 0.999661127628 0.000299707280406 1.00000126643 0.0
0.0657866770997 0.999207065179 0.000299707280406 1.00000126643 0.0
0.0662684335828 0.999631814053 0.000299707280406 1.00000126643 0.0
0.066750190066 1.00009781114 0.000299707280406 1.00000126643 0.0
0.0672319465491 0.999754292392 0.000299707280406 1.00000126643 0.0
0.0677137030323 1.00030903182 0.000299707280406 1.00000126643 0.0
0.0681954595155 1.00013616535 0.000299707280406 1.00000126643 0.0
0.0686772159986 1.00000386698 0.000299707280406 1.00000126643 0.0
0.0691589724818 1.00023565889 0.000299707280406 1.00000126643 0.0
0.069640728965 1.00057179501 0.000299707280406 1.00000126643 0.0
0.0701224854481 0.999867573368 0.000299707280406 1.00000126643 0.0
0.0706042419313 1.00044809341 0.000299707280406 1.00000126643 0.0
0.0710859984145 0.999987629599 0.000299707280406 1.00000126643 0.0
0.0715677548976 1.00010240727 0.000299707280406 1.00000126643 0.0
0.0720495113808 1.00043638387 0.000299707280406 1.00000126643 0.0
