-0.162280355416 0.999933352367 0.000459414498149 0.999993943821 0.0
-0.161195371473 0.999963995409 0.000459414498149 0.999993943821 0.0
-0.16011038753 0.999898425235 0.000459414498149 0.999993943821 0.0
-0.159025403586 0.999964907823 0.000459414498149 0.999993943821 0.0
-0.157940419643 1.00052375478 0.000459414498149 0.999993943821 0.0
-0.1568554357 1.00010228411 0.000459414498149 0.999993943821 0.0
-0.155770451756 0.999918024889 0.000459414498149 0.999993943821 0.0
-0.154685467813 0.999566127709 0.000459414498149 0.999993943821 0.0
-0.15360048387 1.00078645746 0.000459414498149 0.999993943821 0.0
-0.152515499926 0.998795284096 0.000459414498149 0.999993943821 0.0
-0.151430515983 1.00005455073 0.000459414498149 0.999993943821 0.0
-0.15034553204 0.999705749062 0.000459414498149 0.999993943821 0.0
-0.149260548096 0.999541327969 0.000459414498149 0.999993943821 0.0
-0.148175564153 0.999963156178 0.000459414498149 0.999993943821 0.0
-0.14709058021 1.00007374261 0.000459414498149 0.999993943821 0.0
-0.146005596266 1.00044299038 0.000459414498149 0.999993943821 0.0
-0.144920612323 0.99898596999 0.000459414498149 0.999993943821 0.0
-0.14383562838 0.999860273846 0.000459414498149 0.999993943821 0.0
-0.142750644436 0.999210969364 0.000459414498149 0.999993943821 0.0
-0.141665660493 1.00073434268 0.000459414498149 0.999993943821 0.0
-0.140580676549 0.999831624768 0.000459414498149 0.999993943821 0.0
-0.139495692606 0.99951893048 0.000459414498149 0.999993943821 0.0
-0.138410708663 1.00049631432 0.000459414498149 0.999993943821 0.0
-0.137325724719 0.999853274418 0.000459414498149 0.999993943821 0.0
-0.136240740776 1.00085940844 0.000459414498149 0.999993943821 0.0
-0.135155756833 0.999514010808 0.000459414498149 0.999965385724 1.0
-0.134070772889 0.999265323798 0.000459414498149 0.999836067483 1.0
-0.132985788946 0.99961639304 0.000459414498149 0.999645433805 1.0
-0.131900805003 0.998965417288 0.000459414498149 0.999407219437 1.0
-0.130815821059 0.999009571376 0.000459414498149 0.999128869815 1.0
-0.129730837116 0.998993339498 0.000459414498149 0.998815538323 1.0
-0.128645853173 0.998763135927 0.000459414498149 0.998471233977 1.0
-0.127560869229 0.9977458223 0.000459414498149 0.998099305874 1.0
-0.126475885286 0.997091263089 0.000459414498149 0.997702691623 1.0
-0.125390901343 0.997390398308 0.000459414498149 0.997284061948 1.0
-0.124305917399 0.996965575327 0.000459414498149 0.996845913287 1.0
-0.123220933456 0.996489018773 0.000459414498149 0.99639063205 1.0
-0.122135949512 0.996315788215 0.000459414498149 0.995920542685 1.0
-0.121050965569 0.995993614463 0.000459414498149 0.995437946406 1.0
-0.119965981626 0.994887368399 0.000459414498149 0.994945154893 1.0
-0.118880997682 0.993348469151 0.000459414498149 0.994444522016 1.0
-0.117796013739 0.994682803737 0.000459414498149 0.993938476101 1.0
-0.116711029796 0.993917282187 0.000459414498149 0.993429555272 1.0
-0.115626045852 0.992525874778 0.000459414498149 0.992920448864 1.0
-0.114541061909 0.992431750471 0.000459414498149 0.992414049043 1.0
-0.113456077966 0.991252923014 0.000459414498149 0.991913518995 1.0
-0.112371094022 0.990898864112 0.000459414498149 0.991422388326 1.0
-0.111286110079 0.991093084905 0.000459414498149 0.990944695076 1.0
-0.110201126136 0.990541514294 0.000459414498149 0.9904852131 1.0
-0.109116142192 0.990772408348 0.000459414498149 0.9900498521 1.0
-0.108031158249 0.989178495383 0.000459414498149 0.989646462734 1.0
-0.106946174306 0.989754370278 0.000459414498149 0.989286861932 1.0
-0.105861190362 0.98904258983 0.000459414498149 0.988995465639 1.0
-0.104776206419 0.988319462981 0.000459414498149 0.98881788851 3.0
-0.103691222476 0.989314116265 0.000459414498149 0.988660732268 3.0
-0.102606238532 0.988049687166 0.000459414498149 0.988513010126 3.0
-0.101521254589 0.988496272611 0.000459414498149 0.988372880917 3.0
-0.100436270645 0.986965652989 0.000459414498149 0.988239192437 3.0
-0.0993512867021 0.98900076518 0.000459414498149 0.988111130991 3.0
-0.0982663027588 0.987989607914 0.000459414498149 0.987988082115 3.0
-0.0971813188154 0.987906033794 0.000459414498149 0.987869561233 3.0
-0.0960963348721 0.987825868678 0.000459414498149 0.987755174368 3.0
-0.0950113509287 0.987343159937 0.000459414498149 0.98764459386 3.0
-0.0939263669854 0.98669925297 0.000459414498149 0.987537542372 3.0
-0.092841383042 0.987889095505 0.000459414498149 0.987433781838 3.0
-0.0917563990986 0.987237056719 0.000459414498149 0.987333105526 3.0
-0.0906714151553 0.987325794783 0.000459414498149 0.987235332168 3.0
-0.0895864312119 0.988060040191 0.000459414498149 0.987140301509 3.0
-0.0885014472686 0.986908922636 0.000459414498149 0.987047870846 3.0
-0.0874164633252 0.987426514482 0.000459414498149 0.986957912318 3.0
-0.0863314793819 0.986529153243 0.000459414498149 0.986870310721 3.0
-0.0852464954385 0.986788947224 0.000459414498149 0.986784961741 3.0
-0.0841615114952 0.986628871274 0.000459414498149 0.986701770513 3.0
-0.0830765275518 0.986385830547 0.000459414498149 0.986620650411 3.0
-0.0819915436085 0.986123608251 0.000459414498149 0.986541522052 3.0
-0.0809065596651 0.986037058996 0.000459414498149 0.986464312445 3.0
-0.0798215757218 0.986309550015 0.000459414498149 0.986388954275 3.0
-0.0787365917784 0.986652589775 0.000459414498149 0.986315385289 3.0
-0.0776516078351 0.986649170757 0.000459414498149 0.986243547766 3.0
-0.0765666238917 0.986692048578 0.000459414498149 0.986173388061 3.0
-0.0754816399484 0.987165455677 0.000459414498149 0.986104856207 3.0
-0.074396656005 0.985406136818 0.000459414498149 0.986037905568 3.0
-0.0733116720617 0.986905245296 0.000459414498149 0.985972492537 3.0
-0.0722266881183 0.987028125091 0.000459414498149 0.985908576263 3.0
-0.071141704175 0.986401703331 0.000459414498149 0.985846118415 3.0
-0.0700567202316 0.986041872255 0.000459414498149 0.985785082972 3.0
-0.0689717362883 0.986540785861 0.000459414498149 0.985725436035 3.0
-0.0678867523449 0.985215248029 0.000459414498149 0.985667145659 3.0
-0.0668017684016 0.985822013908 0.000459414498149 0.9856101817 3.0
-0.0657167844582 0.985138177862 0.000459414498149 0.985554515681 3.0
-0.0646318005149 0.985449040567 0.000459414498149 0.985500120673 3.0
-0.0635468165715 0.986260654249 0.000459414498149 0.985446971179 3.0
-0.0624618326282 0.985890268423 0.000459414498149 0.985395043037 3.0
-0.0613768486848 0.985607491723 0.000459414498149 0.985344313331 3.0
-0.0602918647415 0.985873162838 0.000459414498149 0.985294760303 3.0
-0.0592068807981 0.984485828511 0.000459414498149 0.985246363284 3.0
-0.0581218968548 0.98603243232 0.000459414498149 0.98519910262 3.0
-0.0570369129114 0.98520292149 0.000459414498149 0.985152959611 3.0
-0.055951928968 0.985275606466 0.000459414498149 0.985107916453 3.0
-0.0548669450247 0.98572131858 0.000459414498149 0.985063956186 3.0
-0.0537819610813 0.985313777327 0.000459414498149 0.985021062643 3.0
-0.052696977138 0.985446171133 0.000459414498149 0.984979220405 3.0
-0.0516119931946 0.985179234237 0.000459414498149 0.984938414763 3.0
-0.0505270092513 0.984412985042 0.000459414498149 0.984898631675 3.0
-0.0494420253079 0.985191756209 0.000459414498149 0.984859857733 3.0
-0.0483570413646 0.984438843422 0.000459414498149 0.984822080129 3.0
-0.0472720574212 0.984910989388 0.000459414498149 0.984785286627 3.0
-0.0461870734779 0.984381252882 0.000459414498149 0.984749465531 3.0
-0.0451020895345 0.984400390164 0.000459414498149 0.98471460566 3.0
-0.0440171055912 0.984056577566 0.000459414498149 0.984680696324 3.0
-0.0429321216478 0.984496592787 0.000459414498149 0.984647727303 3.0
-0.0418471377045 0.983941123736 0.000459414498149 0.98461568882 3.0
-0.0407621537611 0.983726919667 0.000459414498149 0.984584571529 3.0
-0.0396771698178 0.983905587081 0.000459414498149 0.984554366488 3.0
-0.0385921858744 0.984964358396 0.000459414498149 0.98452506515 3.0
-0.0375072019311 0.984450606359 0.000459414498149 0.984496659341 3.0
-0.0364222179877 0.984267990685 0.000459414498149 0.984469141245 3.0
-0.0353372340444 0.984606211319 0.000459414498149 0.984442503395 3.0
-0.034252250101 0.984228431131 0.000459414498149 0.984416738654 3.0
-0.0331672661577 0.984711698674 0.000459414498149 0.984391840204 3.0
-0.0320822822143 0.984362819805 0.000459414498149 0.984367801538 3.0
-0.030997298271 0.98420612782 0.000459414498149 0.984344616445 3.0
-0.0299123143276 0.984379904091 0.000459414498149 0.984322278999 3.0
-0.0288273303843 0.98507635667 0.000459414498149 0.984300783554 3.0
-0.0277423464409 0.984183305185 0.000459414498149 0.984280124732 3.0
-0.0266573624976 0.983734466818 0.000459414498149 0.984260297415 3.0
-0.0255723785542 0.98379070251 0.000459414498149 0.984241296737 3.0
-0.0244873946109 0.984293078654 0.000459414498149 0.984223118077 3.0
-0.0234024106675 0.984576549822 0.000459414498149 0.984205757052 3.0
-0.0223174267242 0.984096541235 0.000459414498149 0.984189209509 3.0
-0.0212324427808 0.984339181343 0.000459414498149 0.984173471524 3.0
-0.0201474588374 0.984662055675 0.000459414498149 0.984158539389 3.0
-0.0190624748941 0.984155205152 0.000459414498149 0.984144409612 3.0
-0.0179774909507 0.984202108688 0.000459414498149 0.984131078911 3.0
-0.0168925070074 0.985014382284 0.000459414498149 0.984118544209 3.0
-0.015807523064 0.984384976756 0.000459414498149 0.984106802629 3.0
-0.0147225391207 0.984499994241 0.000459414498149 0.984095851491 3.0
-0.0136375551773 0.984715520922 0.000459414498149 0.98408568831 3.0
-0.012552571234 0.983785401054 0.000459414498149 0.984076310789 3.0
-0.0114675872906 0.983689232451 0.000459414498149 0.984067716818 3.0
-0.0103826033473 0.983927001916 0.000459414498149 0.984059904473 3.0
-0.00929761940393 0.984281439496 0.000459414498149 0.984052872009 3.0
-0.00821263546058 0.984224377061 0.000459414498149 0.984046617862 3.0
-0.00712765151723 0.983207439636 0.000459414498149 0.984041140645 3.0
-0.00604266757388 0.983888486807 0.000459414498149 0.984036439146 3.0
-0.00495768363053 0.984051168483 0.000459414498149 0.984032512329 3.0
-0.00387269968717 0.984436994427 0.000459414498149 0.984029359327 3.0
-0.00278771574382 0.983598556994 0.000459414498149 0.984026979449 3.0
-0.00170273180047 0.984183556663 0.000459414498149 0.98402537217 3.0
-0.000617747857119 0.984430348872 0.000459414498149 0.984024537139 3.0
0.000467236086232 0.983599858922 0.000459414498149 0.984024474172 3.0
0.00155222002958 0.984463209983 0.000459414498149 0.984025183255 3.0
0.00263720397294 0.983921999565 0.000459414498149 0.984026664544 3.0
0.00372218791629 0.983973347586 0.000459414498149 0.984028918364 3.0
0.00480717185964 0.984053873751 0.000459414498149 0.98403194521 3.0
0.00589215580299 0.983712971919 0.000459414498149 0.984035745747 3.0
0.00697713974634 0.983931863632 0.000459414498149 0.984040320812 3.0
0.00806212368969 0.984342205285 0.000459414498149 0.984045671415 3.0
0.00914710763304 0.984197489458 0.000459414498149 0.984051798738 3.0
0.0102320915764 0.984064024267 0.000459414498149 0.98405870414 3.0
0.0113170755197 0.983988901496 0.000459414498149 0.984066389156 3.0
0.0124020594631 0.984086459096 0.000459414498149 0.984074855501 3.0
0.0134870434065 0.983599805197 0.000459414498149 0.984084105069 3.0
0.0145720273498 0.983989034946 0.000459414498149 0.984094139941 3.0
0.0156570112932 0.983708115825 0.000459414498149 0.984104962381 3.0
0.0167419952365 0.984023106952 0.000459414498149 0.984116574845 3.0
0.0178269791799 0.984398868552 0.000459414498149 0.984128979981 3.0
0.0189119631232 0.984617876971 0.000459414498149 0.984142180633 3.0
0.0199969470666 0.983939431283 0.000459414498149 0.984156179845 3.0
0.0210819310099 0.984330785301 0.000459414498149 0.984170980866 3.0
0.0221669149533 0.984221662141 0.000459414498149 0.984186587153 3.0
0.0232518988966 0.984039242087 0.000459414498149 0.984203002377 3.0
0.02433688284 0.984038742275 0.000459414498149 0.984220230429 3.0
0.0254218667833 0.984755398538 0.000459414498149 0.984238275422 3.0
0.0265068507267 0.983773784592 0.000459414498149 0.984257141703 3.0
0.02759183467 0.983826604761 0.000459414498149 0.984276833852 3.0
0.0286768186134 0.983350018506 0.000459414498149 0.984297356695 3.0
0.0297618025567 0.983921183552 0.000459414498149 0.984318715309 3.0
0.0308467865001 0.984412521365 0.000459414498149 0.984340915028 3.0
0.0319317704434 0.984681169526 0.000459414498149 0.984363961456 3.0
0.0330167543868 0.985527632088 0.000459414498149 0.98438786047 3.0
0.0341017383301 0.985263222313 0.000459414498149 0.984412618234 3.0
0.0351867222735 0.983630269048 0.000459414498149 0.984438241208 3.0
0.0362717062168 0.984122556028 0.000459414498149 0.984464736157 3.0
0.0373566901602 0.984861707532 0.000459414498149 0.984492110165 3.0
0.0384416741035 0.98471836896 0.000459414498149 0.984520370645 3.0
0.0395266580469 0.98496796903 0.000459414498149 0.984549525355 3.0
0.0406116419902 0.985038390651 0.000459414498149 0.984579582409 3.0
0.0416966259336 0.984763374917 0.000459414498149 0.984610550293 3.0
0.0427816098769 0.984692168174 0.000459414498149 0.984642437883 3.0
0.0438665938203 0.984238113763 0.000459414498149 0.984675254458 3.0
0.0449515777636 0.984375875732 0.000459414498149 0.984709009723 3.0
0.046036561707 0.985145932986 0.000459414498149 0.984743713824 3.0
0.0471215456503 0.984862175861 0.000459414498149 0.984779377375 3.0
0.0482065295937 0.984514399431 0.000459414498149 0.984816011472 3.0
0.0492915135371 0.984078719383 0.000459414498149 0.984853627727 3.0
0.0503764974804 0.984428193587 0.000459414498149 0.984892238287 3.0
0.0514614814238 0.985955036387 0.000459414498149 0.984931855863 3.0
0.0525464653671 0.985234847435 0.000459414498149 0.984972493763 3.0
0.0536314493105 0.985102366899 0.000459414498149 0.985014165924 3.0
0.0547164332538 0.984982014536 0.000459414498149 0.985056886944 3.0
0.0558014171972 0.984824552165 0.000459414498149 0.985100672123 3.0
0.0568864011405 0.985255222033 0.000459414498149 0.985145537502 3.0
0.0579713850839 0.985277743926 0.000459414498149 0.98519149991 3.0
0.0590563690272 0.985012031355 0.000459414498149 0.985238577009 3.0
0.0601413529706 0.984702056773 0.000459414498149 0.985286787349 3.0
0.0612263369139 0.985216308682 0.000459414498149 0.985336150424 3.0
0.0623113208573 0.984650926802 0.000459414498149 0.985386686733 3.0
0.0633963048006 0.984896849713 0.000459414498149 0.985438417852 3.0
0.064481288744 0.985262716892 0.000459414498149 0.985491366502 3.0
0.0655662726873 0.985965603074 0.000459414498149 0.985545556637 3.0
0.0666512566307 0.985135076217 0.000459414498149 0.985601013528 3.0
0.067736240574 0.985667275717 0.000459414498149 0.985657763864 3.0
0.0688212245174 0.985792480751 0.000459414498149 0.985715835862 3.0
0.0699062084607 0.985395137208 0.000459414498149 0.985775259384 3.0
0.0709911924041 0.985710470401 0.000459414498149 0.985836066071 3.0
0.0720761763474 0.984935448895 0.000459414498149 0.985898289495 3.0
0.0731611602908 0.985262139091 0.000459414498149 0.985961965316 3.0
0.0742461442341 0.98521650748 0.000459414498149 0.986027131475 3.0
0.0753311281775 0.985822006136 0.000459414498149 0.986093828397 3.0
0.0764161121208 0.985519262306 0.000459414498149 0.986162099221 3.0
0.0775010960642 0.985895126632 0.000459414498149 0.986231990071 3.0
0.0785860800075 0.986715095996 0.000459414498149 0.986303550347 3.0
0.0796710639509 0.986699859132 0.000459414498149 0.986376833068 3.0
0.0807560478942 0.986459036698 0.000459414498149 0.98645189526 3.0
0.0818410318376 0.986860484091 0.000459414498149 0.986528798405 3.0
0.082926015781 0.986793019332 0.000459414498149 0.986607608951 3.0
0.0840109997243 0.986583696102 0.000459414498149 0.986688398918 3.0
0.0850959836677 0.985732608025 0.000459414498149 0.986771246592 3.0
0.086180967611 0.986622431596 0.000459414498149 0.986856237352 3.0
0.0872659515544 0.987796897298 0.000459414498149 0.986943464646 3.0
0.0883509354977 0.986780729296 0.000459414498149 0.987033031153 3.0
0.0894359194411 0.986657467034 0.000459414498149 0.987125050189 3.0
0.0905209033844 0.987146987176 0.000459414498149 0.987219647417 3.0
0.0916058873278 0.988224485652 0.000459414498149 0.987316962945 3.0
0.0926908712711 0.987237837111 0.000459414498149 0.987417153955 3.0
0.0937758552145 0.986972160437 0.000459414498149 0.987520398013 3.0
0.0948608391578 0.987787855687 0.000459414498149 0.98762689734 3.0
0.0959458231012 0.987825526841 0.000459414498149 0.987736884413 3.0
0.0970308070445 0.988189741989 0.000459414498149 0.98785062951 3.0
0.0981157909879 0.988228803398 0.000459414498149 0.98796845115 3.0
0.0992007749312 0.988155198497 0.000459414498149 0.988090731111 3.0
0.100285758875 0.987632052214 0.000459414498149 0.988217937024 3.0
0.101370742818 0.988289737733 0.000459414498149 0.988350658513 3.0
0.102455726761 0.98890916295 0.000459414498149 0.98848966993 3.0
0.103540710705 0.989017935322 0.000459414498149 0.98863605322 3.0
0.104625694648 0.989141229401 0.000459414498149 0.988791492392 3.0
0.105710678591 0.988413866522 0.000459414498149 0.988959700401 2.0
0.106795662535 0.988620244653 0.000459414498149 0.989233624656 2.0
0.107880646478 0.990064963583 0.000459414498149 0.989584409816 2.0
0.108965630421 0.990099726761 0.000459414498149 0.989981620763 2.0
0.110050614365 0.990524290135 0.000459414498149 0.990412371945 2.0
0.111135598308 0.990945714287 0.000459414498149 0.990868361002 2.0
0.112220582251 0.991043782546 0.000459414498149 0.991343433362 2.0
0.113305566195 0.991622616072 0.000459414498149 0.991832663824 2.0
0.114390550138 0.992239280748 0.000459414498149 0.99233191296 2.0
0.115475534081 0.993043091922 0.000459414498149 0.992837579558 2.0
0.116560518025 0.993709847708 0.000459414498149 0.993346448106 2.0
0.117645501968 0.993360204946 0.000459414498149 0.993855587444 2.0
0.118730485912 0.994646626971 0.000459414498149 0.994362279018 2.0
0.119815469855 0.995202850255 0.000459414498149 0.994863963078 2.0
0.120900453798 0.994647507948 0.000459414498149 0.995358195919 2.0
0.121985437742 0.996176008668 0.000459414498149 0.995842613778 2.0
0.123070421685 0.9963891344 0.000459414498149 0.996314900243 2.0
0.124155405628 0.996664243036 0.000459414498149 0.996772754609 2.0
0.125240389572 0.997089436243 0.000459414498149 0.997213858683 2.0
0.126325373515 0.997736688152 0.000459414498149 0.997635839132 2.0
0.127410357458 0.998599268141 0.000459414498149 0.998036221312 2.0
0.128495341402 0.998752525404 0.000459414498149 0.998412368297 2.0
0.129580325345 0.998243688544 0.000459414498149 0.998761394091 2.0
0.130665309288 0.999911169618 0.000459414498149 0.999080029965 2.0
0.131750293232 0.998716808667 0.000459414498149 0.999364398729 2.0
0.132835277175 0.999536451964 0.000459414498149 0.999609584941 2.0
0.133920261118 1.00011363046 0.000459414498149 0.999808655957 2.0
0.135005245062 1.0004805428 0.000459414498149 0.999949547181 2.0
0.136090229005 1.00010230534 0.000459414498149 0.999993943821 0.0
0.137175212949 1.00052008517 0.000459414498149 0.999993943821 0.0
0.138260196892 0.999905298441 0.000459414498149 0.999993943821 0.0
0.139345180835 1.00036258616 0.000459414498149 0.999993943821 0.0
0.140430164779 0.999997863437 0.000459414498149 0.999993943821 0.0
0.141515148722 0.999333658765 0.000459414498149 0.999993943821 0.0
0.142600132665 0.999516104635 0.000459414498149 0.999993943821 0.0
0.143685116609 0.999828190397 0.000459414498149 0.999993943821 0.0
0.144770100552 1.00029875537 0.000459414498149 0.999993943821 0.0
0.145855084495 0.999577170601 0.000459414498149 0.999993943821 0.0
0.146940068439 1.00017332733 0.000459414498149 0.999993943821 0.0
0.148025052382 1.00008721329 0.000459414498149 0.999993943821 0.0
0.149110036325 1.00033658804 0.000459414498149 0.999993943821 0.0
0.150195020269 1.00014720352 0.000459414498149 0.999993943821 0.0
0.151280004212 1.00068138838 0.000459414498149 0.999993943821 0.0
0.152364988155 0.999801274315 0.000459414498149 0.999993943821 0.0
0.153449972099 1.00014799849 0.000459414498149 0.999993943821 0.0
0.154534956042 1.00075803556 0.000459414498149 0.999993943821 0.0
0.155619939986 0.999994931475 0.000459414498149 0.999993943821 0.0
0.156704923929 1.00062034135 0.000459414498149 0.999993943821 0.0
0.157789907872 1.00016469683 0.000459414498149 0.999993943821 0.0
0.158874891816 1.00022586659 0.000459414498149 0.999993943821 0.0
0.159959875759 0.999223798011 0.000459414498149 0.999993943821 0.0
0.161044859702 0.999342640907 0.000459414498149 0.999993943821 0.0
0.162129843646 1.00030416651 0.000459414498149 0.999993943821 0.0
