-0.0943761730374 0.999706608233 0.000312005633906 0.999989666486 0.0
-0.0937449495384 0.999746114572 0.000312005633906 0.999989666486 0.0
-0.0931137260394 0.999896808805 0.000312005633906 0.999989666486 0.0
-0.0924825025404 1.00004884356 0.000312005633906 0.999989666486 0.0
-0.0918512790414 1.00040113988 0.000312005633906 0.999989666486 0.0
-0.0912200555424 0.999259006726 0.000312005633906 0.999989666486 0.0
-0.0905888320434 0.999993280267 0.000312005633906 0.999989666486 0.0
-0.0899576085444 1.00009010618 0.000312005633906 0.999989666486 0.0
-0.0893263850454 1.00008030895 0.000312005633906 0.999989666486 0.0
-0.0886951615464 0.999834053529 0.000312005633906 0.999989666486 0.0
-0.0880639380474 1.00023548831 0.000312005633906 0.999989666486 0.0
-0.0874327145485 1.00027452546 0.000312005633906 0.999989666486 0.0
-0.0868014910495 0.999889589308 0.000312005633906 0.999989666486 0.0
-0.0861702675505 1.0000643757 0.000312005633906 0.999989666486 0.0
-0.0855390440515 1.00033538343 0.000312005633906 0.999989666486 0.0
-0.0849078205525 1.00007981495 0.000312005633906 0.999989666486 0.0
-0.0842765970535 0.999578879039 0.000312005633906 0.999989666486 0.0
-0.0836453735545 0.999832460822 0.000312005633906 0.999989666486 0.0
-0.0830141500555 0.999844328148 0.000312005633906 0.999989666486 0.0
-0.0823829265565 1.0001026329 0.000312005633906 0.999989666486 0.0
-0.0817517030575 1.00022343648 0.000312005633906 0.999989666486 0.0
-0.0811204795585 0.999890335289 0.000312005633906 0.999989666486 0.0
-0.0804892560596 1.00050625634 0.000312005633906 0.999989666486 0.0
-0.0798580325606 1.00002706486 0.000312005633906 0.999989666486 0.0
-0.0792268090616 1.0002472872 0.000312005633906 0.999989666486 0.0
-0.0785955855626 0.999592777263 0.000312005633906 0.999937928649 1.0
-0.0779643620636 0.999520436741 0.000312005633906 0.999785567049 1.0
-0.0773331385646 0.999204527415 0.000312005633906 0.999573280984 1.0
-0.0767019150656 0.999483538487 0.000312005633906 0.999314024782 1.0
-0.0760706915666 0.999495609518 0.000312005633906 0.999015443636 1.0
-0.0754394680676 0.999288608553 0.000312005633906 0.998683054187 1.0
-0.0748082445686 0.998537643544 0.000312005633906 0.998321268856 1.0
-0.0741770210697 0.998079365339 0.000312005633906 0.997933852542 1.0
-0.0735457975707 0.99767077771 0.000312005633906 0.997524166133 1.0
-0.0729145740717 0.996966311028 0.000312005633906 0.99709531341 1.0
-0.0722833505727 0.996642664875 0.000312005633906 0.996650238964 1.0
-0.0716521270737 0.996160667522 0.000312005633906 0.996191799659 1.0
-0.0710209035747 0.996096435392 0.000312005633906 0.995722821736 1.0
-0.0703896800757 0.994864783573 0.000312005633906 0.995246150911 1.0
-0.0697584565767 0.994386610635 0.000312005633906 0.994764700773 1.0
-0.0691272330777 0.994268289669 0.000312005633906 0.994281504121 1.0
-0.0684960095787 0.994445923309 0.000312005633906 0.993799772416 1.0
-0.0678647860797 0.99312253854 0.000312005633906 0.993322970378 1.0
-0.0672335625808 0.992462206736 0.000312005633906 0.992854916744 1.0
-0.0666023390818 0.992315721582 0.000312005633906 0.992399930628 1.0
-0.0659711155828 0.992418450404 0.000312005633906 0.99196306156 1.0
-0.0653398920838 0.991445697855 0.000312005633906 0.991550487148 1.0
-0.0647086685848 0.990822852149 0.000312005633906 0.991170296385 1.0
-0.0640774450858 0.990381234401 0.000312005633906 0.990834389559 1.0
-0.0634462215868 0.990587809806 0.000312005633906 0.990565720091 1.0
-0.0628149980878 0.990570172432 0.000312005633906 0.990419124132 3.0
-0.0621837745888 0.990486836187 0.000312005633906 0.990302965572 3.0
-0.0615525510898 0.990116626496 0.000312005633906 0.990196315366 3.0
-0.0609213275909 0.989941279318 0.000312005633906 0.990097094161 3.0
-0.0602901040919 0.990385881343 0.000312005633906 0.990004040474 3.0
-0.0596588805929 0.989623913049 0.000312005633906 0.98991627896 3.0
-0.0590276570939 0.989890002153 0.000312005633906 0.989833156447 3.0
-0.0583964335949 0.989983285465 0.000312005633906 0.989754162439 3.0
-0.0577652100959 0.990294967387 0.000312005633906 0.989678884884 3.0
-0.0571339865969 0.989235801873 0.000312005633906 0.989606983188 3.0
-0.0565027630979 0.989243655193 0.000312005633906 0.989538170613 3.0
-0.0558715395989 0.989262299767 0.000312005633906 0.989472202203 3.0
-0.0552403160999 0.989346770391 0.000312005633906 0.989408866169 3.0
-0.0546090926009 0.988758114569 0.000312005633906 0.989347977547 3.0
-0.053977869102 0.988919707598 0.000312005633906 0.989289373405 3.0
-0.053346645603 0.988931975209 0.000312005633906 0.989232909148 3.0
-0.052715422104 0.989803550774 0.000312005633906 0.989178455618 3.0
-0.052084198605 0.98897606214 0.000312005633906 0.989125896779 3.0
-0.051452975106 0.989024474686 0.000312005633906 0.989075127843 3.0
-0.050821751607 0.988841016479 0.000312005633906 0.98902605375 3.0
-0.050190528108 0.989596966892 0.000312005633906 0.988978587897 3.0
-0.049559304609 0.988785324091 0.000312005633906 0.988932651093 3.0
-0.04892808111 0.989032334602 0.000312005633906 0.988888170669 3.0
-0.048296857611 0.988550624322 0.000312005633906 0.988845079736 3.0
-0.047665634112 0.989162749096 0.000312005633906 0.98880331654 3.0
-0.0470344106131 0.988606597808 0.000312005633906 0.98876282392 3.0
-0.0464031871141 0.988455383221 0.000312005633906 0.988723548833 3.0
-0.0457719636151 0.988808233595 0.000312005633906 0.988685441945 3.0
-0.0451407401161 0.98888333338 0.000312005633906 0.988648457274 3.0
-0.0445095166171 0.988633591005 0.000312005633906 0.988612551876 3.0
-0.0438782931181 0.988877352283 0.000312005633906 0.988577685573 3.0
-0.0432470696191 0.988427526395 0.000312005633906 0.988543820708 3.0
-0.0426158461201 0.988923652439 0.000312005633906 0.988510921928 3.0
-0.0419846226211 0.988047895242 0.000312005633906 0.988478955996 3.0
-0.0413533991221 0.987725873989 0.000312005633906 0.98844789162 3.0
-0.0407221756232 0.98893187558 0.000312005633906 0.988417699298 3.0
-0.0400909521242 0.988241033004 0.000312005633906 0.988388351181 3.0
-0.0394597286252 0.988336029002 0.000312005633906 0.988359820951 3.0
-0.0388285051262 0.988457634881 0.000312005633906 0.988332083709 3.0
-0.0381972816272 0.987584763072 0.000312005633906 0.988305115875 3.0
-0.0375660581282 0.988135189812 0.000312005633906 0.988278895093 3.0
-0.0369348346292 0.988423576553 0.000312005633906 0.988253400151 3.0
-0.0363036111302 0.988599305881 0.000312005633906 0.988228610907 3.0
-0.0356723876312 0.988604869441 0.000312005633906 0.988204508213 3.0
-0.0350411641322 0.988044499907 0.000312005633906 0.988181073861 3.0
-0.0344099406332 0.98838036776 0.000312005633906 0.988158290518 3.0
-0.0337787171343 0.988219442165 0.000312005633906 0.988136141675 3.0
-0.0331474936353 0.987886659777 0.000312005633906 0.988114611599 3.0
-0.0325162701363 0.98774646919 0.000312005633906 0.988093685289 3.0
-0.0318850466373 0.987949249881 0.000312005633906 0.98807334843 3.0
-0.0312538231383 0.987907439286 0.000312005633906 0.988053587361 3.0
-0.0306225996393 0.987896385629 0.000312005633906 0.988034389034 3.0
-0.0299913761403 0.987748229916 0.000312005633906 0.988015740985 3.0
-0.0293601526413 0.987400801033 0.000312005633906 0.987997631304 3.0
-0.0287289291423 0.988316904282 0.000312005633906 0.987980048602 3.0
-0.0280977056433 0.987507369818 0.000312005633906 0.98796298199 3.0
-0.0274664821443 0.987981699808 0.000312005633906 0.987946421052 3.0
-0.0268352586454 0.987902867794 0.000312005633906 0.987930355826 3.0
-0.0262040351464 0.987472891032 0.000312005633906 0.987914776775 3.0
-0.0255728116474 0.987998537795 0.000312005633906 0.987899674777 3.0
-0.0249415881484 0.987309435397 0.000312005633906 0.987885041099 3.0
-0.0243103646494 0.987921203025 0.000312005633906 0.987870867386 3.0
-0.0236791411504 0.987492693748 0.000312005633906 0.987857145639 3.0
-0.0230479176514 0.987947510048 0.000312005633906 0.987843868204 3.0
-0.0224166941524 0.988264371556 0.000312005633906 0.987831027757 3.0
-0.0217854706534 0.987458738605 0.000312005633906 0.98781861729 3.0
-0.0211542471544 0.987514372435 0.000312005633906 0.987806630102 3.0
-0.0205230236555 0.987581075002 0.000312005633906 0.987795059781 3.0
-0.0198918001565 0.987460267392 0.000312005633906 0.987783900201 3.0
-0.0192605766575 0.987710090615 0.000312005633906 0.987773145504 3.0
-0.0186293531585 0.988250056751 0.000312005633906 0.987762790099 3.0
-0.0179981296595 0.988375263283 0.000312005633906 0.987752828644 3.0
-0.0173669061605 0.987597713606 0.000312005633906 0.987743256046 3.0
-0.0167356826615 0.987893542379 0.000312005633906 0.987734067447 3.0
-0.0161044591625 0.988387879609 0.000312005633906 0.987725258218 3.0
-0.0154732356635 0.987847047213 0.000312005633906 0.987716823957 3.0
-0.0148420121645 0.987917584709 0.000312005633906 0.987708760474 3.0
-0.0142107886655 0.987853975562 0.000312005633906 0.987701063794 3.0
-0.0135795651666 0.987325546821 0.000312005633906 0.987693730141 3.0
-0.0129483416676 0.98755545439 0.000312005633906 0.987686755945 3.0
-0.0123171181686 0.987893521573 0.000312005633906 0.987680137825 3.0
-0.0116858946696 0.987275080393 0.000312005633906 0.987673872593 3.0
-0.0110546711706 0.987140724036 0.000312005633906 0.987667957245 3.0
-0.0104234476716 0.987522538887 0.000312005633906 0.987662388959 3.0
-0.00979222417261 0.987651910418 0.000312005633906 0.987657165091 3.0
-0.00916100067362 0.987957656853 0.000312005633906 0.98765228317 3.0
-0.00852977717463 0.987924816112 0.000312005633906 0.987647740897 3.0
-0.00789855367564 0.987892091442 0.000312005633906 0.987643536141 3.0
-0.00726733017665 0.98725635731 0.000312005633906 0.987639666934 3.0
-0.00663610667766 0.987477812398 0.000312005633906 0.987636131474 3.0
-0.00600488317867 0.987724807238 0.000312005633906 0.987632928117 3.0
-0.00537365967968 0.987206552541 0.000312005633906 0.987630055379 3.0
-0.00474243618069 0.987308718717 0.000312005633906 0.98762751193 3.0
-0.00411121268169 0.987293467239 0.000312005633906 0.987625296597 3.0
-0.0034799891827 0.987124960161 0.000312005633906 0.98762340836 3.0
-0.00284876568371 0.98769025607 0.000312005633906 0.987621846351 3.0
-0.00221754218472 0.987556565774 0.000312005633906 0.987620609851 3.0
-0.00158631868573 0.987039447928 0.000312005633906 0.987619698295 3.0
-0.000955095186742 0.98783653367 0.000312005633906 0.987619111263 3.0
-0.000323871687751 0.987279731681 0.000312005633906 0.987618848488 3.0
0.000307351811239 0.988217145408 0.000312005633906 0.987618909848 3.0
0.00093857531023 0.987573439404 0.000312005633906 0.987619295372 3.0
0.00156979880922 0.987587876074 0.000312005633906 0.987620005237 3.0
0.00220102230821 0.988111804092 0.000312005633906 0.987621039768 3.0
0.0028322458072 0.987391462778 0.000312005633906 0.987622399438 3.0
0.00346346930619 0.987479275416 0.000312005633906 0.987624084873 3.0
0.00409469280518 0.987518662353 0.000312005633906 0.987626096845 3.0
0.00472591630417 0.987916022442 0.000312005633906 0.987628436282 3.0
0.00535713980316 0.9872339225 0.000312005633906 0.987631104262 3.0
0.00598836330215 0.987524259644 0.000312005633906 0.987634102015 3.0
0.00661958680115 0.987911019843 0.000312005633906 0.987637430931 3.0
0.00725081030014 0.987677429114 0.000312005633906 0.987641092554 3.0
0.00788203379913 0.987538063799 0.000312005633906 0.987645088586 3.0
0.00851325729812 0.987456226634 0.000312005633906 0.987649420894 3.0
0.00914448079711 0.987897855366 0.000312005633906 0.987654091506 3.0
0.0097757042961 0.987882252854 0.000312005633906 0.987659102617 3.0
0.0104069277951 0.987588946983 0.000312005633906 0.98766445659 3.0
0.0110381512941 0.988255241242 0.000312005633906 0.987670155961 3.0
0.0116693747931 0.987986108434 0.000312005633906 0.987676203441 3.0
0.0123005982921 0.988130890583 0.000312005633906 0.987682601922 3.0
0.0129318217911 0.988593336663 0.000312005633906 0.987689354475 3.0
0.01356304529 0.987686213263 0.000312005633906 0.987696464362 3.0
0.014194268789 0.987702765964 0.000312005633906 0.987703935035 3.0
0.014825492288 0.988093431227 0.000312005633906 0.987711770141 3.0
0.015456715787 0.987591059176 0.000312005633906 0.98771997353 3.0
0.016087939286 0.987386125725 0.000312005633906 0.987728549258 3.0
0.016719162785 0.987201668679 0.000312005633906 0.987737501595 3.0
0.017350386284 0.988308577946 0.000312005633906 0.987746835029 3.0
0.017981609783 0.987514714059 0.000312005633906 0.987756554274 3.0
0.018612833282 0.988290216953 0.000312005633906 0.987766664275 3.0
0.019244056781 0.987904206951 0.000312005633906 0.98777717022 3.0
0.0198752802799 0.987814423665 0.000312005633906 0.987788077543 3.0
0.0205065037789 0.987676348581 0.000312005633906 0.987799391936 3.0
0.0211377272779 0.988169315623 0.000312005633906 0.987811119357 3.0
0.0217689507769 0.987539355735 0.000312005633906 0.987823266038 3.0
0.0224001742759 0.987751244311 0.000312005633906 0.987835838501 3.0
0.0230313977749 0.987844494818 0.000312005633906 0.987848843561 3.0
0.0236626212739 0.988053368048 0.000312005633906 0.987862288344 3.0
0.0242938447729 0.987581691854 0.000312005633906 0.987876180298 3.0
0.0249250682719 0.987912905211 0.000312005633906 0.987890527204 3.0
0.0255562917709 0.987847664296 0.000312005633906 0.987905337196 3.0
0.0261875152699 0.988173387935 0.000312005633906 0.98792061877 3.0
0.0268187387688 0.988296506646 0.000312005633906 0.987936380803 3.0
0.0274499622678 0.988187183639 0.000312005633906 0.987952632573 3.0
0.0280811857668 0.98799021984 0.000312005633906 0.987969383775 3.0
0.0287124092658 0.987892207661 0.000312005633906 0.987986644541 3.0
0.0293436327648 0.988186176158 0.000312005633906 0.988004425462 3.0
0.0299748562638 0.987989317012 0.000312005633906 0.988022737615 3.0
0.0306060797628 0.987806674668 0.000312005633906 0.988041592581 3.0
0.0312373032618 0.987705733195 0.000312005633906 0.988061002479 3.0
0.0318685267608 0.987460701501 0.000312005633906 0.988080979988 3.0
0.0324997502598 0.988627669613 0.000312005633906 0.988101538386 3.0
0.0331309737588 0.988223326269 0.000312005633906 0.988122691576 3.0
0.0337621972577 0.988442826634 0.000312005633906 0.988144454129 3.0
0.0343934207567 0.988134549892 0.000312005633906 0.988166841317 3.0
0.0350246442557 0.988272380671 0.000312005633906 0.988189869162 3.0
0.0356558677547 0.988286369784 0.000312005633906 0.988213554478 3.0
0.0362870912537 0.988280776395 0.000312005633906 0.988237914925 3.0
0.0369183147527 0.98844182469 0.000312005633906 0.988262969058 3.0
0.0375495382517 0.987325147982 0.000312005633906 0.988288736395 3.0
0.0381807617507 0.988989162818 0.000312005633906 0.988315237473 3.0
0.0388119852497 0.988098892638 0.000312005633906 0.988342493929 3.0
0.0394432087487 0.988526365526 0.000312005633906 0.988370528572 3.0
0.0400744322476 0.988307704572 0.000312005633906 0.98839936547 3.0
0.0407056557466 0.988253023269 0.000312005633906 0.988429030047 3.0
0.0413368792456 0.987978950668 0.000312005633906 0.988459549187 3.0
0.0419681027446 0.989229554451 0.000312005633906 0.988490951349 3.0
0.0425993262436 0.988554939631 0.000312005633906 0.988523266696 3.0
0.0432305497426 0.989091321364 0.000312005633906 0.988556527239 3.0
0.0438617732416 0.988975881386 0.000312005633906 0.988590766994 3.0
0.0444929967406 0.98870373817 0.000312005633906 0.988626022161 3.0
0.0451242202396 0.988150809495 0.000312005633906 0.988662331327 3.0
0.0457554437386 0.988692757321 0.000312005633906 0.988699735687 3.0
0.0463866672376 0.988852226992 0.000312005633906 0.9887382793 3.0
0.0470178907365 0.989176530152 0.000312005633906 0.988778009378 3.0
0.0476491142355 0.989101885654 0.000312005633906 0.988818976615 3.0
0.0482803377345 0.989293762434 0.000312005633906 0.988861235563 3.0
0.0489115612335 0.989197458122 0.000312005633906 0.988904845061 3.0
0.0495427847325 0.989150514542 0.000312005633906 0.988949868739 3.0
0.0501740082315 0.988461778689 0.000312005633906 0.988996375594 3.0
0.0508052317305 0.989234050682 0.000312005633906 0.989044440669 3.0
0.0514364552295 0.989215405734 0.000312005633906 0.98909414585 3.0
0.0520676787285 0.98903459161 0.000312005633906 0.989145580807 3.0
0.0526989022275 0.989319671504 0.000312005633906 0.989198844124 3.0
0.0533301257265 0.989354338516 0.000312005633906 0.989254044648 3.0
0.0539613492254 0.989483086047 0.000312005633906 0.989311303144 3.0
0.0545925727244 0.988874724642 0.000312005633906 0.989370754315 3.0
0.0552237962234 0.9896307754 0.000312005633906 0.989432549318 3.0
0.0558550197224 0.989492269518 0.000312005633906 0.989496858942 3.0
0.0564862432214 0.988988732785 0.000312005633906 0.989563877672 3.0
0.0571174667204 0.989466501455 0.000312005633906 0.989633829006 3.0
0.0577486902194 0.989279885109 0.000312005633906 0.989706972551 3.0
0.0583799137184 0.989888748115 0.000312005633906 0.989783613775 3.0
0.0590111372174 0.990148532845 0.000312005633906 0.989864117862 3.0
0.0596423607164 0.990338193243 0.000312005633906 0.989948930265 3.0
0.0602735842153 0.989724375074 0.000312005633906 0.990038608958 3.0
0.0609048077143 0.990158153488 0.000312005633906 0.990133878962 3.0
0.0615360312133 0.990459536265 0.000312005633906 0.990235734863 3.0
0.0621672547123 0.990443112042 0.000312005633906 0.990345668347 3.0
0.0627984782113 0.990120273584 0.000312005633906 0.990466376597 3.0
0.0634297017103 0.991550867462 0.000312005633906 0.990656882325 2.0
0.0640609252093 0.990534610456 0.000312005633906 0.990955323589 2.0
0.0646921487083 0.991107845459 0.000312005633906 0.991309800209 2.0
0.0653233722073 0.991315174901 0.000312005633906 0.991703380902 2.0
0.0659545957063 0.992020896854 0.000312005633906 0.992125977702 2.0
0.0665858192053 0.993318418344 0.000312005633906 0.992570360419 2.0
0.0672170427042 0.993039962639 0.000312005633906 0.993030842307 2.0
0.0678482662032 0.993865463656 0.000312005633906 0.99350268539 2.0
0.0684794897022 0.994432782153 0.000312005633906 0.993981781378 2.0
0.0691107132012 0.995019485358 0.000312005633906 0.994464459753 2.0
0.0697419367002 0.99491282553 0.000312005633906 0.994947361814 2.0
0.0703731601992 0.995158720116 0.000312005633906 0.995427351515 2.0
0.0710043836982 0.995958917931 0.000312005633906 0.995901447621 2.0
0.0716356071972 0.996294958114 0.000312005633906 0.996366768017 2.0
0.0722668306962 0.995671017929 0.000312005633906 0.996820480043 2.0
0.0728980541952 0.996633200923 0.000312005633906 0.997259752008 2.0
0.0735292776942 0.997720529751 0.000312005633906 0.997681701129 2.0
0.0741605011931 0.997624977032 0.000312005633906 0.998083332042 2.0
0.0747917246921 0.998693149881 0.000312005633906 0.998461457129 2.0
0.0754229481911 0.998977788948 0.000312005633906 0.998812583586 2.0
0.0760541716901 0.999867337885 0.000312005633906 0.999132737761 2.0
0.0766853951891 0.999398379689 0.000312005633906 0.999417161261 2.0
0.0773166186881 0.99902530944 0.000312005633906 0.999659706609 2.0
0.0779478421871 1.00017654822 0.000312005633906 0.999851344993 2.0
0.0785790656861 0.999479676955 0.000312005633906 0.999974315781 2.0
0.0792102891851 1.00030647452 0.000312005633906 0.999989666486 0.0
0.0798415126841 0.9997153257 0.000312005633906 0.999989666486 0.0
0.080472736183 1.000540542 0.000312005633906 0.999989666486 0.0
0.081103959682 1.00022784977 0.000312005633906 0.999989666486 0.0
0.081735183181 1.00045250833 0.000312005633906 0.999989666486 0.0
0.08236640668 0.999961895973 0.000312005633906 0.999989666486 0.0
0.082997630179 0.99994402137 0.000312005633906 0.999989666486 0.0
0.083628853678 0.999736686296 0.000312005633906 0.999989666486 0.0
0.084260077177 1.00025175135 0.000312005633906 0.999989666486 0.0
0.084891300676 0.999776560703 0.000312005633906 0.999989666486 0.0
0.085522524175 1.00020402162 0.000312005633906 0.999989666486 0.0
0.086153747674 0.999943914535 0.000312005633906 0.999989666486 0.0
0.086784971173 1.00026553945 0.000312005633906 0.999989666486 0.0
0.0874161946719 0.999750781141 0.000312005633906 0.999989666486 0.0
0.0880474181709 0.999789126948 0.000312005633906 0.999989666486 0.0
0.0886786416699 0.999794765112 0.000312005633906 0.999989666486 0.0
0.0893098651689 0.999298335308 0.000312005633906 0.999989666486 0.0
0.0899410886679 0.999818341915 0.000312005633906 0.999989666486 0.0
0.0905723121669 0.999863390855 0.000312005633906 0.999989666486 0.0
0.0912035356659 1.00021829893 0.000312005633906 0.999989666486 0.0
0.0918347591649 0.999740253666 0.000312005633906 0.999989666486 0.0
0.0924659826639 1.00055367604 0.000312005633906 0.999989666486 0.0
0.0930972061629 0.999613886373 0.000312005633906 0.999989666486 0.0
0.0937284296619 1.00012715985 0.000312005633906 0.999989666486 0.0
0.0943596531608 0.999975182469 0.000312005633906 0.999989666486 0.0
