-0.0340680270085 1.000139979 0.000251522247976 0.999941480294 0
-0.0338401442862 0.999878881243 0.000251522247976 0.999941480294 0
-0.0336122615639 0.999849785548 0.000251522247976 0.999941480294 0
-0.0333843788416 1.00059809166 0.000251522247976 0.999941480294 0
-0.0331564961193 0.999800448239 0.000251522247976 0.999941480294 0
-0.032928613397 1.00031174592 0.000251522247976 0.999941480294 0
-0.0327007306747 1.00008104037 0.000251522247976 0.999941480294 0
-0.0324728479524 0.999979901214 0.000251522247976 0.999941480294 0
-0.0322449652301 1.00024236437 0.000251522247976 0.999941480294 0
-0.0320170825078 0.999947262242 0.000251522247976 0.999941480294 0
-0.0317891997855 0.999800224261 0.000251522247976 0.999941480294 0
-0.0315613170632 1.00013389856 0.000251522247976 0.999941480294 0
-0.0313334343409 1.00007214396 0.000251522247976 0.999941480294 0
-0.0311055516187 1.00002412051 0.000251522247976 0.999941480294 0
-0.0308776688964 1.00045101641 0.000251522247976 0.999941480294 0
-0.0306497861741 1.00031614704 0.000251522247976 0.999941480294 0
-0.0304219034518 1.00008452292 0.000251522247976 0.999941480294 0
-0.0301940207295 1.00032796605 0.000251522247976 0.999941480294 0
-0.0299661380072 0.999618667354 0.000251522247976 0.999941480294 0
-0.0297382552849 1.00006529732 0.000251522247976 0.999941480294 0
-0.0295103725626 0.999974246085 0.000251522247976 0.999941480294 0
-0.0292824898403 1.0002269521 0.000251522247976 0.999941480294 0
-0.029054607118 0.999549180406 0.000251522247976 0.999941480294 0
-0.0288267243957 0.999962388062 0.000251522247976 0.999941480294 0
-0.0285988416734 0.999576684787 0.000251522247976 0.999941480294 0
-0.0283709589511 1.00009528152 0.000251522247976 0.999941480294 0
-0.0281430762288 0.999919199888 0.000251522247976 0.999941480294 0
-0.0279151935066 1.00030493703 0.000251522247976 0.999929047446 0
-0.0276873107843 0.999516792472 0.000251522247976 0.999898724055 4
-0.027459428062 1.00007660347 0.000251522247976 0.999857295301 4
-0.0272315453397 0.999810617483 0.000251522247976 0.999806821138 4
-0.0270036626174 0.999456724088 0.000251522247976 0.99974848348 4
-0.0267757798951 0.999721959568 0.000251522247976 0.999683094857 4
-0.0265478971728 0.999967719527 0.000251522247976 0.999611269053 4
-0.0263200144505 0.999236865738 0.000251522247976 0.999533497835 4
-0.0260921317282 0.999176048001 0.000251522247976 0.999450191468 4
-0.0258642490059 0.999018126057 0.000251522247976 0.999361702464 4
-0.0256363662836 0.99858130444 0.000251522247976 0.999268340569 4
-0.0254084835613 0.99990283002 0.000251522247976 0.999170382768 4
-0.025180600839 0.999113339265 0.000251522247976 0.999068080253 4
-0.0249527181167 0.998970439049 0.000251522247976 0.998961663451 4
-0.0247248353945 0.998523106568 0.000251522247976 0.99885134576 4
-0.0244969526722 0.998633332987 0.000251522247976 0.998737326385 4
-0.0242690699499 0.998055623436 0.000251522247976 0.99861979254 4
-0.0240411872276 0.998338957109 0.000251522247976 0.998498921189 4
-0.0238133045053 0.998761835954 0.000251522247976 0.998374880435 4
-0.023585421783 0.998084268937 0.000251522247976 0.998247830657 4
-0.0233575390607 0.99810746849 0.000251522247976 0.998117925431 4
-0.0231296563384 0.998375688882 0.000251522247976 0.997985312309 4
-0.0229017736161 0.997966231699 0.000251522247976 0.997850133462 4
-0.0226738908938 0.997889679541 0.000251522247976 0.997712526222 4
-0.0224460081715 0.997558758724 0.000251522247976 0.997572623552 4
-0.0222181254492 0.99709035908 0.000251522247976 0.997430554437 4
-0.0219902427269 0.996978850319 0.000251522247976 0.997286444231 4
-0.0217623600046 0.997290110877 0.000251522247976 0.997140414951 4
-0.0215344772824 0.996831904094 0.000251522247976 0.996992585533 4
-0.0213065945601 0.996876926349 0.000251522247976 0.996843072063 4
-0.0210787118378 0.996958144131 0.000251522247976 0.996691987969 4
-0.0208508291155 0.996582452161 0.000251522247976 0.996539444199 4
-0.0206229463932 0.996311786783 0.000251522247976 0.996385549371 4
-0.0203950636709 0.996430043094 0.000251522247976 0.996230409916 4
-0.0201671809486 0.996061964393 0.000251522247976 0.996074130194 4
-0.0199392982263 0.995848391284 0.000251522247976 0.995916812605 4
-0.019711415504 0.995817994969 0.000251522247976 0.995758557682 4
-0.0194835327817 0.995255444145 0.000251522247976 0.995599464183 4
-0.0192556500594 0.995419989634 0.000251522247976 0.995439629164 4
-0.0190277673371 0.995006529607 0.000251522247976 0.995279148052 4
-0.0187998846148 0.99556774905 0.000251522247976 0.995118114703 4
-0.0185720018925 0.994426654916 0.000251522247976 0.994956621463 4
-0.0183441191703 0.994733541221 0.000251522247976 0.994794759217 4
-0.018116236448 0.994898218004 0.000251522247976 0.994632617433 4
-0.0178883537257 0.994208993029 0.000251522247976 0.994470284205 4
-0.0176604710034 0.994317234366 0.000251522247976 0.994307846291 4
-0.0174325882811 0.993894208342 0.000251522247976 0.994145389143 4
-0.0172047055588 0.99387423376 0.000251522247976 0.99398299694 4
-0.0169768228365 0.993915969632 0.000251522247976 0.993820752616 4
-0.0167489401142 0.993540435349 0.000251522247976 0.99365873788 4
-0.0165210573919 0.99322871176 0.000251522247976 0.993497033245 4
-0.0162931746696 0.993589879865 0.000251522247976 0.993335718041 4
-0.0160652919473 0.993138050703 0.000251522247976 0.993174870435 4
-0.015837409225 0.993028368827 0.000251522247976 0.993014567449 4
-0.0156095265027 0.992122320435 0.000251522247976 0.992854884971 4
-0.0153816437804 0.993087806111 0.000251522247976 0.992695897772 4
-0.0151537610582 0.993151866917 0.000251522247976 0.992537679511 4
-0.0149258783359 0.992333228215 0.000251522247976 0.992380302748 4
-0.0146979956136 0.992385080236 0.000251522247976 0.992223838957 4
-0.0144701128913 0.992360277671 0.000251522247976 0.992068358524 4
-0.014242230169 0.992260430438 0.000251522247976 0.991913930762 4
-0.0140143474467 0.991873864543 0.000251522247976 0.991760623913 4
-0.0137864647244 0.991877960171 0.000251522247976 0.991608505152 4
-0.0135585820021 0.991226009896 0.000251522247976 0.991457640593 4
-0.0133306992798 0.991318827326 0.000251522247976 0.991308095293 4
-0.0131028165575 0.991616381731 0.000251522247976 0.991159933249 4
-0.0128749338352 0.991040424437 0.000251522247976 0.991013217408 4
-0.0126470511129 0.991074970768 0.000251522247976 0.990868009662 4
-0.0124191683906 0.990473869684 0.000251522247976 0.990724370851 4
-0.0121912856683 0.990496321046 0.000251522247976 0.990582360764 4
-0.0119634029461 0.990790408667 0.000251522247976 0.99044203814 4
-0.0117355202238 0.990713587099 0.000251522247976 0.990303460664 4
-0.0115076375015 0.990003871889 0.000251522247976 0.990166684968 4
-0.0112797547792 0.989860160859 0.000251522247976 0.990031766632 4
-0.0110518720569 0.990133268873 0.000251522247976 0.989898760181 4
-0.0108239893346 0.98982216432 0.000251522247976 0.98976771908 4
-0.0105961066123 0.989416321504 0.000251522247976 0.989638695738 4
-0.01036822389 0.989590216834 0.000251522247976 0.989511741501 4
-0.0101403411677 0.98906552556 0.000251522247976 0.989386906653 4
-0.00991245844542 0.989117573989 0.000251522247976 0.989264240411 4
-0.00968457572313 0.988966513272 0.000251522247976 0.989143790924 4
-0.00945669300083 0.989002393798 0.000251522247976 0.989025605268 4
-0.00922881027854 0.989002340768 0.000251522247976 0.988909729446 4
-0.00900092755625 0.989194176808 0.000251522247976 0.988796208381 4
-0.00877304483396 0.98848807349 0.000251522247976 0.988685085919 4
-0.00854516211166 0.988383062926 0.000251522247976 0.988576404818 4
-0.00831727938937 0.988069745589 0.000251522247976 0.988470206751 4
-0.00808939666708 0.988233526418 0.000251522247976 0.988366532299 4
-0.00786151394478 0.988181536399 0.000251522247976 0.988265420949 4
-0.00763363122249 0.98838673584 0.000251522247976 0.988166911091 4
-0.0074057485002 0.988449399551 0.000251522247976 0.988071040015 4
-0.00717786577791 0.987528052899 0.000251522247976 0.987977843904 4
-0.00694998305561 0.988213782876 0.000251522247976 0.987887357835 4
-0.00672210033332 0.987420870098 0.000251522247976 0.987799615775 4
-0.00649421761103 0.988309858519 0.000251522247976 0.987714650573 4
-0.00626633488873 0.987437213631 0.000251522247976 0.987632493965 4
-0.00603845216644 0.987405283035 0.000251522247976 0.98755317656 4
-0.00581056944415 0.987823020804 0.000251522247976 0.987476727849 4
-0.00558268672186 0.987504457621 0.000251522247976 0.987403176192 4
-0.00535480399956 0.987404413465 0.000251522247976 0.987332548819 4
-0.00512692127727 0.987393477734 0.000251522247976 0.987264871826 4
-0.00489903855498 0.987490630499 0.000251522247976 0.987200170175 4
-0.00467115583268 0.987085164177 0.000251522247976 0.987138467687 4
-0.00444327311039 0.987207465953 0.000251522247976 0.987079787041 4
-0.0042153903881 0.987078105175 0.000251522247976 0.987024149772 4
-0.00398750766581 0.987107265511 0.000251522247976 0.986971576269 4
-0.00375962494351 0.98697544911 0.000251522247976 0.98692208577 4
-0.00353174222122 0.986892639033 0.000251522247976 0.986875696361 4
-0.00330385949893 0.986508736585 0.000251522247976 0.986832424976 4
-0.00307597677663 0.986993885162 0.000251522247976 0.986792287392 4
-0.00284809405434 0.986896753301 0.000251522247976 0.986755298227 4
-0.00262021133205 0.986968290493 0.000251522247976 0.986721470942 4
-0.00239232860976 0.986799261399 0.000251522247976 0.986690817834 4
-0.00216444588746 0.98671067949 0.000251522247976 0.986663350039 4
-0.00193656316517 0.986109944098 0.000251522247976 0.986639077528 4
-0.00170868044288 0.986713193633 0.000251522247976 0.986618009106 4
-0.00148079772058 0.986505317275 0.000251522247976 0.986600152412 4
-0.00125291499829 0.986619763168 0.000251522247976 0.986585513918 4
-0.001025032276 0.986419045983 0.000251522247976 0.986574098927 4
-0.000797149553705 0.987137595605 0.000251522247976 0.986565911573 4
-0.000569266831413 0.986414084517 0.000251522247976 0.98656095482 4
-0.00034138410912 0.986485447994 0.000251522247976 0.986559230462 4
-0.000113501386827 0.986664979007 0.000251522247976 0.986560739123 4
0.000114381335466 0.985865438021 0.000251522247976 0.986565480258 4
0.000342264057759 0.986240899472 0.000251522247976 0.98657345215 4
0.000570146780052 0.986892554061 0.000251522247976 0.986584651913 4
0.000798029502345 0.986385073128 0.000251522247976 0.986599075491 4
0.00102591222464 0.986385911673 0.000251522247976 0.986616717659 4
0.00125379494693 0.986810713944 0.000251522247976 0.986637572023 4
0.00148167766922 0.986446643127 0.000251522247976 0.986661631023 4
0.00170956039152 0.986783747402 0.000251522247976 0.98668888593 4
0.00193744311381 0.986677073824 0.000251522247976 0.986719326852 4
0.0021653258361 0.9868556802 0.000251522247976 0.98675294273 4
0.00239320855839 0.987004949313 0.000251522247976 0.986789721344 4
0.00262109128069 0.987474890226 0.000251522247976 0.986829649312 4
0.00284897400298 0.986660332843 0.000251522247976 0.986872712093 4
0.00307685672527 0.986744889859 0.000251522247976 0.986918893985 4
0.00330473944757 0.986723325597 0.000251522247976 0.986968178134 4
0.00353262216986 0.986897761934 0.000251522247976 0.987020546529 4
0.00376050489215 0.986911718185 0.000251522247976 0.98707598001 4
0.00398838761444 0.987090185682 0.000251522247976 0.987134458263 4
0.00421627033674 0.987308634757 0.000251522247976 0.987195959831 4
0.00444415305903 0.987292287017 0.000251522247976 0.987260462111 4
0.00467203578132 0.987051975 0.000251522247976 0.987327941357 4
0.00489991850362 0.987755037106 0.000251522247976 0.987398372684 4
0.00512780122591 0.987499272569 0.000251522247976 0.987471730072 4
0.0053556839482 0.987555937225 0.000251522247976 0.987547986366 4
0.00558356667049 0.987678123024 0.000251522247976 0.98762711328 4
0.00581144939279 0.987642611226 0.000251522247976 0.987709081402 4
0.00603933211508 0.98756371095 0.000251522247976 0.987793860193 4
0.00626721483737 0.987516290526 0.000251522247976 0.987881417996 4
0.00649509755967 0.987518311464 0.000251522247976 0.987971722033 4
0.00672298028196 0.988293500651 0.000251522247976 0.988064738413 4
0.00695086300425 0.987919807956 0.000251522247976 0.988160432133 4
0.00717874572654 0.988065201847 0.000251522247976 0.988258767083 4
0.00740662844884 0.988872213112 0.000251522247976 0.988359706048 4
0.00763451117113 0.988567382018 0.000251522247976 0.98846321071 4
0.00786239389342 0.989021491279 0.000251522247976 0.988569241657 4
0.00809027661572 0.988860523693 0.000251522247976 0.988677758378 4
0.00831815933801 0.988983126039 0.000251522247976 0.988788719275 4
0.0085460420603 0.9884678621 0.000251522247976 0.988902081661 4
0.00877392478259 0.989102390505 0.000251522247976 0.989017801763 4
0.00900180750489 0.988618606565 0.000251522247976 0.98913583473 4
0.00922969022718 0.989272456515 0.000251522247976 0.989256134632 4
0.00945757294947 0.989305276977 0.000251522247976 0.989378654462 4
0.00968545567177 0.989539732139 0.000251522247976 0.989503346143 4
0.00991333839406 0.989641964218 0.000251522247976 0.989630160531 4
0.0101412211164 0.989958206967 0.000251522247976 0.989759047412 4
0.0103691038386 0.989646737806 0.000251522247976 0.98988995551 4
0.0105969865609 0.989943511166 0.000251522247976 0.990022832489 4
0.0108248692832 0.989829959692 0.000251522247976 0.990157624952 4
0.0110527520055 0.99033624456 0.000251522247976 0.990294278446 4
0.0112806347278 0.990292162364 0.000251522247976 0.990432737461 4
0.0115085174501 0.990523449961 0.000251522247976 0.990572945436 4
0.0117364001724 0.99056453764 0.000251522247976 0.990714844754 4
0.0119642828947 0.99097658159 0.000251522247976 0.990858376748 4
0.012192165617 0.991504500985 0.000251522247976 0.9910034817 4
0.0124200483393 0.991257275026 0.000251522247976 0.991150098838 4
0.0126479310616 0.991454064604 0.000251522247976 0.991298166341 4
0.0128758137839 0.991682209397 0.000251522247976 0.991447621333 4
0.0131036965062 0.991507344408 0.000251522247976 0.991598399886 4
0.0133315792285 0.991779801285 0.000251522247976 0.991750437014 4
0.0135594619507 0.991851887996 0.000251522247976 0.991903666676 4
0.013787344673 0.992106955688 0.000251522247976 0.992058021764 4
0.0140152273953 0.992331568079 0.000251522247976 0.992213434111 4
0.0142431101176 0.993004304785 0.000251522247976 0.992369834473 4
0.0144709928399 0.992404565167 0.000251522247976 0.992527152536 4
0.0146988755622 0.992692225592 0.000251522247976 0.992685316901 4
0.0149267582845 0.992512310495 0.000251522247976 0.992844255079 4
0.0151546410068 0.993007964233 0.000251522247976 0.993003893484 4
0.0153825237291 0.992781924308 0.000251522247976 0.99316415742 4
0.0156104064514 0.993319236972 0.000251522247976 0.993324971075 4
0.0158382891737 0.993081516419 0.000251522247976 0.993486257503 4
0.016066171896 0.993495431916 0.000251522247976 0.993647938613 4
0.0162940546183 0.994383271276 0.000251522247976 0.993809935152 4
0.0165219373406 0.993726212318 0.000251522247976 0.993972166689 4
0.0167498200628 0.994166110678 0.000251522247976 0.994134551594 4
0.0169777027851 0.99452780131 0.000251522247976 0.994297007016 4
0.0172055855074 0.993638149506 0.000251522247976 0.99445944886 4
0.0174334682297 0.994863794838 0.000251522247976 0.994621791759 4
0.017661350952 0.99457658484 0.000251522247976 0.994783949043 4
0.0178892336743 0.994951198337 0.000251522247976 0.99494583271 4
0.0181171163966 0.995134828668 0.000251522247976 0.995107353383 4
0.0183449991189 0.995176426189 0.000251522247976 0.995268420273 4
0.0185728818412 0.995810997868 0.000251522247976 0.995428941135 4
0.0188007645635 0.995382632981 0.000251522247976 0.995588822214 4
0.0190286472858 0.995971142837 0.000251522247976 0.99574796819 4
0.0192565300081 0.995710397823 0.000251522247976 0.995906282117 4
0.0194844127304 0.996280577284 0.000251522247976 0.996063665354 4
0.0197122954527 0.995787739402 0.000251522247976 0.996220017488 4
0.0199401781749 0.995888277371 0.000251522247976 0.996375236247 4
0.0201680608972 0.996250756349 0.000251522247976 0.996529217404 4
0.0203959436195 0.997019314338 0.000251522247976 0.996681854673 4
0.0206238263418 0.996967497439 0.000251522247976 0.996833039582 4
0.0208517090641 0.996757106926 0.000251522247976 0.996982661345 4
0.0210795917864 0.997277619452 0.000251522247976 0.997130606704 4
0.0213074745087 0.996923903545 0.000251522247976 0.997276759758 4
0.021535357231 0.997397443916 0.000251522247976 0.997421001765 4
0.0217632399533 0.997718682438 0.000251522247976 0.997563210923 4
0.0219911226756 0.997837103252 0.000251522247976 0.99770326211 4
0.0222190053979 0.997693106624 0.000251522247976 0.997841026591 4
0.0224468881202 0.998084008791 0.000251522247976 0.997976371683 4
0.0226747708425 0.998084332283 0.000251522247976 0.998109160357 4
0.0229026535648 0.998255436529 0.000251522247976 0.998239250781 4
0.023130536287 0.998531283512 0.000251522247976 0.998366495782 4
0.0233584190093 0.99887019622 0.000251522247976 0.998490742208 4
0.0235863017316 0.999119934277 0.000251522247976 0.99861183016 4
0.0238141844539 0.999025698836 0.000251522247976 0.998729592084 4
0.0240420671762 0.998956642477 0.000251522247976 0.998843851646 4
0.0242699498985 0.999108730788 0.000251522247976 0.998954422368 4
0.0244978326208 0.999702585169 0.000251522247976 0.999061105905 4
0.0247257153431 0.999337007489 0.000251522247976 0.999163689888 4
0.0249535980654 0.999435728198 0.000251522247976 0.99926194513 4
0.0251814807877 0.999336449677 0.000251522247976 0.999355621964 4
0.02540936351 0.999689076606 0.000251522247976 0.999444445317 4
0.0256372462323 0.999498767025 0.000251522247976 0.999528107898 4
0.0258651289546 0.999435460168 0.000251522247976 0.999606260446 4
0.0260930116769 0.999558632541 0.000251522247976 0.999678497161 4
0.0263208943991 0.999308627819 0.000251522247976 0.999744332726 4
0.0265487771214 1.00011093484 0.000251522247976 0.999803163315 4
0.0267766598437 0.999778024089 0.000251522247976 0.99985419337 4
0.027004542566 0.999765949966 0.000251522247976 0.999896274942 4
0.0272324252883 0.999554253828 0.000251522247976 0.999927441775 4
0.0274603080106 0.99952292357 0.000251522247976 0.999941480294 4
0.0276881907329 0.99978383755 0.000251522247976 0.999941480294 4
0.0279160734552 0.999756821354 0.000251522247976 0.999941480294 0
0.0281439561775 0.999650548273 0.000251522247976 0.999941480294 0
0.0283718388998 0.999952724841 0.000251522247976 0.999941480294 0
0.0285997216221 1.00045212451 0.000251522247976 0.999941480294 0
0.0288276043444 0.999859186489 0.000251522247976 0.999941480294 0
0.0290554870667 0.999992126386 0.000251522247976 0.999941480294 0
0.029283369789 0.999747042046 0.000251522247976 0.999941480294 0
0.0295112525112 0.999909983007 0.000251522247976 0.999941480294 0
0.0297391352335 0.999448249805 0.000251522247976 0.999941480294 0
0.0299670179558 1.00058606499 0.000251522247976 0.999941480294 0
0.0301949006781 0.999621563939 0.000251522247976 0.999941480294 0
0.0304227834004 1.00009409348 0.000251522247976 0.999941480294 0
0.0306506661227 0.999743664133 0.000251522247976 0.999941480294 0
0.030878548845 0.999843582803 0.000251522247976 0.999941480294 0
0.0311064315673 0.999660765316 0.000251522247976 0.999941480294 0
0.0313343142896 1.00000843873 0.000251522247976 0.999941480294 0
0.0315621970119 1.00016856702 0.000251522247976 0.999941480294 0
0.0317900797342 1.00000858079 0.000251522247976 0.999941480294 0
0.0320179624565 0.999698073761 0.000251522247976 0.999941480294 0
0.0322458451788 0.999794287195 0.000251522247976 0.999941480294 0
0.0324737279011 0.999804083329 0.000251522247976 0.999941480294 0
0.0327016106233 0.999842115598 0.000251522247976 0.999941480294 0
0.0329294933456 0.999959797349 0.000251522247976 0.999941480294 0
0.0331573760679 1.00005821312 0.000251522247976 0.999941480294 0
0.0333852587902 0.999795748412 0.000251522247976 0.999941480294 0
0.0336131415125 0.999604230072 0.000251522247976 0.999941480294 0
0.0338410242348 0.999820989877 0.000251522247976 0.999941480294 0
0.0340689069571 0.999742054587 0.000251522247976 0.999941480294 0
