-0.105719936887 0.999718317427 0.000161147052906 1.00001624111 0.0
-0.105012797667 1.00006294906 0.000161147052906 1.00001624111 0.0
-0.104305658446 1.00002378252 0.000161147052906 1.00001624111 0.0
-0.103598519226 1.00001144934 0.000161147052906 1.00001624111 0.0
-0.102891380006 1.00000947031 0.000161147052906 1.00001624111 0.0
-0.102184240786 1.00006014149 0.000161147052906 1.00001624111 0.0
-0.101477101565 0.99981013201 0.000161147052906 1.00001624111 0.0
-0.100769962345 0.999941619836 0.000161147052906 1.00001624111 0.0
-0.100062823125 1.00008328736 0.000161147052906 1.00001624111 0.0
-0.0993556839043 0.999947772454 0.000161147052906 1.00001624111 0.0
-0.098648544684 1.00000283452 0.000161147052906 1.00001624111 0.0
-0.0979414054636 1.00004666092 0.000161147052906 1.00001624111 0.0
-0.0972342662433 1.00013226513 0.000161147052906 1.00001624111 0.0
-0.096527127023 1.00000099679 0.000161147052906 1.00001624111 0.0
-0.0958199878027 1.00011127924 0.000161147052906 1.00001624111 0.0
-0.0951128485824 0.999907980324 0.000161147052906 1.00001624111 0.0
-0.0944057093621 0.999934421575 0.000161147052906 1.00001624111 0.0
-0.0936985701418 1.00018748511 0.000161147052906 1.00001624111 0.0
-0.0929914309214 1.00001697366 0.000161147052906 1.00001624111 0.0
-0.0922842917011 0.99998297964 0.000161147052906 1.00001624111 0.0
-0.0915771524808 1.00005408389 0.000161147052906 1.00001624111 0.0
-0.0908700132605 0.999986524698 0.000161147052906 1.00001624111 0.0
-0.0901628740402 1.00001877709 0.000161147052906 1.00001624111 0.0
-0.0894557348199 0.999720428928 0.000161147052906 1.00001624111 0.0
-0.0887485955996 0.999398596661 0.000161147052906 1.00001065148 1.0
-0.0880414563792 0.999808876921 0.000161147052906 0.999860238046 1.0
-0.0873343171589 0.99982690443 0.000161147052906 0.999601039127 1.0
-0.0866271779386 0.999460277629 0.000161147052906 0.999262306776 1.0
-0.0859200387183 0.999285158641 0.000161147052906 0.998856545882 1.0
-0.085212899498 0.998750845367 0.000161147052906 0.998391520759 1.0
-0.0845057602777 0.998111552676 0.000161147052906 0.997872788839 1.0
-0.0837986210574 0.997217947176 0.000161147052906 0.997304659426 1.0
-0.0830914818371 0.996862904342 0.000161147052906 0.996690652481 1.0
-0.0823843426167 0.996509870145 0.000161147052906 0.996033750705 1.0
-0.0816772033964 0.995635322236 0.000161147052906 0.995336551565 1.0
-0.0809700641761 0.994977609627 0.000161147052906 0.994601365387 1.0
-0.0802629249558 0.994395823953 0.000161147052906 0.993830282 1.0
-0.0795557857355 0.993178808165 0.000161147052906 0.993025217899 1.0
-0.0788486465152 0.992447236749 0.000161147052906 0.992187950753 1.0
-0.0781415072949 0.991493515876 0.000161147052906 0.991320145366 1.0
-0.0774343680745 0.990656688019 0.000161147052906 0.990423373668 1.0
-0.0767272288542 0.98967464823 0.000161147052906 0.989499130427 1.0
-0.0760200896339 0.989112250236 0.000161147052906 0.988548845828 1.0
-0.0753129504136 0.987856535108 0.000161147052906 0.987573895697 1.0
-0.0746058111933 0.98649416419 0.000161147052906 0.986575609931 1.0
-0.073898671973 0.985717584963 0.000161147052906 0.985555279553 1.0
-0.0731915327527 0.984458641873 0.000161147052906 0.984514162673 1.0
-0.0724843935323 0.983456449316 0.000161147052906 0.983453489597 1.0
-0.071777254312 0.982194047784 0.000161147052906 0.982374467239 1.0
-0.0710701150917 0.981109946203 0.000161147052906 0.981278282991 1.0
-0.0703629758714 0.980076210418 0.000161147052906 0.980166108128 1.0
-0.0696558366511 0.978915514908 0.000161147052906 0.979039100861 1.0
-0.0689486974308 0.977656838538 0.000161147052906 0.977898409078 1.0
-0.0682415582105 0.976416813193 0.000161147052906 0.976745172848 1.0
-0.0675344189901 0.97518315523 0.000161147052906 0.975580526714 1.0
-0.0668272797698 0.974257109883 0.000161147052906 0.974405601839 1.0
-0.0661201405495 0.97316683536 0.000161147052906 0.973221528007 1.0
-0.0654130013292 0.972134135831 0.000161147052906 0.972029435534 1.0
-0.0647058621089 0.97051219285 0.000161147052906 0.970830457097 1.0
-0.0639987228886 0.969483456885 0.000161147052906 0.96962572951 1.0
-0.0632915836683 0.968032052286 0.000161147052906 0.968416395478 1.0
-0.0625844444479 0.966994837161 0.000161147052906 0.967203605326 1.0
-0.0618773052276 0.965541138188 0.000161147052906 0.965988518752 1.0
-0.0611701660073 0.964372577237 0.000161147052906 0.964772306609 1.0
-0.060463026787 0.963480603009 0.000161147052906 0.963556152739 1.0
-0.0597558875667 0.962648122134 0.000161147052906 0.962341255896 1.0
-0.0590487483464 0.961045169062 0.000161147052906 0.961128831771 1.0
-0.0583416091261 0.959623745611 0.000161147052906 0.959920115169 1.0
-0.0576344699057 0.958554328775 0.000161147052906 0.958716362357 1.0
-0.0569273306854 0.957175124534 0.000161147052906 0.957518853649 1.0
-0.0562201914651 0.95615074195 0.000161147052906 0.956328896271 1.0
-0.0555130522448 0.955354610411 0.000161147052906 0.955147827579 1.0
-0.0548059130245 0.953682790605 0.000161147052906 0.953977018716 1.0
-0.0540987738042 0.952767565438 0.000161147052906 0.952817878824 1.0
-0.0533916345839 0.951558301817 0.000161147052906 0.951671859938 1.0
-0.0526844953635 0.950424483805 0.000161147052906 0.950540462763 1.0
-0.0519773561432 0.949419207109 0.000161147052906 0.949425243559 1.0
-0.0512702169229 0.948509444599 0.000161147052906 0.948327822474 1.0
-0.0505630777026 0.947442979994 0.000161147052906 0.947249893747 1.0
-0.0498559384823 0.946347611305 0.000161147052906 0.946193238421 1.0
-0.049148799262 0.945312376211 0.000161147052906 0.945159740413 1.0
-0.0484416600417 0.944302071659 0.000161147052906 0.944151407212 1.0
-0.0477345208213 0.943363907752 0.000161147052906 0.9431703971 1.0
-0.047027381601 0.942110360494 0.000161147052906 0.942219055795 1.0
-0.0463202423807 0.941446591769 0.000161147052906 0.941299967176 1.0
-0.0456131031604 0.940515318837 0.000161147052906 0.94041602591 1.0
-0.0449059639401 0.939798056846 0.000161147052906 0.939570545836 1.0
-0.0441988247198 0.938728007683 0.000161147052906 0.938767430479 1.0
-0.0434916854995 0.938067529418 0.000161147052906 0.93801146085 1.0
-0.0427845462791 0.937646428545 0.000161147052906 0.937308831319 1.0
-0.0420774070588 0.93702280304 0.000161147052906 0.936668308568 1.0
-0.0413702678385 0.936023356705 0.000161147052906 0.936104503687 1.0
-0.0406631286182 0.935958898087 0.000161147052906 0.935660383393 3.0
-0.0399559893979 0.93545653463 0.000161147052906 0.935339613655 3.0
-0.0392488501776 0.934610140833 0.000161147052906 0.935038473711 3.0
-0.0385417109573 0.934966495312 0.000161147052906 0.934753107064 3.0
-0.0378345717369 0.934752694904 0.000161147052906 0.934481415935 3.0
-0.0371274325166 0.934453844888 0.000161147052906 0.934221955374 3.0
-0.0364202932963 0.934066466691 0.000161147052906 0.933973633387 3.0
-0.035713154076 0.933939115436 0.000161147052906 0.933735580226 3.0
-0.0350060148557 0.933726850994 0.000161147052906 0.933507079008 3.0
-0.0342988756354 0.932901572991 0.000161147052906 0.93328752434 3.0
-0.0335917364151 0.932953853206 0.000161147052906 0.933076395628 3.0
-0.0328845971947 0.932633043063 0.000161147052906 0.932873238857 3.0
-0.0321774579744 0.932378770141 0.000161147052906 0.9326776536 3.0
-0.0314703187541 0.932336347655 0.000161147052906 0.932489283433 3.0
-0.0307631795338 0.93231623864 0.000161147052906 0.932307808673 3.0
-0.0300560403135 0.932161426092 0.000161147052906 0.932132940735 3.0
-0.0293489010932 0.931653242569 0.000161147052906 0.931964417677 3.0
-0.0286417618729 0.931547672589 0.000161147052906 0.931802000616 3.0
-0.0279346226525 0.931763407533 0.000161147052906 0.931645470803 3.0
-0.0272274834322 0.931636499668 0.000161147052906 0.931494627216 3.0
-0.0265203442119 0.931249494498 0.000161147052906 0.931349284541 3.0
-0.0258132049916 0.931068467587 0.000161147052906 0.931209271483 3.0
-0.0251060657713 0.931219421714 0.000161147052906 0.931074429321 3.0
-0.024398926551 0.930948796515 0.000161147052906 0.930944610675 3.0
-0.0236917873307 0.93068515629 0.000161147052906 0.930819678449 3.0
-0.0229846481104 0.930860725254 0.000161147052906 0.9306995049 3.0
-0.02227750889 0.930247051896 0.000161147052906 0.930583970841 3.0
-0.0215703696697 0.930434651612 0.000161147052906 0.930472964935 3.0
-0.0208632304494 0.929957678531 0.000161147052906 0.930366383072 3.0
-0.0201560912291 0.93066589376 0.000161147052906 0.930264127823 3.0
-0.0194489520088 0.93005538819 0.000161147052906 0.930166107951 3.0
-0.0187418127885 0.929798129694 0.000161147052906 0.93007223798 3.0
-0.0180346735682 0.929990021041 0.000161147052906 0.929982437803 3.0
-0.0173275343478 0.929878784193 0.000161147052906 0.929896632341 3.0
-0.0166203951275 0.929918512589 0.000161147052906 0.929814751227 3.0
-0.0159132559072 0.930367935627 0.000161147052906 0.929736728524 3.0
-0.0152061166869 0.92992753566 0.000161147052906 0.929662502479 3.0
-0.0144989774666 0.92980498502 0.000161147052906 0.929592015287 3.0
-0.0137918382463 0.92906120651 0.000161147052906 0.929525212889 3.0
-0.013084699026 0.929050735908 0.000161147052906 0.929462044784 3.0
-0.0123775598056 0.929247268821 0.000161147052906 0.929402463857 3.0
-0.0116704205853 0.929085170801 0.000161147052906 0.92934642623 3.0
-0.010963281365 0.929808376998 0.000161147052906 0.929293891119 3.0
-0.0102561421447 0.928762094963 0.000161147052906 0.929244820709 3.0
-0.00954900292438 0.929539705049 0.000161147052906 0.929199180042 3.0
-0.00884186370407 0.929222149379 0.000161147052906 0.929156936908 3.0
-0.00813472448375 0.928784373693 0.000161147052906 0.92911806176 3.0
-0.00742758526344 0.929378090662 0.000161147052906 0.929082527623 3.0
-0.00672044604313 0.929611292286 0.000161147052906 0.929050310021 3.0
-0.00601330682281 0.928830208793 0.000161147052906 0.929021386913 3.0
-0.0053061676025 0.92899086594 0.000161147052906 0.928995738628 3.0
-0.00459902838218 0.929213455566 0.000161147052906 0.928973347817 3.0
-0.00389188916187 0.929169716023 0.000161147052906 0.928954199405 3.0
-0.00318474994155 0.929340802427 0.000161147052906 0.928938280553 3.0
-0.00247761072124 0.928871132782 0.000161147052906 0.928925580622 3.0
-0.00177047150093 0.928743841499 0.000161147052906 0.928916091149 3.0
-0.00106333228061 0.928961470948 0.000161147052906 0.928909805824 3.0
-0.000356193060298 0.92880500028 0.000161147052906 0.928906720474 3.0
0.000350946160016 0.928791966866 0.000161147052906 0.928906833053 3.0
0.00105808538033 0.928797762849 0.000161147052906 0.928910143634 3.0
0.00176522460064 0.929279276869 0.000161147052906 0.928916654415 3.0
0.00247236382096 0.928970014497 0.000161147052906 0.928926369718 3.0
0.00317950304127 0.928685372386 0.000161147052906 0.928939296004 3.0
0.00388664226159 0.928966072688 0.000161147052906 0.92895544189 3.0
0.0045937814819 0.929006621792 0.000161147052906 0.928974818166 3.0
0.00530092070221 0.929257097051 0.000161147052906 0.928997437829 3.0
0.00600805992253 0.929352330841 0.000161147052906 0.929023316113 3.0
0.00671519914284 0.929204600716 0.000161147052906 0.929052470529 3.0
0.00742233836316 0.928960472285 0.000161147052906 0.929084920913 3.0
0.00812947758347 0.929657608003 0.000161147052906 0.929120689475 3.0
0.00883661680379 0.929052100402 0.000161147052906 0.929159800864 3.0
0.0095437560241 0.929330345607 0.000161147052906 0.929202282234 3.0
0.0102508952444 0.929099389054 0.000161147052906 0.929248163319 3.0
0.0109580344647 0.929266991065 0.000161147052906 0.929297476515 3.0
0.011665173685 0.929242729562 0.000161147052906 0.929350256981 3.0
0.0123723129054 0.929251925154 0.000161147052906 0.929406542737 3.0
0.0130794521257 0.929454301139 0.000161147052906 0.929466374778 3.0
0.013786591346 0.929669186814 0.000161147052906 0.929529797209 3.0
0.0144937305663 0.929284490371 0.000161147052906 0.929596857375 3.0
0.0152008697866 0.929439276275 0.000161147052906 0.929667606023 3.0
0.0159080090069 0.929637763741 0.000161147052906 0.92974209747 3.0
0.0166151482272 0.929497134427 0.000161147052906 0.92982038979 3.0
0.0173222874476 0.92920683686 0.000161147052906 0.929902545026 3.0
0.0180294266679 0.93004287748 0.000161147052906 0.929988629416 3.0
0.0187365658882 0.93033665233 0.000161147052906 0.93007871365 3.0
0.0194437051085 0.929666450984 0.000161147052906 0.930172873151 3.0
0.0201508443288 0.929930650847 0.000161147052906 0.93027118839 3.0
0.0208579835491 0.930595871187 0.000161147052906 0.930373745238 3.0
0.0215651227694 0.93031627595 0.000161147052906 0.930480635353 3.0
0.0222722619898 0.930752940225 0.000161147052906 0.930591956616 3.0
0.0229794012101 0.930983442517 0.000161147052906 0.930707813629 3.0
0.0236865404304 0.930488988654 0.000161147052906 0.930828318259 3.0
0.0243936796507 0.930443688322 0.000161147052906 0.930953590274 3.0
0.025100818871 0.931209637296 0.000161147052906 0.931083758044 3.0
0.0258079580913 0.931252685391 0.000161147052906 0.931218959361 3.0
0.0265150973116 0.931279074872 0.000161147052906 0.931359342366 3.0
0.027222236532 0.93148522752 0.000161147052906 0.931505066621 3.0
0.0279293757523 0.931753746306 0.000161147052906 0.931656304361 3.0
0.0286365149726 0.931329788694 0.000161147052906 0.931813241945 3.0
0.0293436541929 0.93174384552 0.000161147052906 0.931976081575 3.0
0.0300507934132 0.931734243537 0.000161147052906 0.932145043332 3.0
0.0307579326335 0.93183088213 0.000161147052906 0.932320367622 3.0
0.0314650718538 0.932193716097 0.000161147052906 0.932502318136 3.0
0.0321722110742 0.932496776172 0.000161147052906 0.93269118549 3.0
0.0328793502945 0.933373864015 0.000161147052906 0.932887291755 3.0
0.0335864895148 0.933114855426 0.000161147052906 0.933090996193 3.0
0.0342936287351 0.933679307182 0.000161147052906 0.933302702658 3.0
0.0350007679554 0.933629916874 0.000161147052906 0.933522869379 3.0
0.0357079071757 0.933789484766 0.000161147052906 0.933752022249 3.0
0.036415046396 0.933685384974 0.000161147052906 0.933990773511 3.0
0.0371221856164 0.934355859507 0.000161147052906 0.934239849231 3.0
0.0378293248367 0.934587174247 0.000161147052906 0.934500132082 3.0
0.038536464057 0.934905718774 0.000161147052906 0.934772733566 3.0
0.0392436032773 0.935342150481 0.000161147052906 0.935059131522 3.0
0.0399507424976 0.935355582741 0.000161147052906 0.935361491764 3.0
0.0406578817179 0.935904733465 0.000161147052906 0.935690683518 3.0
0.0413650209382 0.93670158205 0.000161147052906 0.936141184671 2.0
0.0420721601585 0.936954982636 0.000161147052906 0.93671112464 2.0
0.0427792993789 0.937497016109 0.000161147052906 0.937356397013 2.0
0.0434864385992 0.938109082525 0.000161147052906 0.938063029061 2.0
0.0441935778195 0.939543596654 0.000161147052906 0.938822500288 2.0
0.0449007170398 0.940070273692 0.000161147052906 0.939628742738 2.0
0.0456078562601 0.941071757109 0.000161147052906 0.940477050636 2.0
0.0463149954804 0.941988053123 0.000161147052906 0.941363569559 2.0
0.0470221347007 0.942629091499 0.000161147052906 0.942285019825 2.0
0.0477292739211 0.943416590215 0.000161147052906 0.943238531672 2.0
0.0484364131414 0.944904124286 0.000161147052906 0.944221540051 2.0
0.0491435523617 0.945108072223 0.000161147052906 0.945231713905 2.0
0.049850691582 0.946682644861 0.000161147052906 0.946266906638 2.0
0.0505578308023 0.947367649299 0.000161147052906 0.947325120263 2.0
0.0512649700226 0.94833772761 0.000161147052906 0.948404478722 2.0
0.0519721092429 0.949542923217 0.000161147052906 0.949503207566 2.0
0.0526792484633 0.951021462801 0.000161147052906 0.950619618153 2.0
0.0533863876836 0.951552943091 0.000161147052906 0.951752095145 2.0
0.0540935269039 0.952366017143 0.000161147052906 0.952899086446 2.0
0.0548006661242 0.95393660391 0.000161147052906 0.954059094989 2.0
0.0555078053445 0.955331742276 0.000161147052906 0.955230671938 2.0
0.0562149445648 0.956121843662 0.000161147052906 0.956412410978 2.0
0.0569220837851 0.95717694421 0.000161147052906 0.957602943473 2.0
0.0576292230055 0.95838324497 0.000161147052906 0.958800934306 2.0
0.0583363622258 0.959978520211 0.000161147052906 0.960005078245 2.0
0.0590435014461 0.961031086014 0.000161147052906 0.96121409676 2.0
0.0597506406664 0.962238226829 0.000161147052906 0.962426735175 2.0
0.0604577798867 0.963085048315 0.000161147052906 0.963641760108 2.0
0.061164919107 0.964584030234 0.000161147052906 0.964857957129 2.0
0.0618720583273 0.965827943408 0.000161147052906 0.966074128598 2.0
0.0625791975477 0.967101648259 0.000161147052906 0.967289091651 2.0
0.063286336768 0.968348372598 0.000161147052906 0.968501676278 2.0
0.0639934759883 0.969215476895 0.000161147052906 0.969710723501 2.0
0.0647006152086 0.970785155998 0.000161147052906 0.970915083586 2.0
0.0654077544289 0.972046470223 0.000161147052906 0.972113614302 2.0
0.0661148936492 0.972791712085 0.000161147052906 0.973305179182 2.0
0.0668220328695 0.974403753932 0.000161147052906 0.974488645774 2.0
0.0675291720899 0.975656283679 0.000161147052906 0.975662883861 2.0
0.0682363113102 0.976301455055 0.000161147052906 0.976826763625 2.0
0.0689434505305 0.977698780175 0.000161147052906 0.977979153732 2.0
0.0696505897508 0.978980383304 0.000161147052906 0.979118919322 2.0
0.0703577289711 0.980483292425 0.000161147052906 0.980244919852 2.0
0.0710648681914 0.981338046045 0.000161147052906 0.981356006792 2.0
0.0717720074117 0.982612154812 0.000161147052906 0.982451021105 2.0
0.0724791466321 0.983673706184 0.000161147052906 0.983528790482 2.0
0.0731862858524 0.984600481486 0.000161147052906 0.984588126276 2.0
0.0738934250727 0.985682096062 0.000161147052906 0.985627820056 2.0
0.074600564293 0.986862004138 0.000161147052906 0.986646639711 2.0
0.0753077035133 0.987540183304 0.000161147052906 0.987643324989 2.0
0.0760148427336 0.988892451481 0.000161147052906 0.988616582337 2.0
0.0767219819539 0.989843867785 0.000161147052906 0.989565078868 2.0
0.0774291211743 0.990562966119 0.000161147052906 0.990487435222 2.0
0.0781362603946 0.991345944459 0.000161147052906 0.991382217028 2.0
0.0788433996149 0.992203060438 0.000161147052906 0.992247924525 2.0
0.0795505388352 0.993240866496 0.000161147052906 0.9930829798 2.0
0.0802576780555 0.994089320807 0.000161147052906 0.993885710817 2.0
0.0809648172758 0.994781239794 0.000161147052906 0.994654331063 2.0
0.0816719564961 0.995802721522 0.000161147052906 0.995386913085 2.0
0.0823790957165 0.996610690563 0.000161147052906 0.996081353255 2.0
0.0830862349368 0.996708163349 0.000161147052906 0.996735323492 2.0
0.0837933741571 0.997673297162 0.000161147052906 0.997346202881 2.0
0.0845005133774 0.997957060894 0.000161147052906 0.997910976696 2.0
0.0852076525977 0.99863525735 0.000161147052906 0.998426079242 2.0
0.085914791818 0.999280646772 0.000161147052906 0.998887131818 2.0
0.0866219310383 0.999022145264 0.000161147052906 0.999288462015 2.0
0.0873290702587 0.99957210702 0.000161147052906 0.999622086643 2.0
0.088036209479 0.999581730195 0.000161147052906 0.999874960369 2.0
0.0887433486993 0.999815429974 0.000161147052906 1.00001459727 2.0
0.0894504879196 1.00000957839 0.000161147052906 1.00001624111 0.0
0.0901576271399 0.99993381829 0.000161147052906 1.00001624111 0.0
0.0908647663602 0.999833860113 0.000161147052906 1.00001624111 0.0
0.0915719055805 0.999980073302 0.000161147052906 1.00001624111 0.0
0.0922790448009 0.99978021871 0.000161147052906 1.00001624111 0.0
0.0929861840212 0.999918314566 0.000161147052906 1.00001624111 0.0
0.0936933232415 0.999941415078 0.000161147052906 1.00001624111 0.0
0.0944004624618 0.999868391753 0.000161147052906 1.00001624111 0.0
0.0951076016821 1.00010907344 0.000161147052906 1.00001624111 0.0
0.0958147409024 1.00025522406 0.000161147052906 1.00001624111 0.0
0.0965218801227 1.00008789166 0.000161147052906 1.00001624111 0.0
0.0972290193431 0.999937230102 0.000161147052906 1.00001624111 0.0
0.0979361585634 0.99962922381 0.000161147052906 1.00001624111 0.0
0.0986432977837 0.99975286906 0.000161147052906 1.00001624111 0.0
0.099350437004 0.999895520081 0.000161147052906 1.00001624111 0.0
0.100057576224 1.00012083425 0.000161147052906 1.00001624111 0.0
0.100764715445 1.00007803368 0.000161147052906 1.00001624111 0.0
0.101471854665 0.999914989073 0.000161147052906 1.00001624111 0.0
0.102178993885 0.999857264411 0.000161147052906 1.00001624111 0.0
0.102886133106 1.0001829328 0.000161147052906 1.00001624111 0.0
0.103593272326 0.999893138242 0.000161147052906 1.00001624111 0.0
0.104300411546 1.00002665442 0.000161147052906 1.00001624111 0.0
0.105007550767 1.0000457979 0.000161147052906 1.00001624111 0.0
0.105714689987 0.999992964814 0.000161147052906 1.00001624111 0.0
