-0.109669181414 1.00021068599 0.000139075838598 0.999998716495 0.0
-0.108934049373 0.999894293411 0.000139075838598 0.999998716495 0.0
-0.108198917332 0.999874898659 0.000139075838598 0.999998716495 0.0
-0.107463785291 0.999807248472 0.000139075838598 0.999998716495 0.0
-0.10672865325 1.00004355363 0.000139075838598 0.999998716495 0.0
-0.105993521209 0.999825866801 0.000139075838598 0.999998716495 0.0
-0.105258389168 1.00004254644 0.000139075838598 0.999998716495 0.0
-0.104523257127 0.999955792163 0.000139075838598 0.999998716495 0.0
-0.103788125086 1.0000398209 0.000139075838598 0.999998716495 0.0
-0.103052993045 0.99977736698 0.000139075838598 0.999998716495 0.0
-0.102317861004 0.99995539904 0.000139075838598 0.999998716495 0.0
-0.101582728963 1.00017338064 0.000139075838598 0.999998716495 0.0
-0.100847596922 0.999991935447 0.000139075838598 0.999998716495 0.0
-0.100112464881 0.999926938107 0.000139075838598 0.999998716495 0.0
-0.0993773328402 0.999836971153 0.000139075838598 0.999998716495 0.0
-0.0986422007992 1.00000499871 0.000139075838598 0.999998716495 0.0
-0.0979070687582 0.999947809828 0.000139075838598 0.999998716495 0.0
-0.0971719367172 0.999972216636 0.000139075838598 0.999998716495 0.0
-0.0964368046762 0.999857761496 0.000139075838598 0.999998716495 0.0
-0.0957016726353 1.00009833972 0.000139075838598 0.999998716495 0.0
-0.0949665405943 0.99986537357 0.000139075838598 0.999998716495 0.0
-0.0942314085533 0.999851181464 0.000139075838598 0.999998716495 0.0
-0.0934962765123 1.00009670928 0.000139075838598 0.999998716495 0.0
-0.0927611444713 0.999815805644 0.000139075838598 0.999991619068 1.0
-0.0920260124304 0.999755552217 0.000139075838598 0.999922913757 1.0
-0.0912908803894 0.999700295559 0.000139075838598 0.999812544048 1.0
-0.0905557483484 0.999833438979 0.000139075838598 0.99967052372 1.0
-0.0898206163074 0.999700184448 0.000139075838598 0.999501669737 1.0
-0.0890854842664 0.999360274189 0.000139075838598 0.999309114858 1.0
-0.0883503522254 0.999465121553 0.000139075838598 0.999095170802 1.0
-0.0876152201845 0.99943991116 0.000139075838598 0.998861671075 1.0
-0.0868800881435 0.999079183607 0.000139075838598 0.998610139688 1.0
-0.0861449561025 0.998711301272 0.000139075838598 0.998341885659 1.0
-0.0854098240615 0.998479718207 0.000139075838598 0.998058060831 1.0
-0.0846746920205 0.998134379938 0.000139075838598 0.9977596976 1.0
-0.0839395599795 0.997882288963 0.000139075838598 0.997447734771 1.0
-0.0832044279386 0.997668915386 0.000139075838598 0.997123035994 1.0
-0.0824692958976 0.997303473578 0.000139075838598 0.996786403316 1.0
-0.0817341638566 0.996733783145 0.000139075838598 0.996438587417 1.0
-0.0809990318156 0.996613123247 0.000139075838598 0.996080295515 1.0
-0.0802638997746 0.996192017367 0.000139075838598 0.995712197574 1.0
-0.0795287677336 0.99571276968 0.000139075838598 0.995334931271 1.0
-0.0787936356927 0.99537903966 0.000139075838598 0.994949106016 1.0
-0.0780585036517 0.994955682226 0.000139075838598 0.994555306251 1.0
-0.0773233716107 0.994433219564 0.000139075838598 0.994154094185 1.0
-0.0765882395697 0.994286765354 0.000139075838598 0.99374601208 1.0
-0.0758531075287 0.993738503493 0.000139075838598 0.993331584181 1.0
-0.0751179754878 0.993218004682 0.000139075838598 0.992911318353 1.0
-0.0743828434468 0.992839904289 0.000139075838598 0.992485707483 1.0
-0.0736477114058 0.992277080374 0.000139075838598 0.992055230684 1.0
-0.0729125793648 0.992252333491 0.000139075838598 0.991620354335 1.0
-0.0721774473238 0.991754933513 0.000139075838598 0.991181532982 1.0
-0.0714423152828 0.991094920094 0.000139075838598 0.990739210125 1.0
-0.0707071832419 0.990907768061 0.000139075838598 0.990293818902 1.0
-0.0699720512009 0.990403857506 0.000139075838598 0.989845782686 1.0
-0.0692369191599 0.989752196152 0.000139075838598 0.989395515613 1.0
-0.0685017871189 0.989552156681 0.000139075838598 0.988943423042 1.0
-0.0677666550779 0.988825503367 0.000139075838598 0.988489901957 1.0
-0.0670315230369 0.987997454573 0.000139075838598 0.988035341322 1.0
-0.066296390996 0.987948518509 0.000139075838598 0.987580122393 1.0
-0.065561258955 0.987228154158 0.000139075838598 0.987124618986 1.0
-0.064826126914 0.986728641004 0.000139075838598 0.986669197718 1.0
-0.064090994873 0.986459256903 0.000139075838598 0.98621421821 1.0
-0.063355862832 0.985750076598 0.000139075838598 0.985760033268 1.0
-0.062620730791 0.985332562665 0.000139075838598 0.985306989035 1.0
-0.0618855987501 0.985098780046 0.000139075838598 0.984855425121 1.0
-0.0611504667091 0.984407213839 0.000139075838598 0.984405674717 1.0
-0.0604153346681 0.984196012035 0.000139075838598 0.983958064685 1.0
-0.0596802026271 0.983205278292 0.000139075838598 0.983512915637 1.0
-0.0589450705861 0.982917011119 0.000139075838598 0.983070541995 1.0
-0.0582099385451 0.982787665198 0.000139075838598 0.982631252039 1.0
-0.0574748065042 0.982337749238 0.000139075838598 0.982195347946 1.0
-0.0567396744632 0.981873795252 0.000139075838598 0.981763125813 1.0
-0.0560045424222 0.981470870304 0.000139075838598 0.981334875679 1.0
-0.0552694103812 0.98091045483 0.000139075838598 0.980910881529 1.0
-0.0545342783402 0.980596786294 0.000139075838598 0.980491421303 1.0
-0.0537991462993 0.980090645452 0.000139075838598 0.980076766888 1.0
-0.0530640142583 0.979900708279 0.000139075838598 0.979667184115 1.0
-0.0523288822173 0.979276149561 0.000139075838598 0.979262932751 1.0
-0.0515937501763 0.978692691657 0.000139075838598 0.978864266488 1.0
-0.0508586181353 0.978234423259 0.000139075838598 0.978471432936 1.0
-0.0501234860943 0.97786999381 0.000139075838598 0.978084673617 1.0
-0.0493883540534 0.97723611816 0.000139075838598 0.977704223961 1.0
-0.0486532220124 0.977075023277 0.000139075838598 0.977330313316 1.0
-0.0479180899714 0.976610687373 0.000139075838598 0.97696316496 1.0
-0.0471829579304 0.976388989985 0.000139075838598 0.976602996129 1.0
-0.0464478258894 0.975949757972 0.000139075838598 0.976250018064 1.0
-0.0457126938484 0.975302501254 0.000139075838598 0.975904436073 1.0
-0.0449775618075 0.975307679044 0.000139075838598 0.975566449624 1.0
-0.0442424297665 0.974949250683 0.000139075838598 0.975236252464 1.0
-0.0435072977255 0.974295517735 0.000139075838598 0.97491403279 1.0
-0.0427721656845 0.973954389176 0.000139075838598 0.974599973454 1.0
-0.0420370336435 0.973988278226 0.000139075838598 0.974294252244 1.0
-0.0413019016025 0.973322992982 0.000139075838598 0.973997042232 1.0
-0.0405667695616 0.973233822787 0.000139075838598 0.973708512233 1.0
-0.0398316375206 0.972819218853 0.000139075838598 0.973428827377 1.0
-0.0390965054796 0.972456088827 0.000139075838598 0.973158149848 1.0
-0.0383613734386 0.972451014504 0.000139075838598 0.972896639834 1.0
-0.0376262413976 0.97185366517 0.000139075838598 0.972644456751 1.0
-0.0368911093567 0.971633830046 0.000139075838598 0.972401760843 1.0
-0.0361559773157 0.971350110707 0.000139075838598 0.972168715281 1.0
-0.0354208452747 0.971177860715 0.000139075838598 0.971945488986 1.0
-0.0346857132337 0.971296799136 0.000139075838598 0.971732260464 1.0
-0.0339505811927 0.970982848465 0.000139075838598 0.971529223148 1.0
-0.0332154491517 0.970461388787 0.000139075838598 0.971336593066 1.0
-0.0324803171108 0.970643668041 0.000139075838598 0.97115462021 1.0
-0.0317451850698 0.969958157068 0.000139075838598 0.970983606217 1.0
-0.0310100530288 0.970134828557 0.000139075838598 0.970823933509 1.0
-0.0302749209878 0.969489964844 0.000139075838598 0.970676117441 1.0
-0.0295397889468 0.969714620283 0.000139075838598 0.970540911307 1.0
-0.0288046569058 0.969412673359 0.000139075838598 0.97041956248 1.0
-0.0280695248649 0.969233134033 0.000139075838598 0.970314738935 3.0
-0.0273343928239 0.969034560196 0.000139075838598 0.970235119975 3.0
-0.0265992607829 0.969117276446 0.000139075838598 0.970165821449 3.0
-0.0258641287419 0.969211905892 0.000139075838598 0.970100613214 3.0
-0.0251289967009 0.969036595735 0.000139075838598 0.970038997449 3.0
-0.0243938646599 0.969206831839 0.000139075838598 0.969980641098 3.0
-0.023658732619 0.968592790832 0.000139075838598 0.969925291171 3.0
-0.022923600578 0.968570423113 0.000139075838598 0.969872743579 3.0
-0.022188468537 0.968303578363 0.000139075838598 0.969822827704 3.0
-0.021453336496 0.968167047993 0.000139075838598 0.969775397486 3.0
-0.020718204455 0.968207172057 0.000139075838598 0.96973032577 3.0
-0.019983072414 0.968715522612 0.000139075838598 0.969687500463 3.0
-0.0192479403731 0.968387549716 0.000139075838598 0.9696468218 3.0
-0.0185128083321 0.968903959514 0.000139075838598 0.969608200319 3.0
-0.0177776762911 0.96818454127 0.000139075838598 0.969571555319 3.0
-0.0170425442501 0.968618354588 0.000139075838598 0.969536813654 3.0
-0.0163074122091 0.968511847702 0.000139075838598 0.969503908778 3.0
-0.0155722801682 0.96819841772 0.000139075838598 0.969472779966 3.0
-0.0148371481272 0.968470593655 0.000139075838598 0.969443371679 3.0
-0.0141020160862 0.968539005946 0.000139075838598 0.969415633037 3.0
-0.0133668840452 0.968281398964 0.000139075838598 0.969389517376 3.0
-0.0126317520042 0.968745091964 0.000139075838598 0.96936498187 3.0
-0.0118966199632 0.968749364555 0.000139075838598 0.969341987215 3.0
-0.0111614879223 0.96827018173 0.000139075838598 0.969320497355 3.0
-0.0104263558813 0.969103788995 0.000139075838598 0.969300479244 3.0
-0.00969122384029 0.96857507341 0.000139075838598 0.969281902644 3.0
-0.00895609179931 0.968688766868 0.000139075838598 0.969264739947 3.0
-0.00822095975833 0.968611039043 0.000139075838598 0.969248966019 3.0
-0.00748582771734 0.968583395895 0.000139075838598 0.969234558069 3.0
-0.00675069567636 0.968662621237 0.000139075838598 0.969221495529 3.0
-0.00601556363538 0.968873114742 0.000139075838598 0.969209759953 3.0
-0.00528043159439 0.969275637824 0.000139075838598 0.969199334929 3.0
-0.00454529955341 0.968276173947 0.000139075838598 0.969190206003 3.0
-0.00381016751243 0.9692316524 0.000139075838598 0.969182360611 3.0
-0.00307503547145 0.969152929136 0.000139075838598 0.969175788026 3.0
-0.00233990343046 0.969412169575 0.000139075838598 0.96917047931 3.0
-0.00160477138948 0.969528114377 0.000139075838598 0.969166427275 3.0
-0.000869639348499 0.969279463436 0.000139075838598 0.969163626456 3.0
-0.000134507307516 0.969466685128 0.000139075838598 0.969162073081 3.0
0.000600624733467 0.969474274473 0.000139075838598 0.969161765066 3.0
0.00133575677445 0.968947192765 0.000139075838598 0.969162701995 3.0
0.00207088881543 0.969384384087 0.000139075838598 0.969164885128 3.0
0.00280602085641 0.969241203042 0.000139075838598 0.969168317399 3.0
0.0035411528974 0.969396864677 0.000139075838598 0.969173003432 3.0
0.00427628493838 0.969572422969 0.000139075838598 0.969178949561 3.0
0.00501141697936 0.969359663551 0.000139075838598 0.969186163853 3.0
0.00574654902035 0.969322627521 0.000139075838598 0.969194656144 3.0
0.00648168106133 0.969978077243 0.000139075838598 0.969204438083 3.0
0.00721681310231 0.969661929481 0.000139075838598 0.969215523181 3.0
0.00795194514329 0.969262517506 0.000139075838598 0.969227926872 3.0
0.00868707718428 0.969661035933 0.000139075838598 0.969241666585 3.0
0.00942220922526 0.969447816243 0.000139075838598 0.969256761826 3.0
0.0101573412662 0.969751054247 0.000139075838598 0.969273234273 3.0
0.0108924733072 0.970017945474 0.000139075838598 0.969291107884 3.0
0.0116276053482 0.969928765339 0.000139075838598 0.969310409025 3.0
0.0123627373892 0.969857988829 0.000139075838598 0.969331166612 3.0
0.0130978694302 0.970394694233 0.000139075838598 0.969353412278 3.0
0.0138330014712 0.969986611679 0.000139075838598 0.969377180561 3.0
0.0145681335121 0.970174471246 0.000139075838598 0.969402509127 3.0
0.0153032655531 0.970519093352 0.000139075838598 0.969429439022 3.0
0.0160383975941 0.970291308233 0.000139075838598 0.969458014968 3.0
0.0167735296351 0.970310820027 0.000139075838598 0.969488285706 3.0
0.0175086616761 0.970388687108 0.000139075838598 0.969520304412 3.0
0.0182437937171 0.97075449599 0.000139075838598 0.96955412917 3.0
0.018978925758 0.970688464355 0.000139075838598 0.969589823558 3.0
0.019714057799 0.970581643273 0.000139075838598 0.96962745735 3.0
0.02044918984 0.970910853438 0.000139075838598 0.969667107375 3.0
0.021184321881 0.971107507874 0.000139075838598 0.969708858589 3.0
0.021919453922 0.970892779137 0.000139075838598 0.969752805441 3.0
0.0226545859629 0.970952667682 0.000139075838598 0.969799053631 3.0
0.0233897180039 0.970895167821 0.000139075838598 0.969847722462 3.0
0.0241248500449 0.970709437603 0.000139075838598 0.969898948067 3.0
0.0248599820859 0.970912271802 0.000139075838598 0.969952888045 3.0
0.0255951141269 0.971403624115 0.000139075838598 0.970009728514 3.0
0.0263302461679 0.970911537892 0.000139075838598 0.97006969569 3.0
0.0270653782088 0.971313659573 0.000139075838598 0.970133077371 3.0
0.0278005102498 0.971704571582 0.000139075838598 0.970200271814 3.0
0.0285356422908 0.971466311927 0.000139075838598 0.970277943256 2.0
0.0292707743318 0.971591797303 0.000139075838598 0.970365328478 2.0
0.0300059063728 0.971312398049 0.000139075838598 0.970479016392 2.0
0.0307410384138 0.971635468428 0.000139075838598 0.970607570985 2.0
0.0314761704547 0.971846936422 0.000139075838598 0.970749262601 2.0
0.0322113024957 0.972064141554 0.000139075838598 0.970903143624 2.0
0.0329464345367 0.971945722848 0.000139075838598 0.971068599632 2.0
0.0336815665777 0.971995013891 0.000139075838598 0.971245191156 2.0
0.0344166986187 0.972540070695 0.000139075838598 0.971432581263 2.0
0.0351518306597 0.971857599069 0.000139075838598 0.971630497162 2.0
0.0358869627006 0.972800664384 0.000139075838598 0.971838707749 2.0
0.0366220947416 0.972484164735 0.000139075838598 0.972057009557 2.0
0.0373572267826 0.972753500787 0.000139075838598 0.972285217481 2.0
0.0380923588236 0.973093238632 0.000139075838598 0.972523158415 2.0
0.0388274908646 0.973063446335 0.000139075838598 0.972770666751 2.0
0.0395626229055 0.973373688655 0.000139075838598 0.973027581097 2.0
0.0402977549465 0.973871037596 0.000139075838598 0.973293741854 2.0
0.0410328869875 0.974254598878 0.000139075838598 0.973568989392 2.0
0.0417680190285 0.974364521194 0.000139075838598 0.973853162647 2.0
0.0425031510695 0.974856424086 0.000139075838598 0.974146098051 2.0
0.0432382831105 0.975010462375 0.000139075838598 0.974447628694 2.0
0.0439734151514 0.975023593583 0.000139075838598 0.974757583674 2.0
0.0447085471924 0.975497723891 0.000139075838598 0.975075787588 2.0
0.0454436792334 0.976075967306 0.000139075838598 0.975402060126 2.0
0.0461788112744 0.976074071077 0.000139075838598 0.975736215769 2.0
0.0469139433154 0.976717770582 0.000139075838598 0.97607806354 2.0
0.0476490753564 0.976634901682 0.000139075838598 0.976427406817 2.0
0.0483842073973 0.976989489397 0.000139075838598 0.976784043197 2.0
0.0491193394383 0.977415146469 0.000139075838598 0.977147764385 2.0
0.0498544714793 0.977988502412 0.000139075838598 0.977518356117 2.0
0.0505896035203 0.977910155803 0.000139075838598 0.977895598111 2.0
0.0513247355613 0.978440104432 0.000139075838598 0.978279264025 2.0
0.0520598676023 0.978811964195 0.000139075838598 0.978669121439 2.0
0.0527949996432 0.979169219014 0.000139075838598 0.979064931848 2.0
0.0535301316842 0.97959922393 0.000139075838598 0.979466450652 2.0
0.0542652637252 0.979961603453 0.000139075838598 0.979873427169 2.0
0.0550003957662 0.98024210653 0.000139075838598 0.980285604638 2.0
0.0557355278072 0.981061493769 0.000139075838598 0.980702720226 2.0
0.0564706598482 0.981229325178 0.000139075838598 0.981124505043 2.0
0.0572057918891 0.981415663896 0.000139075838598 0.981550684143 2.0
0.0579409239301 0.982036694271 0.000139075838598 0.981980976534 2.0
0.0586760559711 0.982170834864 0.000139075838598 0.982415095173 2.0
0.0594111880121 0.982825235616 0.000139075838598 0.982852746962 2.0
0.0601463200531 0.98343228649 0.000139075838598 0.983293632736 2.0
0.060881452094 0.983759952096 0.000139075838598 0.983737447238 2.0
0.061616584135 0.98390133301 0.000139075838598 0.984183879093 2.0
0.062351716176 0.98461308887 0.000139075838598 0.984632610757 2.0
0.063086848217 0.984833541378 0.000139075838598 0.985083318471 2.0
0.063821980258 0.985132338847 0.000139075838598 0.985535672186 2.0
0.064557112299 0.98617885268 0.000139075838598 0.985989335481 2.0
0.0652922443399 0.986254336831 0.000139075838598 0.986443965461 2.0
0.0660273763809 0.987005575411 0.000139075838598 0.986899212635 2.0
0.0667625084219 0.98717719141 0.000139075838598 0.987354720777 2.0
0.0674976404629 0.987958115668 0.000139075838598 0.987810126754 2.0
0.0682327725039 0.987812049779 0.000139075838598 0.98826506034 2.0
0.0689679045449 0.98833379208 0.000139075838598 0.988719143994 2.0
0.0697030365858 0.988484264507 0.000139075838598 0.989171992602 2.0
0.0704381686268 0.989185528598 0.000139075838598 0.989623213189 2.0
0.0711733006678 0.9895623005 0.000139075838598 0.99007240459 2.0
0.0719084327088 0.989948203 0.000139075838598 0.990519157066 2.0
0.0726435647498 0.990554181259 0.000139075838598 0.990963051875 2.0
0.0733786967908 0.990950118532 0.000139075838598 0.991403660783 2.0
0.0741138288317 0.991186032327 0.000139075838598 0.991840545496 2.0
0.0748489608727 0.992004799809 0.000139075838598 0.992273257028 2.0
0.0755840929137 0.992167130232 0.000139075838598 0.992701334959 2.0
0.0763192249547 0.992592958088 0.000139075838598 0.993124306598 2.0
0.0770543569957 0.992856199059 0.000139075838598 0.993541686016 2.0
0.0777894890366 0.993540119512 0.000139075838598 0.993952972921 2.0
0.0785246210776 0.993815249156 0.000139075838598 0.994357651363 2.0
0.0792597531186 0.994313344998 0.000139075838598 0.994755188218 2.0
0.0799948851596 0.994758684136 0.000139075838598 0.99514503141 2.0
0.0807300172006 0.995029156397 0.000139075838598 0.99552660781 2.0
0.0814651492416 0.995553206665 0.000139075838598 0.995899320738 2.0
0.0822002812825 0.995776878705 0.000139075838598 0.996262546959 2.0
0.0829354133235 0.996121517844 0.000139075838598 0.996615633042 2.0
0.0836705453645 0.996900507246 0.000139075838598 0.996957890897 2.0
0.0844056774055 0.997108482271 0.000139075838598 0.99728859222 2.0
0.0851408094465 0.997324407679 0.000139075838598 0.9976069615 2.0
0.0858759414875 0.997464106885 0.000139075838598 0.997912167033 2.0
0.0866110735284 0.997988786968 0.000139075838598 0.998203309158 2.0
0.0873462055694 0.998316645706 0.000139075838598 0.99847940449 2.0
0.0880813376104 0.99841514251 0.000139075838598 0.998739364136 2.0
0.0888164696514 0.99863962016 0.000139075838598 0.998981962577 2.0
0.0895516016924 0.998988260264 0.000139075838598 0.999205791181 2.0
0.0902867337334 0.999042475052 0.000139075838598 0.999409184786 2.0
0.0910218657743 0.999244029498 0.000139075838598 0.999590096689 2.0
0.0917569978153 0.999460296941 0.000139075838598 0.999745862036 2.0
0.0924921298563 0.999585276936 0.000139075838598 0.999872670337 2.0
0.0932272618973 0.999665868564 0.000139075838598 0.999963975593 2.0
0.0939623939383 0.999834888328 0.000139075838598 0.999998716495 0.0
0.0946975259793 0.999884433018 0.000139075838598 0.999998716495 0.0
0.0954326580202 0.999845897629 0.000139075838598 0.999998716495 0.0
0.0961677900612 0.999741622747 0.000139075838598 0.999998716495 0.0
0.0969029221022 1.00020846689 0.000139075838598 0.999998716495 0.0
0.0976380541432 1.00012596571 0.000139075838598 0.999998716495 0.0
0.0983731861842 1.00012281576 0.000139075838598 0.999998716495 0.0
0.0991083182251 0.999931122753 0.000139075838598 0.999998716495 0.0
0.0998434502661 1.00016437475 0.000139075838598 0.999998716495 0.0
0.100578582307 1.00019220074 0.000139075838598 0.999998716495 0.0
0.101313714348 1.00035569848 0.000139075838598 0.999998716495 0.0
0.102048846389 1.00010919075 0.000139075838598 0.999998716495 0.0
0.10278397843 0.999996660315 0.000139075838598 0.999998716495 0.0
0.103519110471 1.00016620019 0.000139075838598 0.999998716495 0.0
0.104254242512 0.999905096713 0.000139075838598 0.999998716495 0.0
0.104989374553 1.00037302452 0.000139075838598 0.999998716495 0.0
0.105724506594 0.999954415607 0.000139075838598 0.999998716495 0.0
0.106459638635 1.00016917364 0.000139075838598 0.999998716495 0.0
0.107194770676 1.00034777651 0.000139075838598 0.999998716495 0.0
0.107929902717 1.00008622344 0.000139075838598 0.999998716495 0.0
0.108665034758 1.0002366303 0.000139075838598 0.999998716495 0.0
0.109400166799 0.999880484612 0.000139075838598 0.999998716495 0.0
0.11013529884 1.00003577607 0.000139075838598 0.999998716495 0.0
