-0.0389093371525 1.00021438245 0.000323211073866 1.00003833896 0.0
-0.0386496932697 1.0001723186 0.000323211073866 1.00003833896 0.0
-0.038390049387 1.00048594841 0.000323211073866 1.00003833896 0.0
-0.0381304055042 0.999997644951 0.000323211073866 1.00003833896 0.0
-0.0378707616214 1.00050768665 0.000323211073866 1.00003833896 0.0
-0.0376111177387 1.00079995297 0.000323211073866 1.00003833896 0.0
-0.0373514738559 1.00030516295 0.000323211073866 1.00003833896 0.0
-0.0370918299731 0.999749004197 0.000323211073866 1.00003833896 0.0
-0.0368321860904 1.00080030351 0.000323211073866 1.00003833896 0.0
-0.0365725422076 0.999980576305 0.000323211073866 1.00003833896 0.0
-0.0363128983248 1.00055922282 0.000323211073866 1.00003833896 0.0
-0.0360532544421 1.00004673509 0.000323211073866 1.00003833896 0.0
-0.0357936105593 1.00014614454 0.000323211073866 1.00003833896 0.0
-0.0355339666766 1.00039249723 0.000323211073866 1.00003833896 0.0
-0.0352743227938 1.00000039179 0.000323211073866 1.00003833896 0.0
-0.035014678911 0.999809533842 0.000323211073866 1.00003833896 0.0
-0.0347550350283 1.00006836898 0.000323211073866 1.00003833896 0.0
-0.0344953911455 0.999948565014 0.000323211073866 1.00003833896 0.0
-0.0342357472627 1.00002354203 0.000323211073866 1.00003833896 0.0
-0.03397610338 1.00029913086 0.000323211073866 1.00003833896 0.0
-0.0337164594972 1.00069276885 0.000323211073866 1.00003833896 0.0
-0.0334568156144 1.00039149548 0.000323211073866 1.00003816129 0.0
-0.0331971717317 1.00074354406 0.000323211073866 1.0000340942 0.0
-0.0329375278489 1.00024776208 0.000323211073866 1.00002713071 1.0
-0.0326778839662 1.00037500456 0.000323211073866 1.00001791261 1.0
-0.0324182400834 1.00069082772 0.000323211073866 1.00000666747 1.0
-0.0321585962006 1.00009689342 0.000323211073866 0.999993515281 1.0
-0.0318989523179 1.00038159184 0.000323211073866 0.999978530793 1.0
-0.0316393084351 0.999557592027 0.000323211073866 0.999961765991 1.0
-0.0313796645523 1.00018318485 0.000323211073866 0.999943260379 1.0
-0.0311200206696 0.99984796525 0.000323211073866 0.999923046312 1.0
-0.0308603767868 0.999852059392 0.000323211073866 0.999901152028 1.0
-0.030600732904 1.00035586492 0.000323211073866 0.999877603483 1.0
-0.0303410890213 0.999890666595 0.000323211073866 0.999852425501 1.0
-0.0300814451385 1.00035118931 0.000323211073866 0.999825642532 1.0
-0.0298218012558 1.00005595922 0.000323211073866 0.999797279148 1.0
-0.029562157373 0.999884402875 0.000323211073866 0.999767360376 1.0
-0.0293025134902 0.999970825703 0.000323211073866 0.999735911926 1.0
-0.0290428696075 0.999451532319 0.000323211073866 0.999702960343 1.0
-0.0287832257247 0.999497658259 0.000323211073866 0.999668533099 1.0
-0.0285235818419 0.999875885487 0.000323211073866 0.999632658659 1.0
-0.0282639379592 1.00052000355 0.000323211073866 0.999595366509 1.0
-0.0280042940764 0.999720076396 0.000323211073866 0.999556687171 1.0
-0.0277446501936 0.999794099855 0.000323211073866 0.999516652202 1.0
-0.0274850063109 0.999599731798 0.000323211073866 0.999475294175 1.0
-0.0272253624281 0.999769793555 0.000323211073866 0.999432646665 1.0
-0.0269657185454 0.999370981796 0.000323211073866 0.999388744213 1.0
-0.0267060746626 0.999475661983 0.000323211073866 0.9993436223 1.0
-0.0264464307798 0.999378504347 0.000323211073866 0.999297317304 1.0
-0.0261867868971 0.999436462249 0.000323211073866 0.999249866467 1.0
-0.0259271430143 0.99956839929 0.000323211073866 0.999201307847 1.0
-0.0256674991315 0.999312189658 0.000323211073866 0.999151680278 1.0
-0.0254078552488 0.999178106746 0.000323211073866 0.999101023327 1.0
-0.025148211366 0.999373239843 0.000323211073866 0.999049377243 1.0
-0.0248885674832 0.999380745719 0.000323211073866 0.998996782918 1.0
-0.0246289236005 0.999063483742 0.000323211073866 0.998943281835 1.0
-0.0243692797177 0.998815647144 0.000323211073866 0.998888916023 1.0
-0.024109635835 0.998996421361 0.000323211073866 0.998833728013 1.0
-0.0238499919522 0.998606168699 0.000323211073866 0.998777760784 1.0
-0.0235903480694 0.998439622202 0.000323211073866 0.998721057725 1.0
-0.0233307041867 0.997868532611 0.000323211073866 0.99866366258 1.0
-0.0230710603039 0.998910638774 0.000323211073866 0.998605619407 1.0
-0.0228114164211 0.998296706606 0.000323211073866 0.998546972531 1.0
-0.0225517725384 0.997949170386 0.000323211073866 0.998487766494 1.0
-0.0222921286556 0.998377878658 0.000323211073866 0.998428046014 1.0
-0.0220324847728 0.997849437454 0.000323211073866 0.998367855938 1.0
-0.0217728408901 0.998628182603 0.000323211073866 0.998307241196 1.0
-0.0215131970073 0.998390468388 0.000323211073866 0.998246246758 1.0
-0.0212535531246 0.997959626598 0.000323211073866 0.998184917591 1.0
-0.0209939092418 0.998714323535 0.000323211073866 0.998123298611 1.0
-0.020734265359 0.997274827105 0.000323211073866 0.998061434647 1.0
-0.0204746214763 0.997507747039 0.000323211073866 0.997999370392 1.0
-0.0202149775935 0.998010542918 0.000323211073866 0.997937150366 1.0
-0.0199553337107 0.998022789687 0.000323211073866 0.997874818874 1.0
-0.019695689828 0.998140995593 0.000323211073866 0.997812419962 1.0
-0.0194360459452 0.997603037864 0.000323211073866 0.997749997383 1.0
-0.0191764020624 0.996997933271 0.000323211073866 0.997687594553 1.0
-0.0189167581797 0.997873960244 0.000323211073866 0.997625254516 1.0
-0.0186571142969 0.997255550324 0.000323211073866 0.997563019905 1.0
-0.0183974704142 0.997538233991 0.000323211073866 0.997500932907 1.0
-0.0181378265314 0.997135238439 0.000323211073866 0.997439035225 1.0
-0.0178781826486 0.996826806618 0.000323211073866 0.997377368044 1.0
-0.0176185387659 0.997057815052 0.000323211073866 0.997315971999 1.0
-0.0173588948831 0.997478299382 0.000323211073866 0.997254887139 1.0
-0.0170992510003 0.997592146586 0.000323211073866 0.997194152897 1.0
-0.0168396071176 0.997013679919 0.000323211073866 0.997133808059 1.0
-0.0165799632348 0.997422620376 0.000323211073866 0.997073890736 1.0
-0.016320319352 0.996645098976 0.000323211073866 0.997014438332 1.0
-0.0160606754693 0.997493000849 0.000323211073866 0.996955487518 1.0
-0.0158010315865 0.996056286946 0.000323211073866 0.996897074208 1.0
-0.0155413877038 0.997475763218 0.000323211073866 0.996839233534 1.0
-0.015281743821 0.996430870458 0.000323211073866 0.996781999819 1.0
-0.0150220999382 0.996187812618 0.000323211073866 0.996725406561 1.0
-0.0147624560555 0.99669834067 0.000323211073866 0.996669486411 1.0
-0.0145028121727 0.996296327896 0.000323211073866 0.996614271153 1.0
-0.0142431682899 0.995938984216 0.000323211073866 0.996559791688 1.0
-0.0139835244072 0.996309265608 0.000323211073866 0.996506078025 1.0
-0.0137238805244 0.9962267473 0.000323211073866 0.99645315926 1.0
-0.0134642366416 0.99592368251 0.000323211073866 0.996401063574 1.0
-0.0132045927589 0.996165225901 0.000323211073866 0.996349818224 1.0
-0.0129449488761 0.996843710334 0.000323211073866 0.996299449537 1.0
-0.0126853049934 0.997023148217 0.000323211073866 0.996249982914 1.0
-0.0124256611106 0.995918017164 0.000323211073866 0.996201442831 1.0
-0.0121660172278 0.996220744909 0.000323211073866 0.996153852848 1.0
-0.0119063733451 0.996087415765 0.000323211073866 0.996107235627 1.0
-0.0116467294623 0.996151857871 0.000323211073866 0.996061612951 1.0
-0.0113870855795 0.995777382497 0.000323211073866 0.99601700576 1.0
-0.0111274416968 0.995951638849 0.000323211073866 0.995973434192 1.0
-0.010867797814 0.996208119858 0.000323211073866 0.995930917646 1.0
-0.0106081539312 0.995737846864 0.000323211073866 0.995889474865 1.0
-0.0103485100485 0.996014251298 0.000323211073866 0.995849124051 1.0
-0.0100888661657 0.996476235199 0.000323211073866 0.99580988303 1.0
-0.00982922228295 0.995125076472 0.000323211073866 0.995771769483 1.0
-0.00956957840019 0.995670344269 0.000323211073866 0.9957348013 1.0
-0.00930993451742 0.995623129791 0.000323211073866 0.99569899713 1.0
-0.00905029063466 0.995621584591 0.000323211073866 0.995664377282 1.0
-0.0087906467519 0.995868997094 0.000323211073866 0.995630965371 1.0
-0.00853100286913 0.99579110942 0.000323211073866 0.995598791639 1.0
-0.00827135898637 0.995894336959 0.000323211073866 0.995567901162 1.0
-0.00801171510361 0.995397471404 0.000323211073866 0.995538383948 1.0
-0.00775207122084 0.995763277023 0.000323211073866 0.995510523921 1.0
-0.00749242733808 0.995606628677 0.000323211073866 0.99548380741 1.0
-0.00723278345531 0.995300228379 0.000323211073866 0.995458050511 3.0
-0.00697313957255 0.99520020951 0.000323211073866 0.995433253866 3.0
-0.00671349568979 0.996159111778 0.000323211073866 0.995409418094 3.0
-0.00645385180702 0.995802761762 0.000323211073866 0.995386543789 3.0
-0.00619420792426 0.995958917654 0.000323211073866 0.99536463152 3.0
-0.0059345640415 0.995201111525 0.000323211073866 0.995343681834 3.0
-0.00567492015873 0.995897283879 0.000323211073866 0.995323695253 3.0
-0.00541527627597 0.995261734605 0.000323211073866 0.995304672275 3.0
-0.00515563239321 0.995295917323 0.000323211073866 0.995286613374 3.0
-0.00489598851044 0.995124039813 0.000323211073866 0.995269519 3.0
-0.00463634462768 0.995341427692 0.000323211073866 0.99525338958 3.0
-0.00437670074491 0.9954730245 0.000323211073866 0.995238225515 3.0
-0.00411705686215 0.995267928016 0.000323211073866 0.995224027184 3.0
-0.00385741297939 0.995043424128 0.000323211073866 0.995210794939 3.0
-0.00359776909662 0.994737837671 0.000323211073866 0.995198529112 3.0
-0.00333812521386 0.995403841387 0.000323211073866 0.995187230007 3.0
-0.0030784813311 0.995394987846 0.000323211073866 0.995176897906 3.0
-0.00281883744833 0.995258896558 0.000323211073866 0.995167533067 3.0
-0.00255919356557 0.995582837883 0.000323211073866 0.995159135724 3.0
-0.0022995496828 0.994070867901 0.000323211073866 0.995151706085 3.0
-0.00203990580004 0.995571643328 0.000323211073866 0.995145244336 3.0
-0.00178026191728 0.995134272093 0.000323211073866 0.995139750637 3.0
-0.00152061803451 0.994682027826 0.000323211073866 0.995135225126 3.0
-0.00126097415175 0.995252211481 0.000323211073866 0.995131667915 3.0
-0.00100133026899 0.995202381486 0.000323211073866 0.995129079094 3.0
-0.000741686386223 0.996211768439 0.000323211073866 0.995127458726 3.0
-0.000482042503459 0.994889740444 0.000323211073866 0.995126806852 3.0
-0.000222398620696 0.995066169758 0.000323211073866 0.995127123489 3.0
3.72452620681e-05 0.995372558762 0.000323211073866 0.995128408628 3.0
0.000296889144832 0.995029257888 0.000323211073866 0.995130662237 3.0
0.000556533027595 0.995707212777 0.000323211073866 0.99513388426 3.0
0.000816176910359 0.99501282516 0.000323211073866 0.995138074617 3.0
0.00107582079312 0.99482251273 0.000323211073866 0.995143233204 3.0
0.00133546467589 0.994948548376 0.000323211073866 0.995149359891 3.0
0.00159510855865 0.995093533775 0.000323211073866 0.995156454527 3.0
0.00185475244141 0.995180495815 0.000323211073866 0.995164516934 3.0
0.00211439632418 0.995595859408 0.000323211073866 0.995173546911 3.0
0.00237404020694 0.995478254643 0.000323211073866 0.995183544233 3.0
0.0026336840897 0.995565395829 0.000323211073866 0.995194508652 3.0
0.00289332797247 0.995279640301 0.000323211073866 0.995206439894 3.0
0.00315297185523 0.995148376208 0.000323211073866 0.995219337661 3.0
0.003412615738 0.994882688831 0.000323211073866 0.995233201632 3.0
0.00367225962076 0.995449897282 0.000323211073866 0.995248031462 3.0
0.00393190350352 0.995382396722 0.000323211073866 0.99526382678 3.0
0.00419154738629 0.995281573338 0.000323211073866 0.995280587194 3.0
0.00445119126905 0.995172127053 0.000323211073866 0.995298312285 3.0
0.00471083515181 0.995368329035 0.000323211073866 0.995317001612 3.0
0.00497047903458 0.994960610391 0.000323211073866 0.995336654709 3.0
0.00523012291734 0.994964516023 0.000323211073866 0.995357271086 3.0
0.0054897668001 0.995258752029 0.000323211073866 0.995378850229 3.0
0.00574941068287 0.995187904173 0.000323211073866 0.995401391601 3.0
0.00600905456563 0.994594439224 0.000323211073866 0.995424894639 3.0
0.0062686984484 0.995839908517 0.000323211073866 0.995449358758 3.0
0.00652834233116 0.994925381078 0.000323211073866 0.995474783348 3.0
0.00678798621392 0.995583881821 0.000323211073866 0.995501167775 3.0
0.00704763009669 0.994662951414 0.000323211073866 0.995528532927 3.0
0.00730727397945 0.995377347141 0.000323211073866 0.995557521184 3.0
0.00756691786221 0.995246332406 0.000323211073866 0.995587951002 2.0
0.00782656174498 0.995558376285 0.000323211073866 0.995619686863 2.0
0.00808620562774 0.995335668146 0.000323211073866 0.995652674115 2.0
0.00834584951051 0.995122020292 0.000323211073866 0.995686878763 2.0
0.00860549339327 0.99608844787 0.000323211073866 0.995722275416 2.0
0.00886513727603 0.99530749638 0.000323211073866 0.995758842861 2.0
0.0091247811588 0.995410902719 0.000323211073866 0.995796562003 2.0
0.00938442504156 0.99556529985 0.000323211073866 0.995835414766 2.0
0.00964406892432 0.995828887269 0.000323211073866 0.995875383442 2.0
0.00990371280709 0.996169902452 0.000323211073866 0.995916450289 2.0
0.0101633566899 0.995901536374 0.000323211073866 0.995958597255 2.0
0.0104230005726 0.995510294149 0.000323211073866 0.9960018058 2.0
0.0106826444554 0.996188845023 0.000323211073866 0.996046056762 2.0
0.0109422883381 0.996297316278 0.000323211073866 0.996091330268 2.0
0.0112019322209 0.99578323793 0.000323211073866 0.996137605661 2.0
0.0114615761037 0.99576698969 0.000323211073866 0.996184861454 2.0
0.0117212199864 0.995560149351 0.000323211073866 0.996233075292 2.0
0.0119808638692 0.996813963138 0.000323211073866 0.996282223928 2.0
0.012240507752 0.996579802879 0.000323211073866 0.996332283203 2.0
0.0125001516347 0.996050064499 0.000323211073866 0.996383228039 2.0
0.0127597955175 0.996343151483 0.000323211073866 0.996435032429 2.0
0.0130194394003 0.997093260487 0.000323211073866 0.996487669437 2.0
0.013279083283 0.996900258527 0.000323211073866 0.996541111203 2.0
0.0135387271658 0.997168445254 0.000323211073866 0.996595328944 2.0
0.0137983710485 0.997146427684 0.000323211073866 0.996650292969 2.0
0.0140580149313 0.997065671538 0.000323211073866 0.996705972681 2.0
0.0143176588141 0.996885416899 0.000323211073866 0.996762336602 2.0
0.0145773026968 0.997345787613 0.000323211073866 0.996819352378 2.0
0.0148369465796 0.996938588312 0.000323211073866 0.996876986804 2.0
0.0150965904624 0.997211878203 0.000323211073866 0.996935205838 2.0
0.0153562343451 0.997258563529 0.000323211073866 0.996993974627 2.0
0.0156158782279 0.997150191361 0.000323211073866 0.997053257524 2.0
0.0158755221107 0.997162978232 0.000323211073866 0.997113018117 2.0
0.0161351659934 0.997349846079 0.000323211073866 0.997173219253 2.0
0.0163948098762 0.997375524382 0.000323211073866 0.997233823062 2.0
0.0166544537589 0.996996577068 0.000323211073866 0.997294790991 2.0
0.0169140976417 0.99716172149 0.000323211073866 0.997356083825 2.0
0.0171737415245 0.99861788967 0.000323211073866 0.997417661724 2.0
0.0174333854072 0.997629365012 0.000323211073866 0.997479484255 2.0
0.01769302929 0.997238955361 0.000323211073866 0.997541510417 2.0
0.0179526731728 0.997979661603 0.000323211073866 0.997603698683 2.0
0.0182123170555 0.997214750877 0.000323211073866 0.997666007031 2.0
0.0184719609383 0.998313878904 0.000323211073866 0.997728392977 2.0
0.0187316048211 0.998041812242 0.000323211073866 0.997790813615 2.0
0.0189912487038 0.997333117219 0.000323211073866 0.997853225654 2.0
0.0192508925866 0.997465361605 0.000323211073866 0.997915585453 2.0
0.0195105364693 0.998012261009 0.000323211073866 0.997977849063 2.0
0.0197701803521 0.998695362087 0.000323211073866 0.998039972264 2.0
0.0200298242349 0.997601991788 0.000323211073866 0.998101910606 2.0
0.0202894681176 0.998223971754 0.000323211073866 0.998163619451 2.0
0.0205491120004 0.99871519877 0.000323211073866 0.998225054013 2.0
0.0208087558832 0.998633112407 0.000323211073866 0.998286169401 2.0
0.0210683997659 0.99885013245 0.000323211073866 0.998346920659 2.0
0.0213280436487 0.997994790604 0.000323211073866 0.998407262816 2.0
0.0215876875315 0.998628276828 0.000323211073866 0.998467150921 2.0
0.0218473314142 0.998810838779 0.000323211073866 0.998526540094 2.0
0.022106975297 0.998234036124 0.000323211073866 0.998585385567 2.0
0.0223666191797 0.999114894324 0.000323211073866 0.998643642732 2.0
0.0226262630625 0.999013908406 0.000323211073866 0.998701267184 2.0
0.0228859069453 0.999089476164 0.000323211073866 0.998758214768 2.0
0.023145550828 0.999058073161 0.000323211073866 0.998814441624 2.0
0.0234051947108 0.999115429188 0.000323211073866 0.998869904237 2.0
0.0236648385936 0.998589183368 0.000323211073866 0.998924559479 2.0
0.0239244824763 0.998837129104 0.000323211073866 0.99897836466 2.0
0.0241841263591 0.999243508997 0.000323211073866 0.999031277572 2.0
0.0244437702419 0.998838041598 0.000323211073866 0.999083256536 2.0
0.0247034141246 0.999111484718 0.000323211073866 0.999134260452 2.0
0.0249630580074 0.999194683712 0.000323211073866 0.999184248842 2.0
0.0252227018901 0.998691136257 0.000323211073866 0.999233181898 2.0
0.0254823457729 0.999376297447 0.000323211073866 0.999281020528 2.0
0.0257419896557 0.999063156989 0.000323211073866 0.999327726399 2.0
0.0260016335384 0.999249219373 0.000323211073866 0.999373261983 2.0
0.0262612774212 0.999023175519 0.000323211073866 0.999417590598 2.0
0.026520921304 0.999891807098 0.000323211073866 0.999460676449 2.0
0.0267805651867 0.999251309268 0.000323211073866 0.999502484664 2.0
0.0270402090695 0.999271963256 0.000323211073866 0.999542981331 2.0
0.0272998529523 0.999122452736 0.000323211073866 0.999582133527 2.0
0.027559496835 0.998771502274 0.000323211073866 0.999619909341 2.0
0.0278191407178 0.999511113305 0.000323211073866 0.999656277894 2.0
0.0280787846005 0.999302771999 0.000323211073866 0.999691209339 2.0
0.0283384284833 0.998994731901 0.000323211073866 0.999724674863 2.0
0.0285980723661 0.999486113081 0.000323211073866 0.999756646653 2.0
0.0288577162488 0.999518484916 0.000323211073866 0.999787097854 2.0
0.0291173601316 0.999827629491 0.000323211073866 0.99981600248 2.0
0.0293770040144 0.999755937452 0.000323211073866 0.999843335288 2.0
0.0296366478971 0.999469357909 0.000323211073866 0.99986907158 2.0
0.0298962917799 0.999625811848 0.000323211073866 0.999893186913 2.0
0.0301559356627 0.999789054555 0.000323211073866 0.99991565666 2.0
0.0304155795454 0.999905482911 0.000323211073866 0.999936455363 2.0
0.0306752234282 0.99967692098 0.000323211073866 0.999955555739 2.0
0.0309348673109 0.999954786171 0.000323211073866 0.999972927126 2.0
0.0311945111937 0.999782630978 0.000323211073866 0.999988532948 2.0
0.0314541550765 0.999393314735 0.000323211073866 1.00000232636 2.0
0.0317137989592 0.999964482874 0.000323211073866 1.00001424218 2.0
0.031973442842 0.999864591923 0.000323211073866 1.00002418004 2.0
0.0322330867248 0.999535100312 0.000323211073866 1.00003196218 2.0
0.0324927306075 0.999978890573 0.000323211073866 1.00003717792 2.0
0.0327523744903 0.99991632964 0.000323211073866 1.00003833896 2.0
0.0330120183731 1.00024103834 0.000323211073866 1.00003833896 2.0
0.0332716622558 1.00009301418 0.000323211073866 1.00003833896 0.0
0.0335313061386 1.00033474033 0.000323211073866 1.00003833896 0.0
0.0337909500213 0.999861953189 0.000323211073866 1.00003833896 0.0
0.0340505939041 1.00015701785 0.000323211073866 1.00003833896 0.0
0.0343102377869 0.99959582397 0.000323211073866 1.00003833896 0.0
0.0345698816696 0.999524946528 0.000323211073866 1.00003833896 0.0
0.0348295255524 0.999534818883 0.000323211073866 1.00003833896 0.0
0.0350891694352 0.999486357205 0.000323211073866 1.00003833896 0.0
0.0353488133179 1.00023243392 0.000323211073866 1.00003833896 0.0
0.0356084572007 0.999939479186 0.000323211073866 1.00003833896 0.0
0.0358681010835 0.99956287185 0.000323211073866 1.00003833896 0.0
0.0361277449662 1.00001105565 0.000323211073866 1.00003833896 0.0
0.036387388849 0.999348061954 0.000323211073866 1.00003833896 0.0
0.0366470327317 0.999540489622 0.000323211073866 1.00003833896 0.0
0.0369066766145 0.999942580793 0.000323211073866 1.00003833896 0.0
0.0371663204973 0.999877571388 0.000323211073866 1.00003833896 0.0
0.03742596438 0.999965595244 0.000323211073866 1.00003833896 0.0
0.0376856082628 0.999589679776 0.000323211073866 1.00003833896 0.0
0.0379452521456 1.00020310918 0.000323211073866 1.00003833896 0.0
0.0382048960283 0.999738546289 0.000323211073866 1.00003833896 0.0
0.0384645399111 1.00028186945 0.000323211073866 1.00003833896 0.0
0.0387241837939 0.999583993162 0.000323211073866 1.00003833896 0.0
