-0.0805552782547 1.00001442861 9.83915311462e-05 0.999996435162 0
-0.0799843931118 1.00001559192 9.83915311462e-05 0.999996435162 0
-0.0794135079689 1.00005125431 9.83915311462e-05 0.999996435162 0
-0.0788426228259 0.999874155771 9.83915311462e-05 0.999996435162 0
-0.078271737683 0.999899912669 9.83915311462e-05 0.999996435162 0
-0.0777008525401 1.00001274078 9.83915311462e-05 0.999996435162 0
-0.0771299673971 0.999991101726 9.83915311462e-05 0.999996435162 0
-0.0765590822542 1.00002209526 9.83915311462e-05 0.999996435162 0
-0.0759881971113 1.0000596405 9.83915311462e-05 0.999996435162 0
-0.0754173119683 0.999963044682 9.83915311462e-05 0.999996435162 0
-0.0748464268254 1.00001461279 9.83915311462e-05 0.999996435162 0
-0.0742755416825 1.00006110285 9.83915311462e-05 0.999996435162 0
-0.0737046565395 1.00004467789 9.83915311462e-05 0.999996435162 0
-0.0731337713966 1.00000892616 9.83915311462e-05 0.999996435162 0
-0.0725628862537 1.00005268843 9.83915311462e-05 0.999996435162 0
-0.0719920011107 0.999947518967 9.83915311462e-05 0.999996435162 0
-0.0714211159678 0.999928337648 9.83915311462e-05 0.999996435162 0
-0.0708502308249 0.999951877625 9.83915311462e-05 0.999996435162 0
-0.0702793456819 0.999787967089 9.83915311462e-05 0.999996435162 0
-0.069708460539 0.999852565256 9.83915311462e-05 0.999996435162 0
-0.0691375753961 1.00005099016 9.83915311462e-05 0.999996435162 0
-0.0685666902532 1.00008293298 9.83915311462e-05 0.999996435162 0
-0.0679958051102 1.00000402871 9.83915311462e-05 0.999996435162 0
-0.0674249199673 1.00023972419 9.83915311462e-05 0.999996435162 0
-0.0668540348244 0.999805889087 9.83915311462e-05 0.999980502721 4
-0.0662831496814 1.00001260103 9.83915311462e-05 0.999927887879 4
-0.0657122645385 0.999911319843 9.83915311462e-05 0.999852272546 4
-0.0651413793956 0.999678252397 9.83915311462e-05 0.999757989012 4
-0.0645704942526 0.999648564334 9.83915311462e-05 0.999647476703 4
-0.0639996091097 0.999431250518 9.83915311462e-05 0.999522420525 4
-0.0634287239668 0.999356681644 9.83915311462e-05 0.999384106573 4
-0.0628578388238 0.999298013955 9.83915311462e-05 0.999233577389 4
-0.0622869536809 0.999021944186 9.83915311462e-05 0.999071712669 4
-0.061716068538 0.998946903805 9.83915311462e-05 0.998899276155 4
-0.061145183395 0.998733518442 9.83915311462e-05 0.998716945095 4
-0.0605742982521 0.998447854339 9.83915311462e-05 0.998525329858 4
-0.0600034131092 0.998102716004 9.83915311462e-05 0.998324987609 4
-0.0594325279662 0.998337660534 9.83915311462e-05 0.998116432173 4
-0.0588616428233 0.997800908174 9.83915311462e-05 0.99790014139 4
-0.0582907576804 0.997741749115 9.83915311462e-05 0.997676562706 4
-0.0577198725374 0.997480990569 9.83915311462e-05 0.997446117543 4
-0.0571489873945 0.997316595616 9.83915311462e-05 0.997209204752 4
-0.0565781022516 0.996929132527 9.83915311462e-05 0.996966203399 4
-0.0560072171086 0.997014473332 9.83915311462e-05 0.996717475037 4
-0.0554363319657 0.996514063908 9.83915311462e-05 0.99646336558 4
-0.0548654468228 0.996274216598 9.83915311462e-05 0.996204206874 4
-0.0542945616798 0.99597538595 9.83915311462e-05 0.995940318014 4
-0.0537236765369 0.995529050415 9.83915311462e-05 0.995672006467 4
-0.053152791394 0.995427381213 9.83915311462e-05 0.995399569035 4
-0.052581906251 0.995097256408 9.83915311462e-05 0.995123292681 4
-0.0520110211081 0.994844615815 9.83915311462e-05 0.99484345525 4
-0.0514401359652 0.994795485003 9.83915311462e-05 0.994560326098 4
-0.0508692508222 0.994267783013 9.83915311462e-05 0.994274166642 4
-0.0502983656793 0.993998814739 9.83915311462e-05 0.993985230847 4
-0.0497274805364 0.993745646887 9.83915311462e-05 0.993693765656 4
-0.0491565953934 0.993310202465 9.83915311462e-05 0.993400011375 4
-0.0485857102505 0.993137221223 9.83915311462e-05 0.993104202011 4
-0.0480148251076 0.992805083816 9.83915311462e-05 0.992806565584 4
-0.0474439399646 0.992598222386 9.83915311462e-05 0.992507324401 4
-0.0468730548217 0.99204327895 9.83915311462e-05 0.992206695302 4
-0.0463021696788 0.991904035899 9.83915311462e-05 0.99190488989 4
-0.0457312845358 0.991671853751 9.83915311462e-05 0.991602114731 4
-0.0451603993929 0.991463505771 9.83915311462e-05 0.991298571542 4
-0.04458951425 0.990862357821 9.83915311462e-05 0.990994457363 4
-0.044018629107 0.990969526415 9.83915311462e-05 0.990689964707 4
-0.0434477439641 0.990319551939 9.83915311462e-05 0.990385281707 4
-0.0428768588212 0.990041951233 9.83915311462e-05 0.990080592242 4
-0.0423059736783 0.989774019612 9.83915311462e-05 0.989776076063 4
-0.0417350885353 0.989404653059 9.83915311462e-05 0.989471908901 4
-0.0411642033924 0.989168567304 9.83915311462e-05 0.989168262569 4
-0.0405933182495 0.988820590465 9.83915311462e-05 0.988865305059 4
-0.0400224331065 0.988683742648 9.83915311462e-05 0.988563200631 4
-0.0394515479636 0.98808713898 9.83915311462e-05 0.988262109894 4
-0.0388806628207 0.987887304263 9.83915311462e-05 0.987962189886 4
-0.0383097776777 0.987767726363 9.83915311462e-05 0.987663594141 4
-0.0377388925348 0.987479791639 9.83915311462e-05 0.987366472764 4
-0.0371680073919 0.987001465154 9.83915311462e-05 0.987070972487 4
-0.0365971222489 0.986858970577 9.83915311462e-05 0.986777236736 4
-0.036026237106 0.986252409521 9.83915311462e-05 0.986485405683 4
-0.0354553519631 0.986298059703 9.83915311462e-05 0.986195616303 4
-0.0348844668201 0.985972159917 9.83915311462e-05 0.985908002421 4
-0.0343135816772 0.985566196463 9.83915311462e-05 0.985622694765 4
-0.0337426965343 0.985423615066 9.83915311462e-05 0.985339821012 4
-0.0331718113913 0.985037665625 9.83915311462e-05 0.985059505829 4
-0.0326009262484 0.984540854376 9.83915311462e-05 0.984781870922 4
-0.0320300411055 0.984647047143 9.83915311462e-05 0.984507035068 4
-0.0314591559625 0.984245335249 9.83915311462e-05 0.984235114167 4
-0.0308882708196 0.984009820595 9.83915311462e-05 0.983966221268 4
-0.0303173856767 0.983831353532 9.83915311462e-05 0.983700466616 4
-0.0297465005337 0.983459259893 9.83915311462e-05 0.983437957685 4
-0.0291756153908 0.982913180226 9.83915311462e-05 0.98317879921 4
-0.0286047302479 0.98288777271 9.83915311462e-05 0.982923093228 4
-0.0280338451049 0.982687743993 9.83915311462e-05 0.982670939109 4
-0.027462959962 0.982482412714 9.83915311462e-05 0.982422433589 4
-0.0268920748191 0.982373949155 9.83915311462e-05 0.982177670803 4
-0.0263211896761 0.982024786059 9.83915311462e-05 0.981936742318 4
-0.0257503045332 0.981561511081 9.83915311462e-05 0.981699737166 4
-0.0251794193903 0.981361515004 9.83915311462e-05 0.981466741873 4
-0.0246085342473 0.981291801007 9.83915311462e-05 0.981237840493 4
-0.0240376491044 0.980865697815 9.83915311462e-05 0.981013114636 4
-0.0234667639615 0.980802153143 9.83915311462e-05 0.980792643504 4
-0.0228958788185 0.98047642457 9.83915311462e-05 0.980576503915 4
-0.0223249936756 0.980220959505 9.83915311462e-05 0.980364770338 4
-0.0217541085327 0.980099971861 9.83915311462e-05 0.980157514921 4
-0.0211832233897 0.979851508634 9.83915311462e-05 0.979954807521 4
-0.0206123382468 0.979811817785 9.83915311462e-05 0.979756715735 4
-0.0200414531039 0.979556467125 9.83915311462e-05 0.979563304929 4
-0.0194705679609 0.97936063969 9.83915311462e-05 0.979374638267 4
-0.018899682818 0.979103584479 9.83915311462e-05 0.979190776739 4
-0.0183287976751 0.978897364173 9.83915311462e-05 0.979011779193 4
-0.0177579125321 0.97913989552 9.83915311462e-05 0.978837702362 4
-0.0171870273892 0.978728144589 9.83915311462e-05 0.97866860089 4
-0.0166161422463 0.978440008411 9.83915311462e-05 0.978504527365 4
-0.0160452571034 0.978322268705 9.83915311462e-05 0.978345532343 4
-0.0154743719604 0.978145041008 9.83915311462e-05 0.978191664378 4
-0.0149034868175 0.978063747551 9.83915311462e-05 0.978042970046 4
-0.0143326016746 0.977776234982 9.83915311462e-05 0.977899493976 4
-0.0137617165316 0.977784823723 9.83915311462e-05 0.977761278872 4
-0.0131908313887 0.977682460286 9.83915311462e-05 0.977628365542 4
-0.0126199462458 0.977397467479 9.83915311462e-05 0.977500792921 4
-0.0120490611028 0.977346496778 9.83915311462e-05 0.977378598097 4
-0.0114781759599 0.977143371492 9.83915311462e-05 0.977261816335 4
-0.010907290817 0.977117502784 9.83915311462e-05 0.977150481099 4
-0.010336405674 0.977141091978 9.83915311462e-05 0.977044624078 4
-0.00976552053109 0.976974085011 9.83915311462e-05 0.976944275203 4
-0.00919463538816 0.976901968173 9.83915311462e-05 0.976849462673 4
-0.00862375024523 0.976705803408 9.83915311462e-05 0.976760212973 4
-0.00805286510229 0.976536314155 9.83915311462e-05 0.976676550891 4
-0.00748197995936 0.976738576272 9.83915311462e-05 0.976598499543 4
-0.00691109481643 0.976303606083 9.83915311462e-05 0.976526080385 4
-0.0063402096735 0.97640885733 9.83915311462e-05 0.97645931323 4
-0.00576932453056 0.976449402302 9.83915311462e-05 0.976398216269 4
-0.00519843938763 0.976226628273 9.83915311462e-05 0.976342806076 4
-0.0046275542447 0.976240747789 9.83915311462e-05 0.97629309763 4
-0.00405666910177 0.976215096721 9.83915311462e-05 0.976249104324 4
-0.00348578395883 0.976226814071 9.83915311462e-05 0.976210837973 4
-0.0029148988159 0.976162704798 9.83915311462e-05 0.97617830883 4
-0.00234401367297 0.97599503953 9.83915311462e-05 0.976151525589 4
-0.00177312853004 0.976342247294 9.83915311462e-05 0.976130495395 4
-0.0012022433871 0.976020743073 9.83915311462e-05 0.97611522385 4
-0.00063135824417 0.97617408007 9.83915311462e-05 0.976105715017 4
-6.04731012378e-05 0.975948282672 9.83915311462e-05 0.976101971423 4
0.000510412041695 0.976077221301 9.83915311462e-05 0.976103994063 4
0.00108129718463 0.976043996005 9.83915311462e-05 0.976111782401 4
0.00165218232756 0.976197630134 9.83915311462e-05 0.976125334365 4
0.00222306747049 0.976104067607 9.83915311462e-05 0.976144646352 4
0.00279395261343 0.976129287872 9.83915311462e-05 0.976169713218 4
0.00336483775636 0.976327273935 9.83915311462e-05 0.976200528282 4
0.00393572289929 0.976190029171 9.83915311462e-05 0.97623708331 4
0.00450660804222 0.976205489263 9.83915311462e-05 0.976279368517 4
0.00507749318516 0.97632560448 9.83915311462e-05 0.976327372555 4
0.00564837832809 0.976298682674 9.83915311462e-05 0.976381082503 4
0.00621926347102 0.976510930262 9.83915311462e-05 0.976440483857 4
0.00679014861395 0.976488793746 9.83915311462e-05 0.976505560518 4
0.00736103375689 0.976561170986 9.83915311462e-05 0.976576294782 4
0.00793191889982 0.976502452419 9.83915311462e-05 0.97665266732 4
0.00850280404275 0.9768012858 9.83915311462e-05 0.976734657169 4
0.00907368918568 0.976737954517 9.83915311462e-05 0.97682224171 4
0.00964457432862 0.977018215651 9.83915311462e-05 0.976915396656 4
0.0102154594715 0.97700166702 9.83915311462e-05 0.977014096029 4
0.0107863446145 0.976959112464 9.83915311462e-05 0.977118312146 4
0.0113572297574 0.977206581328 9.83915311462e-05 0.977228015593 4
0.0119281149003 0.977675482486 9.83915311462e-05 0.97734317521 4
0.0124990000433 0.977559525721 9.83915311462e-05 0.977463758063 4
0.0130698851862 0.977743839515 9.83915311462e-05 0.977589729429 4
0.0136407703291 0.977918757298 9.83915311462e-05 0.977721052765 4
0.0142116554721 0.978116055691 9.83915311462e-05 0.977857689691 4
0.014782540615 0.977982306705 9.83915311462e-05 0.977999599959 4
0.0153534257579 0.978273621881 9.83915311462e-05 0.978146741435 4
0.0159243109009 0.978293723397 9.83915311462e-05 0.978299070067 4
0.0164951960438 0.978593578494 9.83915311462e-05 0.978456539863 4
0.0170660811867 0.978760154528 9.83915311462e-05 0.978619102861 4
0.0176369663297 0.978726199528 9.83915311462e-05 0.978786709107 4
0.0182078514726 0.979116746966 9.83915311462e-05 0.978959306621 4
0.0187787366155 0.979093646091 9.83915311462e-05 0.979136841377 4
0.0193496217585 0.979507823569 9.83915311462e-05 0.979319257267 4
0.0199205069014 0.979478502888 9.83915311462e-05 0.979506496078 4
0.0204913920443 0.979694931942 9.83915311462e-05 0.979698497462 4
0.0210622771873 0.979945768982 9.83915311462e-05 0.979895198907 4
0.0216331623302 0.980216629082 9.83915311462e-05 0.980096535708 4
0.0222040474731 0.980387783462 9.83915311462e-05 0.980302440937 4
0.0227749326161 0.980470523968 9.83915311462e-05 0.980512845413 4
0.023345817759 0.980921942147 9.83915311462e-05 0.980727677676 4
0.0239167029019 0.980885718607 9.83915311462e-05 0.980946863952 4
0.0244875880449 0.980853351486 9.83915311462e-05 0.981170328128 4
0.0250584731878 0.981433266183 9.83915311462e-05 0.981397991717 4
0.0256293583307 0.981616138474 9.83915311462e-05 0.981629773831 4
0.0262002434737 0.981977290515 9.83915311462e-05 0.981865591148 4
0.0267711286166 0.982026631427 9.83915311462e-05 0.982105357883 4
0.0273420137595 0.982344932561 9.83915311462e-05 0.982348985756 4
0.0279128989025 0.982768033139 9.83915311462e-05 0.982596383959 4
0.0284837840454 0.982746705505 9.83915311462e-05 0.982847459128 4
0.0290546691883 0.983234809116 9.83915311462e-05 0.983102115305 4
0.0296255543313 0.983272970511 9.83915311462e-05 0.983360253911 4
0.0301964394742 0.98356427248 9.83915311462e-05 0.983621773709 4
0.0307673246171 0.98395936399 9.83915311462e-05 0.983886570771 4
0.0313382097601 0.984334889267 9.83915311462e-05 0.984154538445 4
0.031909094903 0.984165279398 9.83915311462e-05 0.984425567317 4
0.0324799800459 0.984573223603 9.83915311462e-05 0.984699545179 4
0.0330508651889 0.985067615775 9.83915311462e-05 0.984976356986 4
0.0336217503318 0.985125199971 9.83915311462e-05 0.985255884822 4
0.0341926354747 0.985317635135 9.83915311462e-05 0.985538007862 4
0.0347635206177 0.985893069524 9.83915311462e-05 0.985822602325 4
0.0353344057606 0.986131560083 9.83915311462e-05 0.986109541439 4
0.0359052909035 0.986276556499 9.83915311462e-05 0.98639869539 4
0.0364761760464 0.986759918731 9.83915311462e-05 0.986689931283 4
0.0370470611894 0.987092565527 9.83915311462e-05 0.986983113087 4
0.0376179463323 0.987463622152 9.83915311462e-05 0.987278101591 4
0.0381888314752 0.98753046811 9.83915311462e-05 0.987574754346 4
0.0387597166182 0.987774490442 9.83915311462e-05 0.987872925612 4
0.0393306017611 0.988158998308 9.83915311462e-05 0.988172466298 4
0.039901486904 0.988488423241 9.83915311462e-05 0.9884732239 4
0.040472372047 0.988779429182 9.83915311462e-05 0.988775042433 4
0.0410432571899 0.988949555217 9.83915311462e-05 0.989077762362 4
0.0416141423328 0.989467795974 9.83915311462e-05 0.989381220525 4
0.0421850274758 0.989585707079 9.83915311462e-05 0.989685250053 4
0.0427559126187 0.989964350612 9.83915311462e-05 0.989989680282 4
0.0433267977616 0.990195134464 9.83915311462e-05 0.990294336662 4
0.0438976829046 0.990737111137 9.83915311462e-05 0.990599040653 4
0.0444685680475 0.990896109159 9.83915311462e-05 0.99090360962 4
0.0450394531904 0.991211274968 9.83915311462e-05 0.991207856712 4
0.0456103383334 0.991603961742 9.83915311462e-05 0.991511590738 4
0.0461812234763 0.991777727368 9.83915311462e-05 0.991814616026 4
0.0467521086192 0.99211804754 9.83915311462e-05 0.992116732271 4
0.0473229937622 0.992407000928 9.83915311462e-05 0.992417734373 4
0.0478938789051 0.992729221718 9.83915311462e-05 0.992717412252 4
0.048464764048 0.993040436963 9.83915311462e-05 0.993015550655 4
0.049035649191 0.993308606732 9.83915311462e-05 0.993311928931 4
0.0496065343339 0.993393459147 9.83915311462e-05 0.993606320793 4
0.0501774194768 0.993859226147 9.83915311462e-05 0.993898494052 4
0.0507483046198 0.994144317448 9.83915311462e-05 0.994188210314 4
0.0513191897627 0.99450678251 9.83915311462e-05 0.994475224657 4
0.0518900749056 0.994740448251 9.83915311462e-05 0.994759285253 4
0.0524609600486 0.995135197008 9.83915311462e-05 0.995040132959 4
0.0530318451915 0.995199670212 9.83915311462e-05 0.995317500843 4
0.0536027303344 0.995574655175 9.83915311462e-05 0.995591113654 4
0.0541736154774 0.995793354053 9.83915311462e-05 0.995860687223 4
0.0547445006203 0.996147319309 9.83915311462e-05 0.996125927764 4
0.0553153857632 0.996334331711 9.83915311462e-05 0.99638653109 4
0.0558862709062 0.996605290942 9.83915311462e-05 0.996642181683 4
0.0564571560491 0.996975555972 9.83915311462e-05 0.996892551634 4
0.057028041192 0.997224746671 9.83915311462e-05 0.997137299377 4
0.057598926335 0.997382177234 9.83915311462e-05 0.997376068209 4
0.0581698114779 0.997522118486 9.83915311462e-05 0.997608484509 4
0.0587406966208 0.997788065063 9.83915311462e-05 0.997834155596 4
0.0593115817638 0.997998108168 9.83915311462e-05 0.998052667113 4
0.0598824669067 0.998166816934 9.83915311462e-05 0.99826357979 4
0.0604533520496 0.998635201078 9.83915311462e-05 0.998466425382 4
0.0610242371926 0.998661304932 9.83915311462e-05 0.998660701481 4
0.0615951223355 0.998820822301 9.83915311462e-05 0.998845864759 4
0.0621660074784 0.998982199065 9.83915311462e-05 0.999021321953 4
0.0627368926213 0.999277693359 9.83915311462e-05 0.999186417503 4
0.0633077777643 0.99908233339 9.83915311462e-05 0.999340416022 4
0.0638786629072 0.999385780924 9.83915311462e-05 0.999482476332 4
0.0644495480501 0.999575717351 9.83915311462e-05 0.999611610944 4
0.0650204331931 0.999699499477 9.83915311462e-05 0.999726618091 4
0.065591318336 0.999875939928 9.83915311462e-05 0.999825955855 4
0.0661622034789 0.999943836807 9.83915311462e-05 0.999907471119 4
0.0667330886219 1.00039850042 9.83915311462e-05 0.99996763805 4
0.0673039737648 1.00015446356 9.83915311462e-05 0.999996435162 0
0.0678748589077 1.00000339693 9.83915311462e-05 0.999996435162 0
0.0684457440507 1.0000251363 9.83915311462e-05 0.999996435162 0
0.0690166291936 0.999956699578 9.83915311462e-05 0.999996435162 0
0.0695875143365 0.999958220638 9.83915311462e-05 0.999996435162 0
0.0701583994795 0.999902338221 9.83915311462e-05 0.999996435162 0
0.0707292846224 0.999963925995 9.83915311462e-05 0.999996435162 0
0.0713001697653 0.999934850908 9.83915311462e-05 0.999996435162 0
0.0718710549083 0.999977585295 9.83915311462e-05 0.999996435162 0
0.0724419400512 0.999956994543 9.83915311462e-05 0.999996435162 0
0.0730128251941 1.00014619339 9.83915311462e-05 0.999996435162 0
0.0735837103371 0.999844836391 9.83915311462e-05 0.999996435162 0
0.07415459548 0.999894135534 9.83915311462e-05 0.999996435162 0
0.0747254806229 1.00023129007 9.83915311462e-05 0.999996435162 0
0.0752963657659 1.00003978666 9.83915311462e-05 0.999996435162 0
0.0758672509088 0.999879569296 9.83915311462e-05 0.999996435162 0
0.0764381360517 0.999926692864 9.83915311462e-05 0.999996435162 0
0.0770090211947 1.00004888321 9.83915311462e-05 0.999996435162 0
0.0775799063376 0.999857255629 9.83915311462e-05 0.999996435162 0
0.0781507914805 0.999972939555 9.83915311462e-05 0.999996435162 0
0.0787216766235 1.0001324549 9.83915311462e-05 0.999996435162 0
0.0792925617664 1.00003745084 9.83915311462e-05 0.999996435162 0
0.0798634469093 0.999955731463 9.83915311462e-05 0.999996435162 0
0.0804343320523 0.999963184397 9.83915311462e-05 0.999996435162 0
