-0.15094910529 1.00000220955 3.01105237563e-05 0.999993924094 0.0
-0.14993894516 0.999977081759 3.01105237563e-05 0.999993924094 0.0
-0.148928785031 1.0000017221 3.01105237563e-05 0.999993924094 0.0
-0.147918624902 0.999997727119 3.01105237563e-05 0.999993924094 0.0
-0.146908464772 1.00002270423 3.01105237563e-05 0.999993924094 0.0
-0.145898304643 1.0000366641 3.01105237563e-05 0.999993924094 0.0
-0.144888144513 1.0000458614 3.01105237563e-05 0.999993924094 0.0
-0.143877984384 0.999981592332 3.01105237563e-05 0.999993924094 0.0
-0.142867824254 1.00000052564 3.01105237563e-05 0.999993924094 0.0
-0.141857664125 1.00001131804 3.01105237563e-05 0.999993924094 0.0
-0.140847503995 0.99998049461 3.01105237563e-05 0.999993924094 0.0
-0.139837343866 0.99996078344 3.01105237563e-05 0.999993924094 0.0
-0.138827183736 0.999991987936 3.01105237563e-05 0.999993924094 0.0
-0.137817023607 0.999994039295 3.01105237563e-05 0.999993924094 0.0
-0.136806863478 1.00002383924 3.01105237563e-05 0.999993924094 0.0
-0.135796703348 0.999963784919 3.01105237563e-05 0.999993924094 0.0
-0.134786543219 0.999924113711 3.01105237563e-05 0.999993924094 0.0
-0.133776383089 0.99999239956 3.01105237563e-05 0.999993924094 0.0
-0.13276622296 0.999951083058 3.01105237563e-05 0.999993924094 0.0
-0.13175606283 0.999998768418 3.01105237563e-05 0.999993924094 0.0
-0.130745902701 0.999995872493 3.01105237563e-05 0.999993924094 0.0
-0.129735742571 1.00004959333 3.01105237563e-05 0.999993924094 0.0
-0.128725582442 1.00000873058 3.01105237563e-05 0.999993924094 0.0
-0.127715422312 1.00000348406 3.01105237563e-05 0.999993924094 0.0
-0.126705262183 0.999919822916 3.01105237563e-05 0.999993924094 0.0
-0.125695102054 0.99998825642 3.01105237563e-05 0.999981660563 1.0
-0.124684941924 0.999869330229 3.01105237563e-05 0.999931543103 1.0
-0.123674781795 0.999872127603 3.01105237563e-05 0.99986019699 1.0
-0.122664621665 0.999738342242 3.01105237563e-05 0.999773573615 1.0
-0.121654461536 0.999690026822 3.01105237563e-05 0.999675176446 1.0
-0.120644301406 0.99960952871 3.01105237563e-05 0.999567607687 1.0
-0.119634141277 0.999435016937 3.01105237563e-05 0.99945303483 1.0
-0.118623981147 0.999325648306 3.01105237563e-05 0.999333399846 1.0
-0.117613821018 0.99916754244 3.01105237563e-05 0.999210538051 1.0
-0.116603660888 0.999107479044 3.01105237563e-05 0.999086261207 1.0
-0.115593500759 0.998958725659 3.01105237563e-05 0.998962430148 1.0
-0.11458334063 0.99888282351 3.01105237563e-05 0.998841035733 1.0
-0.1135731805 0.998753236239 3.01105237563e-05 0.998724313166 1.0
-0.112563020371 0.998591772305 3.01105237563e-05 0.99861494182 1.0
-0.111552860241 0.998512837972 3.01105237563e-05 0.998516478679 1.0
-0.110542700112 0.998432909935 3.01105237563e-05 0.998434648849 1.0
-0.109532539982 0.998398663245 3.01105237563e-05 0.998386360986 3.0
-0.108522379853 0.998361165487 3.01105237563e-05 0.998360383796 3.0
-0.107512219723 0.998324662015 3.01105237563e-05 0.998337004535 3.0
-0.106502059594 0.998287987458 3.01105237563e-05 0.998315485714 3.0
-0.105491899464 0.99836788551 3.01105237563e-05 0.9982954412 3.0
-0.104481739335 0.998289160846 3.01105237563e-05 0.998276624618 3.0
-0.103471579206 0.998242629221 3.01105237563e-05 0.998258860556 3.0
-0.102461419076 0.998233948441 3.01105237563e-05 0.998242016056 3.0
-0.101451258947 0.998272099181 3.01105237563e-05 0.998225986363 3.0
-0.100441098817 0.998169091691 3.01105237563e-05 0.998210686726 3.0
-0.0994309386877 0.998235504426 3.01105237563e-05 0.99819604721 3.0
-0.0984207785582 0.998164360484 3.01105237563e-05 0.998182009178 3.0
-0.0974106184288 0.998215140753 3.01105237563e-05 0.998168522822 3.0
-0.0964004582993 0.998159506066 3.01105237563e-05 0.998155545346 3.0
-0.0953902981699 0.998186205799 3.01105237563e-05 0.998143039621 3.0
-0.0943801380404 0.998125389689 3.01105237563e-05 0.998130973153 3.0
-0.093369977911 0.998101129002 3.01105237563e-05 0.998119317289 3.0
-0.0923598177815 0.998120125906 3.01105237563e-05 0.998108046587 3.0
-0.0913496576521 0.998077246077 3.01105237563e-05 0.998097138322 3.0
-0.0903394975226 0.998097829553 3.01105237563e-05 0.998086572083 3.0
-0.0893293373932 0.998084933188 3.01105237563e-05 0.998076329449 3.0
-0.0883191772637 0.998007993996 3.01105237563e-05 0.998066393716 3.0
-0.0873090171342 0.998008911161 3.01105237563e-05 0.998056749681 3.0
-0.0862988570048 0.998055541152 3.01105237563e-05 0.998047383453 3.0
-0.0852886968753 0.998012409825 3.01105237563e-05 0.998038282297 3.0
-0.0842785367459 0.997982592227 3.01105237563e-05 0.9980294345 3.0
-0.0832683766164 0.997999261435 3.01105237563e-05 0.998020829261 3.0
-0.082258216487 0.998055705531 3.01105237563e-05 0.998012456592 3.0
-0.0812480563575 0.998038696528 3.01105237563e-05 0.998004307233 3.0
-0.0802378962281 0.998025764045 3.01105237563e-05 0.99799637258 3.0
-0.0792277360986 0.998026572388 3.01105237563e-05 0.997988644623 3.0
-0.0782175759691 0.997981749405 3.01105237563e-05 0.997981115887 3.0
-0.0772074158397 0.997990159495 3.01105237563e-05 0.997973779387 3.0
-0.0761972557102 0.997981169941 3.01105237563e-05 0.99796662858 3.0
-0.0751870955808 0.997987272633 3.01105237563e-05 0.997959657332 3.0
-0.0741769354513 0.997944349333 3.01105237563e-05 0.997952859878 3.0
-0.0731667753219 0.99795794505 3.01105237563e-05 0.997946230797 3.0
-0.0721566151924 0.997934390438 3.01105237563e-05 0.997939764982 3.0
-0.071146455063 0.9979246737 3.01105237563e-05 0.997933457616 3.0
-0.0701362949335 0.997885298824 3.01105237563e-05 0.997927304148 3.0
-0.0691261348041 0.997904289876 3.01105237563e-05 0.997921300279 3.0
-0.0681159746746 0.997863752576 3.01105237563e-05 0.997915441936 3.0
-0.0671058145451 0.997908838269 3.01105237563e-05 0.997909725263 3.0
-0.0660956544157 0.997890490974 3.01105237563e-05 0.9979041466 3.0
-0.0650854942862 0.997860615249 3.01105237563e-05 0.997898702476 3.0
-0.0640753341568 0.997868390856 3.01105237563e-05 0.997893389591 3.0
-0.0630651740273 0.997936249182 3.01105237563e-05 0.997888204808 3.0
-0.0620550138979 0.997903951377 3.01105237563e-05 0.997883145141 3.0
-0.0610448537684 0.997862978488 3.01105237563e-05 0.997878207746 3.0
-0.060034693639 0.997882540771 3.01105237563e-05 0.997873389916 3.0
-0.0590245335095 0.997856750529 3.01105237563e-05 0.997868689065 3.0
-0.05801437338 0.997858550742 3.01105237563e-05 0.997864102729 3.0
-0.0570042132506 0.997886162131 3.01105237563e-05 0.997859628553 3.0
-0.0559940531211 0.997856414897 3.01105237563e-05 0.997855264289 3.0
-0.0549838929917 0.997848395731 3.01105237563e-05 0.997851007789 3.0
-0.0539737328622 0.997824996424 3.01105237563e-05 0.997846856998 3.0
-0.0529635727328 0.997858516965 3.01105237563e-05 0.99784280995 3.0
-0.0519534126033 0.997772486097 3.01105237563e-05 0.997838864765 3.0
-0.0509432524739 0.997833228811 3.01105237563e-05 0.997835019641 3.0
-0.0499330923444 0.997770196548 3.01105237563e-05 0.997831272855 3.0
-0.0489229322149 0.997833575438 3.01105237563e-05 0.997827622755 3.0
-0.0479127720855 0.997807710169 3.01105237563e-05 0.997824067758 3.0
-0.046902611956 0.997807214696 3.01105237563e-05 0.997820606347 3.0
-0.0458924518266 0.997838915849 3.01105237563e-05 0.997817237068 3.0
-0.0448822916971 0.9978147284 3.01105237563e-05 0.997813958527 3.0
-0.0438721315677 0.997796081423 3.01105237563e-05 0.997810769387 3.0
-0.0428619714382 0.997777819366 3.01105237563e-05 0.997807668366 3.0
-0.0418518113088 0.997796828057 3.01105237563e-05 0.997804654236 3.0
-0.0408416511793 0.997804117494 3.01105237563e-05 0.997801725816 3.0
-0.0398314910499 0.997802001186 3.01105237563e-05 0.997798881975 3.0
-0.0388213309204 0.997784083641 3.01105237563e-05 0.99779612163 3.0
-0.0378111707909 0.997803784484 3.01105237563e-05 0.997793443741 3.0
-0.0368010106615 0.997792602684 3.01105237563e-05 0.997790847309 3.0
-0.035790850532 0.997771503742 3.01105237563e-05 0.99778833138 3.0
-0.0347806904026 0.997840131605 3.01105237563e-05 0.997785895038 3.0
-0.0337705302731 0.997776982363 3.01105237563e-05 0.997783537404 3.0
-0.0327603701437 0.997762101709 3.01105237563e-05 0.997781257637 3.0
-0.0317502100142 0.99776230683 3.01105237563e-05 0.997779054934 3.0
-0.0307400498848 0.997777418138 3.01105237563e-05 0.997776928524 3.0
-0.0297298897553 0.997816559225 3.01105237563e-05 0.997774877669 3.0
-0.0287197296258 0.997764685977 3.01105237563e-05 0.997772901665 3.0
-0.0277095694964 0.997720162491 3.01105237563e-05 0.997770999841 3.0
-0.0266994093669 0.997785922425 3.01105237563e-05 0.997769171552 3.0
-0.0256892492375 0.997767233064 3.01105237563e-05 0.997767416186 3.0
-0.024679089108 0.997738962489 3.01105237563e-05 0.997765733161 3.0
-0.0236689289786 0.997744782287 3.01105237563e-05 0.997764121919 3.0
-0.0226587688491 0.997770155132 3.01105237563e-05 0.997762581932 3.0
-0.0216486087197 0.997839438244 3.01105237563e-05 0.997761112699 3.0
-0.0206384485902 0.997764196592 3.01105237563e-05 0.997759713745 3.0
-0.0196282884608 0.99777716297 3.01105237563e-05 0.997758384618 3.0
-0.0186181283313 0.997739859719 3.01105237563e-05 0.997757124894 3.0
-0.0176079682018 0.997737715545 3.01105237563e-05 0.997755934172 3.0
-0.0165978080724 0.997712886884 3.01105237563e-05 0.997754812074 3.0
-0.0155876479429 0.99775100989 3.01105237563e-05 0.997753758248 3.0
-0.0145774878135 0.997732875218 3.01105237563e-05 0.997752772362 3.0
-0.013567327684 0.997742338537 3.01105237563e-05 0.997751854109 3.0
-0.0125571675546 0.997732840973 3.01105237563e-05 0.997751003202 3.0
-0.0115470074251 0.997721295034 3.01105237563e-05 0.997750219379 3.0
-0.0105368472957 0.997769225947 3.01105237563e-05 0.997749502397 3.0
-0.0095266871662 0.997736887713 3.01105237563e-05 0.997748852034 3.0
-0.00851652703675 0.997759732456 3.01105237563e-05 0.997748268093 3.0
-0.00750636690729 0.997750858929 3.01105237563e-05 0.997747750392 3.0
-0.00649620677783 0.997746197682 3.01105237563e-05 0.997747298775 3.0
-0.00548604664838 0.99778411005 3.01105237563e-05 0.997746913104 3.0
-0.00447588651892 0.997761603672 3.01105237563e-05 0.99774659326 3.0
-0.00346572638947 0.997730131916 3.01105237563e-05 0.997746339147 3.0
-0.00245556626001 0.997752623715 3.01105237563e-05 0.997746150688 3.0
-0.00144540613056 0.997722586287 3.01105237563e-05 0.997746027825 3.0
-0.000435246001104 0.997803863493 3.01105237563e-05 0.997745970522 3.0
0.000574914128351 0.997722139896 3.01105237563e-05 0.99774597876 3.0
0.00158507425781 0.997746360586 3.01105237563e-05 0.997746052543 3.0
0.00259523438726 0.99777741222 3.01105237563e-05 0.997746191892 3.0
0.00360539451672 0.997739801234 3.01105237563e-05 0.99774639685 3.0
0.00461555464617 0.997733594401 3.01105237563e-05 0.997746667479 3.0
0.00562571477563 0.997743612518 3.01105237563e-05 0.997747003862 3.0
0.00663587490508 0.997706543017 3.01105237563e-05 0.9977474061 3.0
0.00764603503454 0.997825363655 3.01105237563e-05 0.997747874317 3.0
0.00865619516399 0.997726312026 3.01105237563e-05 0.997748408654 3.0
0.00966635529345 0.997770273209 3.01105237563e-05 0.997749009276 3.0
0.0106765154229 0.997733620963 3.01105237563e-05 0.997749676367 3.0
0.0116866755524 0.997780076025 3.01105237563e-05 0.997750410131 3.0
0.0126968356818 0.997797896527 3.01105237563e-05 0.997751210795 3.0
0.0137069958113 0.997782133887 3.01105237563e-05 0.997752078607 3.0
0.0147171559407 0.997771723186 3.01105237563e-05 0.997753013835 3.0
0.0157273160702 0.997742618052 3.01105237563e-05 0.997754016771 3.0
0.0167374761996 0.997726390429 3.01105237563e-05 0.997755087729 3.0
0.0177476363291 0.997756149831 3.01105237563e-05 0.997756227044 3.0
0.0187577964585 0.997761745703 3.01105237563e-05 0.997757435077 3.0
0.019767956588 0.997760403322 3.01105237563e-05 0.99775871221 3.0
0.0207781167175 0.9977877474 3.01105237563e-05 0.99776005885 3.0
0.0217882768469 0.997737059829 3.01105237563e-05 0.997761475429 3.0
0.0227984369764 0.997744351125 3.01105237563e-05 0.997762962404 3.0
0.0238085971058 0.997747079685 3.01105237563e-05 0.997764520255 3.0
0.0248187572353 0.997790452811 3.01105237563e-05 0.997766149493 3.0
0.0258289173647 0.997795302856 3.01105237563e-05 0.997767850651 3.0
0.0268390774942 0.997774494263 3.01105237563e-05 0.997769624293 3.0
0.0278492376236 0.997736337753 3.01105237563e-05 0.99777147101 3.0
0.0288593977531 0.99782101233 3.01105237563e-05 0.997773391421 3.0
0.0298695578825 0.997772865476 3.01105237563e-05 0.997775386178 3.0
0.030879718012 0.997773056289 3.01105237563e-05 0.99777745596 3.0
0.0318898781415 0.997767579495 3.01105237563e-05 0.997779601479 3.0
0.0329000382709 0.99777069615 3.01105237563e-05 0.997781823482 3.0
0.0339101984004 0.997811487188 3.01105237563e-05 0.997784122747 3.0
0.0349203585298 0.997809491935 3.01105237563e-05 0.997786500088 3.0
0.0359305186593 0.997776500579 3.01105237563e-05 0.997788956354 3.0
0.0369406787887 0.997739037945 3.01105237563e-05 0.997791492433 3.0
0.0379508389182 0.997779654203 3.01105237563e-05 0.997794109252 3.0
0.0389609990476 0.997828137527 3.01105237563e-05 0.997796807775 3.0
0.0399711591771 0.997794494458 3.01105237563e-05 0.997799589011 3.0
0.0409813193066 0.997814018267 3.01105237563e-05 0.99780245401 3.0
0.041991479436 0.997836605847 3.01105237563e-05 0.997805403869 3.0
0.0430016395655 0.997803545138 3.01105237563e-05 0.997808439731 3.0
0.0440117996949 0.997811887551 3.01105237563e-05 0.997811562787 3.0
0.0450219598244 0.997824265909 3.01105237563e-05 0.997814774279 3.0
0.0460321199538 0.997848558809 3.01105237563e-05 0.997818075503 3.0
0.0470422800833 0.997774273776 3.01105237563e-05 0.997821467811 3.0
0.0480524402127 0.99781541931 3.01105237563e-05 0.99782495261 3.0
0.0490626003422 0.997802864842 3.01105237563e-05 0.99782853137 3.0
0.0500727604717 0.997801967026 3.01105237563e-05 0.997832205626 3.0
0.0510829206011 0.997751993819 3.01105237563e-05 0.997835976975 3.0
0.0520930807306 0.99784613102 3.01105237563e-05 0.997839847089 3.0
0.05310324086 0.997858234038 3.01105237563e-05 0.99784381771 3.0
0.0541134009895 0.997848512853 3.01105237563e-05 0.997847890658 3.0
0.0551235611189 0.997837888849 3.01105237563e-05 0.997852067836 3.0
0.0561337212484 0.997868294173 3.01105237563e-05 0.99785635123 3.0
0.0571438813778 0.997860787614 3.01105237563e-05 0.99786074292 3.0
0.0581540415073 0.997898516569 3.01105237563e-05 0.997865245077 3.0
0.0591642016367 0.997873531623 3.01105237563e-05 0.997869859976 3.0
0.0601743617662 0.997920408046 3.01105237563e-05 0.997874589999 3.0
0.0611845218957 0.997930768235 3.01105237563e-05 0.997879437639 3.0
0.0621946820251 0.99787059425 3.01105237563e-05 0.997884405513 3.0
0.0632048421546 0.99791626741 3.01105237563e-05 0.997889496361 3.0
0.064215002284 0.997884221923 3.01105237563e-05 0.997894713062 3.0
0.0652251624135 0.997898751832 3.01105237563e-05 0.997900058638 3.0
0.0662353225429 0.997953219377 3.01105237563e-05 0.997905536268 3.0
0.0672454826724 0.997846321079 3.01105237563e-05 0.997911149292 3.0
0.0682556428018 0.997947973325 3.01105237563e-05 0.997916901229 3.0
0.0692658029313 0.997946536587 3.01105237563e-05 0.997922795786 3.0
0.0702759630608 0.997938724269 3.01105237563e-05 0.997928836872 3.0
0.0712861231902 0.99793487181 3.01105237563e-05 0.997935028615 3.0
0.0722962833197 0.997973276602 3.01105237563e-05 0.997941375377 3.0
0.0733064434491 0.997964537641 3.01105237563e-05 0.997947881772 3.0
0.0743166035786 0.997932737359 3.01105237563e-05 0.997954552689 3.0
0.075326763708 0.997956775824 3.01105237563e-05 0.997961393311 3.0
0.0763369238375 0.997964525865 3.01105237563e-05 0.997968409144 3.0
0.0773470839669 0.997940632273 3.01105237563e-05 0.997975606041 3.0
0.0783572440964 0.998011861538 3.01105237563e-05 0.997982990236 3.0
0.0793674042258 0.99800499609 3.01105237563e-05 0.99799056838 3.0
0.0803775643553 0.997981289821 3.01105237563e-05 0.997998347576 3.0
0.0813877244848 0.998017951477 3.01105237563e-05 0.998006335429 3.0
0.0823978846142 0.997985435169 3.01105237563e-05 0.998014540094 3.0
0.0834080447437 0.998100933524 3.01105237563e-05 0.998022970332 3.0
0.0844182048731 0.998031820627 3.01105237563e-05 0.998031635579 3.0
0.0854283650026 0.998030948961 3.01105237563e-05 0.998040546019 3.0
0.086438525132 0.99803930249 3.01105237563e-05 0.998049712674 3.0
0.0874486852615 0.99809038051 3.01105237563e-05 0.9980591475 3.0
0.0884588453909 0.998076380253 3.01105237563e-05 0.998068863511 3.0
0.0894690055204 0.998072111937 3.01105237563e-05 0.998078874913 3.0
0.0904791656499 0.998103533096 3.01105237563e-05 0.998089197265 3.0
0.0914893257793 0.998133292793 3.01105237563e-05 0.998099847682 3.0
0.0924994859088 0.998125769194 3.01105237563e-05 0.998110845057 3.0
0.0935096460382 0.998144508987 3.01105237563e-05 0.998122210351 3.0
0.0945198061677 0.998110561398 3.01105237563e-05 0.998133966929 3.0
0.0955299662971 0.998110146183 3.01105237563e-05 0.998146140989 3.0
0.0965401264266 0.998128740917 3.01105237563e-05 0.998158762087 3.0
0.097550286556 0.998169167867 3.01105237563e-05 0.998171863797 3.0
0.0985604466855 0.998157469814 3.01105237563e-05 0.998185484567 3.0
0.099570606815 0.998203718457 3.01105237563e-05 0.998199668813 3.0
0.100580766944 0.998204686947 3.01105237563e-05 0.998214468369 3.0
0.101590927074 0.998253652898 3.01105237563e-05 0.998229944448 3.0
0.102601087203 0.998230847432 3.01105237563e-05 0.998246170327 3.0
0.103611247333 0.998253986426 3.01105237563e-05 0.998263235211 3.0
0.104621407462 0.998252383773 3.01105237563e-05 0.998281250008 3.0
0.105631567592 0.998266382612 3.01105237563e-05 0.998300356655 3.0
0.106641727721 0.998335315156 3.01105237563e-05 0.99832074483 3.0
0.107651887851 0.998351691318 3.01105237563e-05 0.998342686834 3.0
0.10866204798 0.998374914961 3.01105237563e-05 0.998366626543 3.0
0.10967220811 0.998373104452 3.01105237563e-05 0.998393481324 3.0
0.110682368239 0.998441202493 3.01105237563e-05 0.99845315909 2.0
0.111692528368 0.998528180957 3.01105237563e-05 0.998539952676 2.0
0.112702688498 0.998650915145 3.01105237563e-05 0.998641572435 2.0
0.113712848627 0.998705477115 3.01105237563e-05 0.998753080728 2.0
0.114723008757 0.998891022753 3.01105237563e-05 0.998871207706 2.0
0.115733168886 0.998989049483 3.01105237563e-05 0.998993412932 2.0
0.116743329016 0.999086566117 3.01105237563e-05 0.999117536705 2.0
0.117753489145 0.999260619807 3.01105237563e-05 0.999241629729 2.0
0.118763649275 0.999394383536 3.01105237563e-05 0.999363850461 2.0
0.119773809404 0.999474795834 3.01105237563e-05 0.999482388137 2.0
0.120783969534 0.999597406584 3.01105237563e-05 0.999595389307 2.0
0.121794129663 0.999738355583 3.01105237563e-05 0.99970086871 2.0
0.122804289792 0.999846129933 3.01105237563e-05 0.999796574915 2.0
0.123814449922 0.999850449959 3.01105237563e-05 0.999879740731 2.0
0.124824610051 0.999909839 3.01105237563e-05 0.999946483186 2.0
0.125834770181 0.999976509137 3.01105237563e-05 0.999989419293 2.0
0.12684493031 0.99996137518 3.01105237563e-05 0.999993924094 0.0
0.12785509044 0.999983181137 3.01105237563e-05 0.999993924094 0.0
0.128865250569 1.00000639475 3.01105237563e-05 0.999993924094 0.0
0.129875410699 1.00001417951 3.01105237563e-05 0.999993924094 0.0
0.130885570828 0.999974493313 3.01105237563e-05 0.999993924094 0.0
0.131895730958 1.0000213954 3.01105237563e-05 0.999993924094 0.0
0.132905891087 0.999989005107 3.01105237563e-05 0.999993924094 0.0
0.133916051216 0.999984266804 3.01105237563e-05 0.999993924094 0.0
0.134926211346 1.0000519296 3.01105237563e-05 0.999993924094 0.0
0.135936371475 0.999952523234 3.01105237563e-05 0.999993924094 0.0
0.136946531605 0.999985378486 3.01105237563e-05 0.999993924094 0.0
0.137956691734 0.999940139143 3.01105237563e-05 0.999993924094 0.0
0.138966851864 0.999945635466 3.01105237563e-05 0.999993924094 0.0
0.139977011993 1.00000274292 3.01105237563e-05 0.999993924094 0.0
0.140987172123 0.999981520201 3.01105237563e-05 0.999993924094 0.0
0.141997332252 1.00003303361 3.01105237563e-05 0.999993924094 0.0
0.143007492382 1.00005041104 3.01105237563e-05 0.999993924094 0.0
0.144017652511 1.00001143838 3.01105237563e-05 0.999993924094 0.0
0.14502781264 1.00000988746 3.01105237563e-05 0.999993924094 0.0
0.14603797277 0.999961965414 3.01105237563e-05 0.999993924094 0.0
0.147048132899 1.00002979063 3.01105237563e-05 0.999993924094 0.0
0.148058293029 1.00004353982 3.01105237563e-05 0.999993924094 0.0
0.149068453158 0.999991556839 3.01105237563e-05 0.999993924094 0.0
0.150078613288 0.999963060491 3.01105237563e-05 0.999993924094 0.0
0.151088773417 1.00001579787 3.01105237563e-05 0.999993924094 0.0
