-0.0817728159301 0.99995059092 8.09820435994e-05 0.9999966236 0.0
-0.0812271878892 1.00000663245 8.09820435994e-05 0.9999966236 0.0
-0.0806815598484 1.00006042397 8.09820435994e-05 0.9999966236 0.0
-0.0801359318075 0.999862850021 8.09820435994e-05 0.9999966236 0.0
-0.0795903037666 0.999819714001 8.09820435994e-05 0.9999966236 0.0
-0.0790446757258 0.999996946744 8.09820435994e-05 0.9999966236 0.0
-0.0784990476849 1.00004818683 8.09820435994e-05 0.9999966236 0.0
-0.0779534196441 0.9999877531 8.09820435994e-05 0.9999966236 0.0
-0.0774077916032 0.9999778212 8.09820435994e-05 0.9999966236 0.0
-0.0768621635624 0.999779994562 8.09820435994e-05 0.9999966236 0.0
-0.0763165355215 1.00010941806 8.09820435994e-05 0.9999966236 0.0
-0.0757709074807 1.00006518408 8.09820435994e-05 0.9999966236 0.0
-0.0752252794398 0.999948325114 8.09820435994e-05 0.9999966236 0.0
-0.0746796513989 0.999938617899 8.09820435994e-05 0.9999966236 0.0
-0.0741340233581 1.00002654776 8.09820435994e-05 0.9999966236 0.0
-0.0735883953172 0.999982517872 8.09820435994e-05 0.9999966236 0.0
-0.0730427672764 1.00001127305 8.09820435994e-05 0.9999966236 0.0
-0.0724971392355 0.999942857077 8.09820435994e-05 0.9999966236 0.0
-0.0719515111947 0.999994210146 8.09820435994e-05 0.9999966236 0.0
-0.0714058831538 1.00001153844 8.09820435994e-05 0.9999966236 0.0
-0.070860255113 1.00015997851 8.09820435994e-05 0.9999966236 0.0
-0.0703146270721 0.999967386076 8.09820435994e-05 0.9999966236 0.0
-0.0697689990313 1.00003168281 8.09820435994e-05 0.9999966236 0.0
-0.0692233709904 1.00006741048 8.09820435994e-05 0.9999966236 0.0
-0.0686777429495 1.00002318529 8.09820435994e-05 0.9999966236 0.0
-0.0681321149087 1.00009060662 8.09820435994e-05 0.999995201994 1.0
-0.0675864868678 0.999904528311 8.09820435994e-05 0.999955597564 1.0
-0.067040858827 0.99992897907 8.09820435994e-05 0.999887040147 1.0
-0.0664952307861 0.999782771871 8.09820435994e-05 0.99979754645 1.0
-0.0659496027453 0.999632626429 8.09820435994e-05 0.999690706362 1.0
-0.0654039747044 0.99967097906 8.09820435994e-05 0.999568843702 1.0
-0.0648583466636 0.99930697762 8.09820435994e-05 0.999433686973 1.0
-0.0643127186227 0.999348233937 8.09820435994e-05 0.999286624776 1.0
-0.0637670905818 0.999230784213 8.09820435994e-05 0.99912882882 1.0
-0.063221462541 0.998972140803 8.09820435994e-05 0.998961321967 1.0
-0.0626758345001 0.998759369745 8.09820435994e-05 0.998785019567 1.0
-0.0621302064593 0.998686119711 8.09820435994e-05 0.998600756346 1.0
-0.0615845784184 0.998479097484 8.09820435994e-05 0.998409304838 1.0
-0.0610389503776 0.998245547666 8.09820435994e-05 0.998211388575 1.0
-0.0604933223367 0.997997467073 8.09820435994e-05 0.998007691862 1.0
-0.0599476942959 0.997880737837 8.09820435994e-05 0.997798867254 1.0
-0.059402066255 0.997592783955 8.09820435994e-05 0.997585541434 1.0
-0.0588564382141 0.997420068122 8.09820435994e-05 0.99736831996 1.0
-0.0583108101733 0.997088200105 8.09820435994e-05 0.997147791195 1.0
-0.0577651821324 0.996932809994 8.09820435994e-05 0.996924529652 1.0
-0.0572195540916 0.9966114518 8.09820435994e-05 0.99669909892 1.0
-0.0566739260507 0.996605271325 8.09820435994e-05 0.996472054298 1.0
-0.0561282980099 0.996235006102 8.09820435994e-05 0.996243945238 1.0
-0.055582669969 0.996019708425 8.09820435994e-05 0.996015317704 1.0
-0.0550370419282 0.995793763085 8.09820435994e-05 0.995786716511 1.0
-0.0544914138873 0.995337483749 8.09820435994e-05 0.995558687747 1.0
-0.0539457858464 0.995330770828 8.09820435994e-05 0.995331781371 1.0
-0.0534001578056 0.995263853179 8.09820435994e-05 0.995106554083 1.0
-0.0528545297647 0.994864828276 8.09820435994e-05 0.994883572632 1.0
-0.0523089017239 0.994568377907 8.09820435994e-05 0.994663417723 1.0
-0.051763273683 0.994482256992 8.09820435994e-05 0.994446688793 1.0
-0.0512176456422 0.99421401978 8.09820435994e-05 0.994234010008 1.0
-0.0506720176013 0.993941146633 8.09820435994e-05 0.994026038029 1.0
-0.0501263895605 0.993744904091 8.09820435994e-05 0.993823472368 1.0
-0.0495807615196 0.993454985039 8.09820435994e-05 0.993627069673 1.0
-0.0490351334788 0.993612233493 8.09820435994e-05 0.9934376642 1.0
-0.0484895054379 0.993193092589 8.09820435994e-05 0.993256198524 1.0
-0.047943877397 0.993087014647 8.09820435994e-05 0.993083772396 1.0
-0.0473982493562 0.992901543561 8.09820435994e-05 0.992921726698 1.0
-0.0468526213153 0.992796472952 8.09820435994e-05 0.992771804686 1.0
-0.0463069932745 0.992650607788 8.09820435994e-05 0.992636521118 1.0
-0.0457613652336 0.992544167395 8.09820435994e-05 0.992520353821 1.0
-0.0452157371928 0.992539995972 8.09820435994e-05 0.992437545671 3.0
-0.0446701091519 0.992517358845 8.09820435994e-05 0.992372556574 3.0
-0.0441244811111 0.99227538154 8.09820435994e-05 0.992311933769 3.0
-0.0435788530702 0.99225816633 8.09820435994e-05 0.99225482794 3.0
-0.0430332250293 0.992266555155 8.09820435994e-05 0.99220072447 3.0
-0.0424875969885 0.992015753724 8.09820435994e-05 0.992149260138 3.0
-0.0419419689476 0.992044000673 8.09820435994e-05 0.992100159042 3.0
-0.0413963409068 0.992113212929 8.09820435994e-05 0.992053201824 3.0
-0.0408507128659 0.991851133517 8.09820435994e-05 0.992008208469 3.0
-0.0403050848251 0.991942434515 8.09820435994e-05 0.991965027767 3.0
-0.0397594567842 0.991914776354 8.09820435994e-05 0.991923530405 3.0
-0.0392138287434 0.991879671094 8.09820435994e-05 0.991883604214 3.0
-0.0386682007025 0.991842979125 8.09820435994e-05 0.99184515077 3.0
-0.0381225726616 0.991873516221 8.09820435994e-05 0.991808082883 3.0
-0.0375769446208 0.991826723882 8.09820435994e-05 0.9917723227 3.0
-0.0370313165799 0.991744654779 8.09820435994e-05 0.991737800223 3.0
-0.0364856885391 0.991680953704 8.09820435994e-05 0.991704452151 3.0
-0.0359400604982 0.9916852366 8.09820435994e-05 0.991672220943 3.0
-0.0353944324574 0.991612449416 8.09820435994e-05 0.991641054059 3.0
-0.0348488044165 0.991582287639 8.09820435994e-05 0.991610903332 3.0
-0.0343031763757 0.991621178842 8.09820435994e-05 0.991581724448 3.0
-0.0337575483348 0.991528922668 8.09820435994e-05 0.991553476503 3.0
-0.0332119202939 0.991596558018 8.09820435994e-05 0.991526121635 3.0
-0.0326662922531 0.991488261478 8.09820435994e-05 0.991499624702 3.0
-0.0321206642122 0.991522201655 8.09820435994e-05 0.991473953011 3.0
-0.0315750361714 0.991305747739 8.09820435994e-05 0.991449076079 3.0
-0.0310294081305 0.991467128455 8.09820435994e-05 0.991424965424 3.0
-0.0304837800897 0.991428957165 8.09820435994e-05 0.991401594388 3.0
-0.0299381520488 0.991328226438 8.09820435994e-05 0.991378937977 3.0
-0.029392524008 0.991423001142 8.09820435994e-05 0.991356972717 3.0
-0.0288468959671 0.99139993298 8.09820435994e-05 0.991335676532 3.0
-0.0283012679263 0.991243728974 8.09820435994e-05 0.991315028632 3.0
-0.0277556398854 0.991262085897 8.09820435994e-05 0.991295009417 3.0
-0.0272100118445 0.991187497123 8.09820435994e-05 0.99127560038 3.0
-0.0266643838037 0.991300429668 8.09820435994e-05 0.991256784034 3.0
-0.0261187557628 0.99143647299 8.09820435994e-05 0.99123854384 3.0
-0.025573127722 0.991286660993 8.09820435994e-05 0.991220864137 3.0
-0.0250274996811 0.991088913152 8.09820435994e-05 0.991203730085 3.0
-0.0244818716403 0.991227849838 8.09820435994e-05 0.991187127614 3.0
-0.0239362435994 0.991209031115 8.09820435994e-05 0.99117104337 3.0
-0.0233906155586 0.991092428788 8.09820435994e-05 0.991155464675 3.0
-0.0228449875177 0.991115829657 8.09820435994e-05 0.991140379485 3.0
-0.0222993594768 0.99107084511 8.09820435994e-05 0.991125776352 3.0
-0.021753731436 0.99102369285 8.09820435994e-05 0.991111644388 3.0
-0.0212081033951 0.990915362273 8.09820435994e-05 0.991097973238 3.0
-0.0206624753543 0.991167648812 8.09820435994e-05 0.991084753048 3.0
-0.0201168473134 0.991050065172 8.09820435994e-05 0.991071974438 3.0
-0.0195712192726 0.991095841027 8.09820435994e-05 0.99105962848 3.0
-0.0190255912317 0.991024384791 8.09820435994e-05 0.991047706673 3.0
-0.0184799631909 0.990927728989 8.09820435994e-05 0.991036200922 3.0
-0.01793433515 0.9910161041 8.09820435994e-05 0.99102510352 3.0
-0.0173887071091 0.990981911075 8.09820435994e-05 0.991014407131 3.0
-0.0168430790683 0.991102918893 8.09820435994e-05 0.991004104769 3.0
-0.0162974510274 0.990939416099 8.09820435994e-05 0.990994189787 3.0
-0.0157518229866 0.991024562073 8.09820435994e-05 0.99098465586 3.0
-0.0152061949457 0.990965834879 8.09820435994e-05 0.990975496973 3.0
-0.0146605669049 0.99098952273 8.09820435994e-05 0.990966707406 3.0
-0.014114938864 0.990887407012 8.09820435994e-05 0.990958281727 3.0
-0.0135693108232 0.990997329161 8.09820435994e-05 0.990950214777 3.0
-0.0130236827823 0.990883080034 8.09820435994e-05 0.990942501664 3.0
-0.0124780547414 0.990833898956 8.09820435994e-05 0.990935137748 3.0
-0.0119324267006 0.990848994655 8.09820435994e-05 0.990928118638 3.0
-0.0113867986597 0.991022439787 8.09820435994e-05 0.990921440181 3.0
-0.0108411706189 0.99087147517 8.09820435994e-05 0.990915098455 3.0
-0.010295542578 0.990720638623 8.09820435994e-05 0.990909089762 3.0
-0.00974991453717 0.990777525856 8.09820435994e-05 0.990903410623 3.0
-0.00920428649632 0.990919720777 8.09820435994e-05 0.99089805777 3.0
-0.00865865845546 0.990838472988 8.09820435994e-05 0.990893028139 3.0
-0.00811303041461 0.99089583476 8.09820435994e-05 0.990888318871 3.0
-0.00756740237375 0.990816122909 8.09820435994e-05 0.990883927301 3.0
-0.0070217743329 0.990843164475 8.09820435994e-05 0.990879850956 3.0
-0.00647614629204 0.990844470711 8.09820435994e-05 0.990876087551 3.0
-0.00593051825119 0.99083942418 8.09820435994e-05 0.990872634987 3.0
-0.00538489021033 0.990965907609 8.09820435994e-05 0.990869491342 3.0
-0.00483926216948 0.990813591869 8.09820435994e-05 0.990866654877 3.0
-0.00429363412862 0.990837410252 8.09820435994e-05 0.990864124023 3.0
-0.00374800608777 0.990761381015 8.09820435994e-05 0.990861897389 3.0
-0.00320237804691 0.990901731817 8.09820435994e-05 0.990859973751 3.0
-0.00265675000605 0.990823750506 8.09820435994e-05 0.990858352054 3.0
-0.0021111219652 0.990940412648 8.09820435994e-05 0.990857031412 3.0
-0.00156549392434 0.99087988581 8.09820435994e-05 0.990856011103 3.0
-0.00101986588349 0.990840654386 8.09820435994e-05 0.990855290572 3.0
-0.000474237842634 0.990934875923 8.09820435994e-05 0.990854869424 3.0
7.13901982215e-05 0.990949427574 8.09820435994e-05 0.990854747432 3.0
0.000617018239077 0.990891982054 8.09820435994e-05 0.990854924528 3.0
0.00116264627993 0.990815140306 8.09820435994e-05 0.990855400809 3.0
0.00170827432079 0.990958385218 8.09820435994e-05 0.990856176534 3.0
0.00225390236164 0.990755584133 8.09820435994e-05 0.990857252127 3.0
0.0027995304025 0.990947574612 8.09820435994e-05 0.990858628173 3.0
0.00334515844335 0.99097302279 8.09820435994e-05 0.990860305425 3.0
0.00389078648421 0.99096131123 8.09820435994e-05 0.9908622848 3.0
0.00443641452506 0.990907919704 8.09820435994e-05 0.990864567384 3.0
0.00498204256592 0.990873796116 8.09820435994e-05 0.99086715443 3.0
0.00552767060677 0.990881450703 8.09820435994e-05 0.990870047365 3.0
0.00607329864763 0.99078621933 8.09820435994e-05 0.990873247786 3.0
0.00661892668848 0.990874901512 8.09820435994e-05 0.990876757467 3.0
0.00716455472934 0.990862566291 8.09820435994e-05 0.990880578362 3.0
0.0077101827702 0.990819808591 8.09820435994e-05 0.990884712604 3.0
0.00825581081105 0.990817512041 8.09820435994e-05 0.990889162512 3.0
0.00880143885191 0.990871229244 8.09820435994e-05 0.990893930594 3.0
0.00934706689276 0.990967947746 8.09820435994e-05 0.990899019551 3.0
0.00989269493362 0.990940180009 8.09820435994e-05 0.99090443228 3.0
0.0104383229745 0.990945023962 8.09820435994e-05 0.990910171881 3.0
0.0109839510153 0.990930796813 8.09820435994e-05 0.990916241661 3.0
0.0115295790562 0.990894032693 8.09820435994e-05 0.990922645139 3.0
0.012075207097 0.990968743597 8.09820435994e-05 0.990929386053 3.0
0.0126208351379 0.990850171161 8.09820435994e-05 0.990936468368 3.0
0.0131664631787 0.991063566036 8.09820435994e-05 0.990943896279 3.0
0.0137120912196 0.991036400998 8.09820435994e-05 0.990951674224 3.0
0.0142577192605 0.990952649625 8.09820435994e-05 0.990959806887 3.0
0.0148033473013 0.990974945748 8.09820435994e-05 0.990968299209 3.0
0.0153489753422 0.990938205547 8.09820435994e-05 0.9909771564 3.0
0.015894603383 0.991017105393 8.09820435994e-05 0.990986383943 3.0
0.0164402314239 0.990860080108 8.09820435994e-05 0.990995987611 3.0
0.0169858594647 0.990966324721 8.09820435994e-05 0.991005973475 3.0
0.0175314875056 0.991067599157 8.09820435994e-05 0.991016347919 3.0
0.0180771155464 0.991019371886 8.09820435994e-05 0.991027117652 3.0
0.0186227435873 0.991106633473 8.09820435994e-05 0.991038289721 3.0
0.0191683716282 0.990989608078 8.09820435994e-05 0.991049871532 3.0
0.019713999669 0.991097588424 8.09820435994e-05 0.991061870861 3.0
0.0202596277099 0.991102344588 8.09820435994e-05 0.991074295876 3.0
0.0208052557507 0.991184812172 8.09820435994e-05 0.991087155154 3.0
0.0213508837916 0.991204389695 8.09820435994e-05 0.991100457706 3.0
0.0218965118324 0.99121752274 8.09820435994e-05 0.991114212997 3.0
0.0224421398733 0.991102655775 8.09820435994e-05 0.991128430971 3.0
0.0229877679141 0.991188842154 8.09820435994e-05 0.99114312208 3.0
0.023533395955 0.991084646171 8.09820435994e-05 0.991158297311 3.0
0.0240790239959 0.991285103574 8.09820435994e-05 0.991173968219 3.0
0.0246246520367 0.991260382449 8.09820435994e-05 0.991190146964 3.0
0.0251702800776 0.991221327805 8.09820435994e-05 0.991206846345 3.0
0.0257159081184 0.991231979816 8.09820435994e-05 0.991224079843 3.0
0.0262615361593 0.991147547094 8.09820435994e-05 0.991241861667 3.0
0.0268071642001 0.991267601429 8.09820435994e-05 0.991260206803 3.0
0.027352792241 0.991390556191 8.09820435994e-05 0.99127913107 3.0
0.0278984202818 0.991305534973 8.09820435994e-05 0.991298651178 3.0
0.0284440483227 0.991329916302 8.09820435994e-05 0.991318784794 3.0
0.0289896763636 0.991373989588 8.09820435994e-05 0.99133955062 3.0
0.0295353044044 0.991284341694 8.09820435994e-05 0.99136096847 3.0
0.0300809324453 0.991517149149 8.09820435994e-05 0.991383059363 3.0
0.0306265604861 0.991284749495 8.09820435994e-05 0.991405845622 3.0
0.031172188527 0.991514608088 8.09820435994e-05 0.991429350993 3.0
0.0317178165678 0.99147999804 8.09820435994e-05 0.991453600764 3.0
0.0322634446087 0.991583740259 8.09820435994e-05 0.991478621918 3.0
0.0328090726495 0.99155294144 8.09820435994e-05 0.99150444329 3.0
0.0333547006904 0.991484431362 8.09820435994e-05 0.991531095755 3.0
0.0339003287312 0.991454614078 8.09820435994e-05 0.991558612438 3.0
0.0344459567721 0.991688140866 8.09820435994e-05 0.991587028959 3.0
0.034991584813 0.991669247997 8.09820435994e-05 0.991616383717 3.0
0.0355372128538 0.991576456837 8.09820435994e-05 0.991646718213 3.0
0.0360828408947 0.991657833767 8.09820435994e-05 0.991678077436 3.0
0.0366284689355 0.991778580772 8.09820435994e-05 0.991710510317 3.0
0.0371740969764 0.991666247976 8.09820435994e-05 0.991744070266 3.0
0.0377197250172 0.9918490698 8.09820435994e-05 0.991778815825 3.0
0.0382653530581 0.991721894367 8.09820435994e-05 0.991814811451 3.0
0.0388109810989 0.991880359056 8.09820435994e-05 0.991852128494 3.0
0.0393566091398 0.991771159363 8.09820435994e-05 0.991890846406 3.0
0.0399022371807 0.991720340093 8.09820435994e-05 0.991931054289 3.0
0.0404478652215 0.991989272198 8.09820435994e-05 0.991972852888 3.0
0.0409934932624 0.992023374756 8.09820435994e-05 0.992016357242 3.0
0.0415391213032 0.992046704112 8.09820435994e-05 0.992061700293 3.0
0.0420847493441 0.992034369515 8.09820435994e-05 0.992109037955 3.0
0.0426303773849 0.992130133719 8.09820435994e-05 0.992158556554 3.0
0.0431760054258 0.99225631302 8.09820435994e-05 0.992210484302 3.0
0.0437216334666 0.992296087326 8.09820435994e-05 0.992265110281 3.0
0.0442672615075 0.992310392762 8.09820435994e-05 0.992322819187 3.0
0.0448128895484 0.992375611727 8.09820435994e-05 0.992384166578 3.0
0.0453585175892 0.992459143096 8.09820435994e-05 0.992450120075 3.0
0.0459041456301 0.992601189928 8.09820435994e-05 0.992539961843 2.0
0.0464497736709 0.992689537799 8.09820435994e-05 0.992660186119 2.0
0.0469954017118 0.992805825172 8.09820435994e-05 0.992798414625 2.0
0.0475410297526 0.993041173828 8.09820435994e-05 0.992950728398 2.0
0.0480866577935 0.993063241453 8.09820435994e-05 0.993114802416 2.0
0.0486322858343 0.993406671528 8.09820435994e-05 0.993288985976 2.0
0.0491779138752 0.993502117956 8.09820435994e-05 0.993471991527 2.0
0.049723541916 0.993715701263 8.09820435994e-05 0.993662753197 2.0
0.0502691699569 0.993779357677 8.09820435994e-05 0.993860351347 2.0
0.0508147979978 0.994141282786 8.09820435994e-05 0.994063967949 2.0
0.0513604260386 0.994255491263 8.09820435994e-05 0.994272858193 2.0
0.0519060540795 0.994448991906 8.09820435994e-05 0.994486331397 2.0
0.0524516821203 0.994825890078 8.09820435994e-05 0.994703737573 2.0
0.0529973101612 0.994939028561 8.09820435994e-05 0.994924457634 2.0
0.053542938202 0.995175797748 8.09820435994e-05 0.995147896001 2.0
0.0540885662429 0.995554282603 8.09820435994e-05 0.995373474869 2.0
0.0546341942837 0.99543759501 8.09820435994e-05 0.995600629615 2.0
0.0551798223246 0.995809446473 8.09820435994e-05 0.995828805013 2.0
0.0557254503655 0.996048546897 8.09820435994e-05 0.996057452023 2.0
0.0562710784063 0.996149256638 8.09820435994e-05 0.996286024981 2.0
0.0568167064472 0.996567135821 8.09820435994e-05 0.996513979037 2.0
0.057362334488 0.996763341266 8.09820435994e-05 0.996740767762 2.0
0.0579079625289 0.996949555026 8.09820435994e-05 0.996965840803 2.0
0.0584535905697 0.997287404698 8.09820435994e-05 0.997188641523 2.0
0.0589992186106 0.997319915345 8.09820435994e-05 0.997408604526 2.0
0.0595448466514 0.997493264364 8.09820435994e-05 0.997625152977 2.0
0.0600904746923 0.997752151666 8.09820435994e-05 0.997837695611 2.0
0.0606361027332 0.997969625144 8.09820435994e-05 0.998045623294 2.0
0.061181730774 0.998219075533 8.09820435994e-05 0.998248304964 2.0
0.0617273588149 0.998440657643 8.09820435994e-05 0.998445082696 2.0
0.0622729868557 0.998662215205 8.09820435994e-05 0.998635265579 2.0
0.0628186148966 0.998759606707 8.09820435994e-05 0.99881812187 2.0
0.0633642429374 0.998961800445 8.09820435994e-05 0.998992868693 2.0
0.0639098709783 0.999177795355 8.09820435994e-05 0.999158658051 2.0
0.0644554990191 0.999208142065 8.09820435994e-05 0.999314557132 2.0
0.06500112706 0.999565509733 8.09820435994e-05 0.999459519331 2.0
0.0655467551009 0.999679695851 8.09820435994e-05 0.999592339197 2.0
0.0660923831417 0.999760562474 8.09820435994e-05 0.999711577152 2.0
0.0666380111826 0.999893896985 8.09820435994e-05 0.999815420472 2.0
0.0671836392234 0.999882308084 8.09820435994e-05 0.999901384812 2.0
0.0677292672643 0.999899458803 8.09820435994e-05 0.999965478432 2.0
0.0682748953051 0.999924201496 8.09820435994e-05 0.9999966236 0.0
0.068820523346 1.00004895553 8.09820435994e-05 0.9999966236 0.0
0.0693661513868 0.99989022765 8.09820435994e-05 0.9999966236 0.0
0.0699117794277 0.999980156067 8.09820435994e-05 0.9999966236 0.0
0.0704574074685 1.00008037515 8.09820435994e-05 0.9999966236 0.0
0.0710030355094 1.00008428502 8.09820435994e-05 0.9999966236 0.0
0.0715486635503 1.00008051488 8.09820435994e-05 0.9999966236 0.0
0.0720942915911 0.999816196941 8.09820435994e-05 0.9999966236 0.0
0.072639919632 1.00009180872 8.09820435994e-05 0.9999966236 0.0
0.0731855476728 0.999995750094 8.09820435994e-05 0.9999966236 0.0
0.0737311757137 0.999987952381 8.09820435994e-05 0.9999966236 0.0
0.0742768037545 0.999981121436 8.09820435994e-05 0.9999966236 0.0
0.0748224317954 1.00003598334 8.09820435994e-05 0.9999966236 0.0
0.0753680598362 1.00006248364 8.09820435994e-05 0.9999966236 0.0
0.0759136878771 0.999903140037 8.09820435994e-05 0.9999966236 0.0
0.076459315918 1.00007381001 8.09820435994e-05 0.9999966236 0.0
0.0770049439588 0.999981373729 8.09820435994e-05 0.9999966236 0.0
0.0775505719997 1.00000582356 8.09820435994e-05 0.9999966236 0.0
0.0780962000405 1.0000095927 8.09820435994e-05 0.9999966236 0.0
0.0786418280814 0.999977594153 8.09820435994e-05 0.9999966236 0.0
0.0791874561222 1.0000865607 8.09820435994e-05 0.9999966236 0.0
0.0797330841631 0.999824036497 8.09820435994e-05 0.9999966236 0.0
0.0802787122039 1.00004507279 8.09820435994e-05 0.9999966236 0.0
0.0808243402448 0.99996901798 8.09820435994e-05 0.9999966236 0.0
0.0813699682857 0.999992377366 8.09820435994e-05 0.9999966236 0.0
