-0.185902218758 0.99994951818 2.73849689727e-05 1.00000756443 0.0
-0.184661050033 1.00003928825 2.73849689727e-05 1.00000756443 0.0
-0.183419881307 0.999993076763 2.73849689727e-05 1.00000756443 0.0
-0.182178712582 0.999994281145 2.73849689727e-05 1.00000756443 0.0
-0.180937543857 0.999976054458 2.73849689727e-05 1.00000756443 0.0
-0.179696375132 1.000046858 2.73849689727e-05 1.00000756443 0.0
-0.178455206406 1.00000425845 2.73849689727e-05 1.00000756443 0.0
-0.177214037681 0.999988523816 2.73849689727e-05 1.00000756443 0.0
-0.175972868956 1.00001570134 2.73849689727e-05 1.00000756443 0.0
-0.17473170023 0.999958724121 2.73849689727e-05 1.00000756443 0.0
-0.173490531505 1.00001862689 2.73849689727e-05 1.00000756443 0.0
-0.17224936278 0.999975913905 2.73849689727e-05 1.00000756443 0.0
-0.171008194055 0.999971974586 2.73849689727e-05 1.00000756443 0.0
-0.169767025329 1.00008085425 2.73849689727e-05 1.00000756443 0.0
-0.168525856604 1.00000590636 2.73849689727e-05 1.00000756443 0.0
-0.167284687879 0.999945535556 2.73849689727e-05 1.00000756443 0.0
-0.166043519153 0.999968656713 2.73849689727e-05 1.00000756443 0.0
-0.164802350428 1.00001306554 2.73849689727e-05 1.00000756443 0.0
-0.163561181703 0.999949571076 2.73849689727e-05 1.00000756443 0.0
-0.162320012978 1.00000166359 2.73849689727e-05 1.00000756443 0.0
-0.161078844252 1.00005513559 2.73849689727e-05 1.00000756443 0.0
-0.159837675527 1.00001875355 2.73849689727e-05 1.00000756443 0.0
-0.158596506802 0.999927236407 2.73849689727e-05 1.00000756443 0.0
-0.157355338077 1.00004184242 2.73849689727e-05 1.00000756443 0.0
-0.156114169351 1.00002661793 2.73849689727e-05 1.00000756443 0.0
-0.154873000626 0.999977657392 2.73849689727e-05 0.999995632387 1.0
-0.153631831901 0.99988380765 2.73849689727e-05 0.999892704297 1.0
-0.152390663175 0.999722374672 2.73849689727e-05 0.999732338226 1.0
-0.15114949445 0.999516062605 2.73849689727e-05 0.999530247758 1.0
-0.149908325725 0.999327530366 2.73849689727e-05 0.999294368836 1.0
-0.148667157 0.999044661628 2.73849689727e-05 0.999030102386 1.0
-0.147425988274 0.998777262278 2.73849689727e-05 0.998741632386 1.0
-0.146184819549 0.998468368582 2.73849689727e-05 0.998432457586 1.0
-0.144943650824 0.998097095828 2.73849689727e-05 0.998105658757 1.0
-0.143702482098 0.997817262808 2.73849689727e-05 0.997764053553 1.0
-0.142461313373 0.997490281163 2.73849689727e-05 0.997410296747 1.0
-0.141220144648 0.997029017802 2.73849689727e-05 0.997046951858 1.0
-0.139978975923 0.996674581628 2.73849689727e-05 0.996676547665 1.0
-0.138737807197 0.996293553293 2.73849689727e-05 0.996301627644 1.0
-0.137496638472 0.995966120283 2.73849689727e-05 0.995924798155 1.0
-0.136255469747 0.995537654321 2.73849689727e-05 0.995548780631 1.0
-0.135014301022 0.995162242959 2.73849689727e-05 0.995176474029 1.0
-0.133773132296 0.994748502898 2.73849689727e-05 0.994811036649 1.0
-0.132531963571 0.994452459796 2.73849689727e-05 0.994456002812 1.0
-0.131290794846 0.994101219425 2.73849689727e-05 0.994115464274 1.0
-0.13004962612 0.993743776168 2.73849689727e-05 0.993794381666 1.0
-0.128808457395 0.99348783165 2.73849689727e-05 0.993499193842 1.0
-0.12756728867 0.993311783712 2.73849689727e-05 0.993239279401 1.0
-0.126326119945 0.993048948547 2.73849689727e-05 0.993032338658 1.0
-0.125084951219 0.992878625369 2.73849689727e-05 0.992923712615 3.0
-0.123843782494 0.992770624025 2.73849689727e-05 0.992841895567 3.0
-0.122602613769 0.992766471987 2.73849689727e-05 0.992766761152 3.0
-0.121361445043 0.992657454488 2.73849689727e-05 0.992696813626 3.0
-0.120120276318 0.992587692606 2.73849689727e-05 0.992631156871 3.0
-0.118879107593 0.992616069519 2.73849689727e-05 0.992569173712 3.0
-0.117637938868 0.992479887637 2.73849689727e-05 0.992510405858 3.0
-0.116396770142 0.992452188768 2.73849689727e-05 0.992454496352 3.0
-0.115155601417 0.992360786665 2.73849689727e-05 0.99240115783 3.0
-0.113914432692 0.992285588422 2.73849689727e-05 0.992350153281 3.0
-0.112673263967 0.992242396615 2.73849689727e-05 0.992301283556 3.0
-0.111432095241 0.992308713506 2.73849689727e-05 0.992254378822 3.0
-0.110190926516 0.99219936351 2.73849689727e-05 0.992209292481 3.0
-0.108949757791 0.992142138967 2.73849689727e-05 0.992165896696 3.0
-0.107708589065 0.992063595776 2.73849689727e-05 0.992124079022 3.0
-0.10646742034 0.992086752715 2.73849689727e-05 0.9920837398 3.0
-0.105226251615 0.992011696884 2.73849689727e-05 0.992044790126 3.0
-0.10398508289 0.991960527449 2.73849689727e-05 0.992007150221 3.0
-0.102743914164 0.991968811365 2.73849689727e-05 0.991970748123 3.0
-0.101502745439 0.991916627554 2.73849689727e-05 0.991935518615 3.0
-0.100261576714 0.991904317964 2.73849689727e-05 0.991901402343 3.0
-0.0990204079884 0.991860756099 2.73849689727e-05 0.991868345084 3.0
-0.0977792392632 0.991791391226 2.73849689727e-05 0.991836297122 3.0
-0.0965380705379 0.991770895242 2.73849689727e-05 0.991805212735 3.0
-0.0952969018126 0.991721820217 2.73849689727e-05 0.991775049741 3.0
-0.0940557330873 0.99173002506 2.73849689727e-05 0.991745769128 3.0
-0.0928145643621 0.991622713759 2.73849689727e-05 0.991717334714 3.0
-0.0915733956368 0.991673853701 2.73849689727e-05 0.991689712873 3.0
-0.0903322269115 0.991637626022 2.73849689727e-05 0.991662872282 3.0
-0.0890910581862 0.991617696447 2.73849689727e-05 0.991636783703 3.0
-0.0878498894609 0.991605470021 2.73849689727e-05 0.991611419798 3.0
-0.0866087207357 0.991563961661 2.73849689727e-05 0.991586754955 3.0
-0.0853675520104 0.991554187242 2.73849689727e-05 0.991562765145 3.0
-0.0841263832851 0.991538101244 2.73849689727e-05 0.991539427783 3.0
-0.0828852145598 0.991560625132 2.73849689727e-05 0.991516721617 3.0
-0.0816440458345 0.991493738544 2.73849689727e-05 0.991494626618 3.0
-0.0804028771093 0.991472394149 2.73849689727e-05 0.991473123888 3.0
-0.079161708384 0.991462976592 2.73849689727e-05 0.991452195573 3.0
-0.0779205396587 0.991450234115 2.73849689727e-05 0.991431824788 3.0
-0.0766793709334 0.991476590597 2.73849689727e-05 0.991411995545 3.0
-0.0754382022082 0.991409452577 2.73849689727e-05 0.991392692692 3.0
-0.0741970334829 0.99133992199 2.73849689727e-05 0.991373901858 3.0
-0.0729558647576 0.991381152216 2.73849689727e-05 0.991355609397 3.0
-0.0717146960323 0.991362088283 2.73849689727e-05 0.99133780234 3.0
-0.070473527307 0.99130562294 2.73849689727e-05 0.991320468358 3.0
-0.0692323585818 0.991299847157 2.73849689727e-05 0.991303595716 3.0
-0.0679911898565 0.991303753418 2.73849689727e-05 0.991287173237 3.0
-0.0667500211312 0.991246679059 2.73849689727e-05 0.991271190274 3.0
-0.0655088524059 0.991245198177 2.73849689727e-05 0.991255636671 3.0
-0.0642676836807 0.991251092708 2.73849689727e-05 0.991240502743 3.0
-0.0630265149554 0.991227494213 2.73849689727e-05 0.991225779244 3.0
-0.0617853462301 0.991156827132 2.73849689727e-05 0.991211457345 3.0
-0.0605441775048 0.991190297431 2.73849689727e-05 0.99119752861 3.0
-0.0593030087795 0.991185148283 2.73849689727e-05 0.991183984979 3.0
-0.0580618400543 0.991164940311 2.73849689727e-05 0.991170818743 3.0
-0.056820671329 0.991113057929 2.73849689727e-05 0.991158022533 3.0
-0.0555795026037 0.991136374942 2.73849689727e-05 0.991145589298 3.0
-0.0543383338784 0.991121374657 2.73849689727e-05 0.99113351229 3.0
-0.0530971651532 0.991133157288 2.73849689727e-05 0.991121785052 3.0
-0.0518559964279 0.991060649619 2.73849689727e-05 0.991110401404 3.0
-0.0506148277026 0.99108807639 2.73849689727e-05 0.99109935543 3.0
-0.0493736589773 0.991061101784 2.73849689727e-05 0.991088641464 3.0
-0.048132490252 0.991108406387 2.73849689727e-05 0.991078254084 3.0
-0.0468913215268 0.991057023124 2.73849689727e-05 0.991068188097 3.0
-0.0456501528015 0.991093177565 2.73849689727e-05 0.991058438531 3.0
-0.0444089840762 0.991048178043 2.73849689727e-05 0.991049000629 3.0
-0.0431678153509 0.991016627267 2.73849689727e-05 0.991039869836 3.0
-0.0419266466257 0.991103368175 2.73849689727e-05 0.991031041794 3.0
-0.0406854779004 0.991012247571 2.73849689727e-05 0.991022512331 3.0
-0.0394443091751 0.99098398462 2.73849689727e-05 0.991014277462 3.0
-0.0382031404498 0.990966132916 2.73849689727e-05 0.991006333372 3.0
-0.0369619717245 0.991041314235 2.73849689727e-05 0.990998676419 3.0
-0.0357208029993 0.990977917158 2.73849689727e-05 0.990991303122 3.0
-0.034479634274 0.990924090539 2.73849689727e-05 0.990984210159 3.0
-0.0332384655487 0.990923816971 2.73849689727e-05 0.99097739436 3.0
-0.0319972968234 0.990899644477 2.73849689727e-05 0.990970852706 3.0
-0.0307561280981 0.990856555066 2.73849689727e-05 0.990964582319 3.0
-0.0295149593729 0.990975763366 2.73849689727e-05 0.990958580461 3.0
-0.0282737906476 0.990896934698 2.73849689727e-05 0.99095284453 3.0
-0.0270326219223 0.990880937466 2.73849689727e-05 0.990947372056 3.0
-0.025791453197 0.990866512301 2.73849689727e-05 0.990942160699 3.0
-0.0245502844718 0.990909721211 2.73849689727e-05 0.990937208242 3.0
-0.0233091157465 0.990870611759 2.73849689727e-05 0.990932512591 3.0
-0.0220679470212 0.990904806515 2.73849689727e-05 0.990928071772 3.0
-0.0208267782959 0.990945768612 2.73849689727e-05 0.990923883927 3.0
-0.0195856095706 0.990885747963 2.73849689727e-05 0.990919947314 3.0
-0.0183444408454 0.990935150925 2.73849689727e-05 0.990916260301 3.0
-0.0171032721201 0.990865987396 2.73849689727e-05 0.990912821368 3.0
-0.0158621033948 0.990907380314 2.73849689727e-05 0.990909629101 3.0
-0.0146209346695 0.990911914897 2.73849689727e-05 0.990906682195 3.0
-0.0133797659443 0.990919600502 2.73849689727e-05 0.990903979446 3.0
-0.012138597219 0.99090654979 2.73849689727e-05 0.990901519757 3.0
-0.0108974284937 0.990878786768 2.73849689727e-05 0.990899302129 3.0
-0.00965625976842 0.990831180358 2.73849689727e-05 0.990897325667 3.0
-0.00841509104314 0.990924791295 2.73849689727e-05 0.990895589573 3.0
-0.00717392231786 0.990879211651 2.73849689727e-05 0.990894093149 3.0
-0.00593275359259 0.990901829908 2.73849689727e-05 0.990892835792 3.0
-0.00469158486731 0.990834967341 2.73849689727e-05 0.990891816999 3.0
-0.00345041614203 0.990842668555 2.73849689727e-05 0.990891036362 3.0
-0.00220924741675 0.990881425444 2.73849689727e-05 0.990890493568 3.0
-0.000968078691475 0.990919877745 2.73849689727e-05 0.990890188399 3.0
0.000273090033804 0.990922076409 2.73849689727e-05 0.990890120735 3.0
0.00151425875908 0.990937328671 2.73849689727e-05 0.990890290548 3.0
0.00275542748436 0.990835221433 2.73849689727e-05 0.990890697905 3.0
0.00399659620964 0.990939301942 2.73849689727e-05 0.99089134297 3.0
0.00523776493492 0.990848948299 2.73849689727e-05 0.990892226001 3.0
0.00647893366019 0.990959475628 2.73849689727e-05 0.990893347351 3.0
0.00772010238547 0.990912034354 2.73849689727e-05 0.990894707469 3.0
0.00896127111075 0.990868458319 2.73849689727e-05 0.990896306903 3.0
0.010202439836 0.990913526162 2.73849689727e-05 0.990898146294 3.0
0.0114436085613 0.990936173276 2.73849689727e-05 0.990900226385 3.0
0.0126847772866 0.990855345131 2.73849689727e-05 0.990902548014 3.0
0.0139259460119 0.990968310539 2.73849689727e-05 0.990905112122 3.0
0.0151671147371 0.990944366657 2.73849689727e-05 0.990907919749 3.0
0.0164082834624 0.990900724252 2.73849689727e-05 0.990910972038 3.0
0.0176494521877 0.990904931497 2.73849689727e-05 0.990914270236 3.0
0.018890620913 0.990920720239 2.73849689727e-05 0.990917815696 3.0
0.0201317896383 0.990937236529 2.73849689727e-05 0.990921609876 3.0
0.0213729583635 0.99095786015 2.73849689727e-05 0.990925654344 3.0
0.0226141270888 0.990977532185 2.73849689727e-05 0.99092995078 3.0
0.0238552958141 0.990973128397 2.73849689727e-05 0.990934500975 3.0
0.0250964645394 0.99090405112 2.73849689727e-05 0.990939306836 3.0
0.0263376332646 0.990924480306 2.73849689727e-05 0.99094437039 3.0
0.0275788019899 0.9909368697 2.73849689727e-05 0.990949693782 3.0
0.0288199707152 0.99099109787 2.73849689727e-05 0.990955279281 3.0
0.0300611394405 0.990980989282 2.73849689727e-05 0.990961129284 3.0
0.0313023081658 0.990915393864 2.73849689727e-05 0.990967246317 3.0
0.032543476891 0.99099634532 2.73849689727e-05 0.99097363304 3.0
0.0337846456163 0.990975467755 2.73849689727e-05 0.99098029225 3.0
0.0350258143416 0.991022784651 2.73849689727e-05 0.990987226886 3.0
0.0362669830669 0.991081751864 2.73849689727e-05 0.990994440031 3.0
0.0375081517921 0.991025119421 2.73849689727e-05 0.991001934921 3.0
0.0387493205174 0.991040668492 2.73849689727e-05 0.991009714943 3.0
0.0399904892427 0.99099563409 2.73849689727e-05 0.991017783649 3.0
0.041231657968 0.991025144529 2.73849689727e-05 0.991026144753 3.0
0.0424728266933 0.991088888411 2.73849689727e-05 0.991034802144 3.0
0.0437139954185 0.991019379835 2.73849689727e-05 0.991043759886 3.0
0.0449551641438 0.991076769168 2.73849689727e-05 0.99105302223 3.0
0.0461963328691 0.991105783877 2.73849689727e-05 0.991062593617 3.0
0.0474375015944 0.991096539844 2.73849689727e-05 0.991072478688 3.0
0.0486786703196 0.991115605066 2.73849689727e-05 0.991082682294 3.0
0.0499198390449 0.991103626844 2.73849689727e-05 0.991093209498 3.0
0.0511610077702 0.99107217866 2.73849689727e-05 0.991104065591 3.0
0.0524021764955 0.991122843629 2.73849689727e-05 0.991115256099 3.0
0.0536433452208 0.991144815205 2.73849689727e-05 0.991126786794 3.0
0.054884513946 0.991135399629 2.73849689727e-05 0.991138663704 3.0
0.0561256826713 0.991196872114 2.73849689727e-05 0.991150893128 3.0
0.0573668513966 0.991248552831 2.73849689727e-05 0.991163481644 3.0
0.0586080201219 0.991166708062 2.73849689727e-05 0.99117643613 3.0
0.0598491888472 0.991196827739 2.73849689727e-05 0.991189763771 3.0
0.0610903575724 0.991212618344 2.73849689727e-05 0.991203472081 3.0
0.0623315262977 0.991264303325 2.73849689727e-05 0.991217568917 3.0
0.063572695023 0.991279873636 2.73849689727e-05 0.991232062499 3.0
0.0648138637483 0.991286361947 2.73849689727e-05 0.991246961429 3.0
0.0660550324735 0.991227698965 2.73849689727e-05 0.991262274712 3.0
0.0672962011988 0.991264854536 2.73849689727e-05 0.991278011781 3.0
0.0685373699241 0.991344700161 2.73849689727e-05 0.991294182519 3.0
0.0697785386494 0.991365157815 2.73849689727e-05 0.991310797291 3.0
0.0710197073747 0.991392706653 2.73849689727e-05 0.991327866967 3.0
0.0722608760999 0.991377097991 2.73849689727e-05 0.991345402959 3.0
0.0735020448252 0.991335435219 2.73849689727e-05 0.991363417254 3.0
0.0747432135505 0.991430313009 2.73849689727e-05 0.991381922451 3.0
0.0759843822758 0.99145644324 2.73849689727e-05 0.991400931804 3.0
0.077225551001 0.991408092516 2.73849689727e-05 0.991420459266 3.0
0.0784667197263 0.991407351817 2.73849689727e-05 0.991440519537 3.0
0.0797078884516 0.991459229136 2.73849689727e-05 0.991461128121 3.0
0.0809490571769 0.991451755716 2.73849689727e-05 0.991482301383 3.0
0.0821902259022 0.991543725587 2.73849689727e-05 0.991504056617 3.0
0.0834313946274 0.991603259167 2.73849689727e-05 0.991526412115 3.0
0.0846725633527 0.991605274928 2.73849689727e-05 0.991549387252 3.0
0.085913732078 0.991575899003 2.73849689727e-05 0.99157300257 3.0
0.0871549008033 0.991585848003 2.73849689727e-05 0.991597279881 3.0
0.0883960695285 0.991664110113 2.73849689727e-05 0.991622242375 3.0
0.0896372382538 0.991714640514 2.73849689727e-05 0.991647914746 3.0
0.0908784069791 0.991704824723 2.73849689727e-05 0.991674323329 3.0
0.0921195757044 0.991675836063 2.73849689727e-05 0.991701496257 3.0
0.0933607444297 0.991685470047 2.73849689727e-05 0.991729463639 3.0
0.0946019131549 0.991717742955 2.73849689727e-05 0.991758257762 3.0
0.0958430818802 0.99180923774 2.73849689727e-05 0.991787913319 3.0
0.0970842506055 0.99184324909 2.73849689727e-05 0.991818467671 3.0
0.0983254193308 0.991861380029 2.73849689727e-05 0.991849961151 3.0
0.099566588056 0.99186906267 2.73849689727e-05 0.991882437413 3.0
0.100807756781 0.991859671386 2.73849689727e-05 0.991915943839 3.0
0.102048925507 0.991924608375 2.73849689727e-05 0.991950532014 3.0
0.103290094232 0.991998214682 2.73849689727e-05 0.991986258287 3.0
0.104531262957 0.992017360788 2.73849689727e-05 0.992023184435 3.0
0.105772431682 0.992081986453 2.73849689727e-05 0.992061378459 3.0
0.107013600408 0.992099511506 2.73849689727e-05 0.992100915537 3.0
0.108254769133 0.992118857193 2.73849689727e-05 0.992141879199 3.0
0.109495937858 0.992249338935 2.73849689727e-05 0.992184362753 3.0
0.110737106584 0.992260955255 2.73849689727e-05 0.992228471079 3.0
0.111978275309 0.992306660671 2.73849689727e-05 0.992274322885 3.0
0.113219444034 0.992312863157 2.73849689727e-05 0.992322053609 3.0
0.114460612759 0.992410548309 2.73849689727e-05 0.992371819215 3.0
0.115701781485 0.992447279598 2.73849689727e-05 0.992423801281 3.0
0.11694295021 0.992470001006 2.73849689727e-05 0.992478214007 3.0
0.118184118935 0.992491707169 2.73849689727e-05 0.992535314225 3.0
0.11942528766 0.992650607896 2.73849689727e-05 0.992595416325 3.0
0.120666456386 0.992694037346 2.73849689727e-05 0.992658915897 3.0
0.121907625111 0.992775194419 2.73849689727e-05 0.992726330167 3.0
0.123148793836 0.992853139186 2.73849689727e-05 0.992798375322 3.0
0.124389962562 0.992908654512 2.73849689727e-05 0.992876142207 3.0
0.125631131287 0.993005708336 2.73849689727e-05 0.992961672537 3.0
0.126872300012 0.993137264714 2.73849689727e-05 0.993112881654 2.0
0.128113468737 0.993374093054 2.73849689727e-05 0.993345939674 2.0
0.129354637463 0.993669416217 2.73849689727e-05 0.993622483306 2.0
0.130595806188 0.993924595766 2.73849689727e-05 0.99392973529 2.0
0.131836974913 0.99419525346 2.73849689727e-05 0.994259869597 2.0
0.133078143639 0.994645206806 2.73849689727e-05 0.994607190741 2.0
0.134319312364 0.995009130718 2.73849689727e-05 0.994967163096 2.0
0.135560481089 0.995328659816 2.73849689727e-05 0.995335963068 2.0
0.136801649814 0.995664395361 2.73849689727e-05 0.995710235575 2.0
0.13804281854 0.996062478582 2.73849689727e-05 0.996086945663 2.0
0.139283987265 0.996467872335 2.73849689727e-05 0.996463279366 2.0
0.14052515599 0.996851572753 2.73849689727e-05 0.996836571638 2.0
0.141766324716 0.997191869571 2.73849689727e-05 0.997204249203 2.0
0.143007493441 0.997542706534 2.73849689727e-05 0.997563780766 2.0
0.144248662166 0.997902219759 2.73849689727e-05 0.997912628931 2.0
0.145489830891 0.998223398267 2.73849689727e-05 0.998248198511 2.0
0.146730999617 0.998550674865 2.73849689727e-05 0.998567774723 2.0
0.147972168342 0.998836809026 2.73849689727e-05 0.998868441405 2.0
0.149213337067 0.999144374364 2.73849689727e-05 0.999146961652 2.0
0.150454505792 0.999358657083 2.73849689727e-05 0.999399584864 2.0
0.151695674518 0.999631999964 2.73849689727e-05 0.999621694746 2.0
0.152936843243 0.999806431547 2.73849689727e-05 0.999807050226 2.0
0.154178011968 0.999946040277 2.73849689727e-05 0.999945604572 2.0
0.155419180694 0.999933617524 2.73849689727e-05 1.00000756443 0.0
0.156660349419 1.00006851645 2.73849689727e-05 1.00000756443 0.0
0.157901518144 1.00002826596 2.73849689727e-05 1.00000756443 0.0
0.159142686869 1.00002050748 2.73849689727e-05 1.00000756443 0.0
0.160383855595 1.0000342888 2.73849689727e-05 1.00000756443 0.0
0.16162502432 1.00004296525 2.73849689727e-05 1.00000756443 0.0
0.162866193045 1.00001180007 2.73849689727e-05 1.00000756443 0.0
0.164107361771 1.00002097679 2.73849689727e-05 1.00000756443 0.0
0.165348530496 0.999982494292 2.73849689727e-05 1.00000756443 0.0
0.166589699221 0.999972039007 2.73849689727e-05 1.00000756443 0.0
0.167830867946 0.999989207863 2.73849689727e-05 1.00000756443 0.0
0.169072036672 1.00001495327 2.73849689727e-05 1.00000756443 0.0
0.170313205397 1.00000700128 2.73849689727e-05 1.00000756443 0.0
0.171554374122 1.00002683252 2.73849689727e-05 1.00000756443 0.0
0.172795542847 1.00000511108 2.73849689727e-05 1.00000756443 0.0
0.174036711573 1.00001642356 2.73849689727e-05 1.00000756443 0.0
0.175277880298 1.00000228218 2.73849689727e-05 1.00000756443 0.0
0.176519049023 1.00005754657 2.73849689727e-05 1.00000756443 0.0
0.177760217749 1.0000862564 2.73849689727e-05 1.00000756443 0.0
0.179001386474 1.00005023645 2.73849689727e-05 1.00000756443 0.0
0.180242555199 1.0000235865 2.73849689727e-05 1.00000756443 0.0
0.181483723924 1.00003221983 2.73849689727e-05 1.00000756443 0.0
0.18272489265 0.999998552323 2.73849689727e-05 1.00000756443 0.0
0.183966061375 0.999990155482 2.73849689727e-05 1.00000756443 0.0
0.1852072301 1.00001694374 2.73849689727e-05 1.00000756443 0.0
