-0.0952029465205 1.00003002632 0.000117091721725 1.00002275484 0.0
-0.0945646078742 1.00005127449 0.000117091721725 1.00002275484 0.0
-0.0939262692278 0.999962014471 0.000117091721725 1.00002275484 0.0
-0.0932879305814 1.00014815675 0.000117091721725 1.00002275484 0.0
-0.092649591935 0.999991217574 0.000117091721725 1.00002275484 0.0
-0.0920112532887 0.999716733236 0.000117091721725 1.00002275484 0.0
-0.0913729146423 1.00025015837 0.000117091721725 1.00002275484 0.0
-0.0907345759959 0.999968952114 0.000117091721725 1.00002275484 0.0
-0.0900962373496 1.00025149989 0.000117091721725 1.00002275484 0.0
-0.0894578987032 1.00005160771 0.000117091721725 1.00002275484 0.0
-0.0888195600568 1.00017232957 0.000117091721725 1.00002275484 0.0
-0.0881812214104 0.999866582798 0.000117091721725 1.00002275484 0.0
-0.0875428827641 1.00000157973 0.000117091721725 1.00002275484 0.0
-0.0869045441177 1.00008987893 0.000117091721725 1.00002275484 0.0
-0.0862662054713 0.999996332739 0.000117091721725 1.00002275484 0.0
-0.085627866825 0.999906756212 0.000117091721725 1.00002275484 0.0
-0.0849895281786 0.999990812898 0.000117091721725 1.00002275484 0.0
-0.0843511895322 0.999832994412 0.000117091721725 1.00002275484 0.0
-0.0837128508858 0.999965613292 0.000117091721725 1.00002275484 0.0
-0.0830745122395 0.999966275972 0.000117091721725 1.00002275484 0.0
-0.0824361735931 0.999999058288 0.000117091721725 1.00002275484 0.0
-0.0817978349467 0.999973618315 0.000117091721725 1.00002275484 0.0
-0.0811594963004 1.0002284782 0.000117091721725 1.00002275484 0.0
-0.080521157654 1.00002647402 0.000117091721725 1.00002275484 0.0
-0.0798828190076 1.00022282604 0.000117091721725 1.00002275484 0.0
-0.0792444803612 1.00012085371 0.000117091721725 0.999991321692 1.0
-0.0786061417149 0.999915302275 0.000117091721725 0.999921685903 1.0
-0.0779678030685 0.999899797277 0.000117091721725 0.999830520211 1.0
-0.0773294644221 0.999762079249 0.000117091721725 0.999725674667 1.0
-0.0766911257758 0.999673389101 0.000117091721725 0.999613824633 1.0
-0.0760527871294 0.999487433376 0.000117091721725 0.999501980044 1.0
-0.075414448483 0.999197380533 0.000117091721725 0.999398935299 1.0
-0.0747761098366 0.999198516004 0.000117091721725 0.999321501846 1.0
-0.0741377711903 0.999436999716 0.000117091721725 0.999288242347 3.0
-0.0734994325439 0.999099491189 0.000117091721725 0.999260812461 3.0
-0.0728610938975 0.999351402388 0.000117091721725 0.999236780399 3.0
-0.0722227552512 0.999055366363 0.000117091721725 0.99921521938 3.0
-0.0715844166048 0.999272037818 0.000117091721725 0.999195581746 3.0
-0.0709460779584 0.999360682433 0.000117091721725 0.99917750227 3.0
-0.070307739312 0.999153133372 0.000117091721725 0.999160722347 3.0
-0.0696694006657 0.99893274873 0.000117091721725 0.999145050563 3.0
-0.0690310620193 0.999259883395 0.000117091721725 0.999130340079 3.0
-0.0683927233729 0.999186183491 0.000117091721725 0.999116474933 3.0
-0.0677543847266 0.999042265404 0.000117091721725 0.99910336138 3.0
-0.0671160460802 0.999175351952 0.000117091721725 0.999090922175 3.0
-0.0664777074338 0.999040936483 0.000117091721725 0.999079092661 3.0
-0.0658393687874 0.999078543581 0.000117091721725 0.999067818005 3.0
-0.0652010301411 0.999029403584 0.000117091721725 0.999057051184 3.0
-0.0645626914947 0.999050744297 0.000117091721725 0.999046751487 3.0
-0.0639243528483 0.999010310982 0.000117091721725 0.999036883371 3.0
-0.063286014202 0.998796791674 0.000117091721725 0.999027415577 3.0
-0.0626476755556 0.999057556708 0.000117091721725 0.999018320432 3.0
-0.0620093369092 0.999232749674 0.000117091721725 0.999009573296 3.0
-0.0613709982628 0.999076512287 0.000117091721725 0.99900115211 3.0
-0.0607326596165 0.999214170044 0.000117091721725 0.998993037032 3.0
-0.0600943209701 0.998880625227 0.000117091721725 0.998985210132 3.0
-0.0594559823237 0.99894064388 0.000117091721725 0.998977655149 3.0
-0.0588176436774 0.999122121371 0.000117091721725 0.998970357274 3.0
-0.058179305031 0.998697059349 0.000117091721725 0.998963302977 3.0
-0.0575409663846 0.998869787506 0.000117091721725 0.998956479856 3.0
-0.0569026277382 0.99897484654 0.000117091721725 0.998949876511 3.0
-0.0562642890919 0.999109912476 0.000117091721725 0.998943482432 3.0
-0.0556259504455 0.998982356053 0.000117091721725 0.998937287906 3.0
-0.0549876117991 0.998834685419 0.000117091721725 0.998931283933 3.0
-0.0543492731528 0.998934605714 0.000117091721725 0.998925462159 3.0
-0.0537109345064 0.999003420423 0.000117091721725 0.998919814808 3.0
-0.05307259586 0.998869474943 0.000117091721725 0.998914334631 3.0
-0.0524342572136 0.998852671997 0.000117091721725 0.998909014857 3.0
-0.0517959185673 0.99870982397 0.000117091721725 0.998903849148 3.0
-0.0511575799209 0.998847195565 0.000117091721725 0.998898831567 3.0
-0.0505192412745 0.999022717214 0.000117091721725 0.998893956537 3.0
-0.0498809026282 0.998843695098 0.000117091721725 0.998889218817 3.0
-0.0492425639818 0.998808725213 0.000117091721725 0.998884613471 3.0
-0.0486042253354 0.998886468619 0.000117091721725 0.998880135847 3.0
-0.0479658866891 0.998743008592 0.000117091721725 0.998875781551 3.0
-0.0473275480427 0.998664631003 0.000117091721725 0.998871546435 3.0
-0.0466892093963 0.998881486832 0.000117091721725 0.99886742657 3.0
-0.0460508707499 0.99876215937 0.000117091721725 0.998863418237 3.0
-0.0454125321036 0.998800377078 0.000117091721725 0.998859517909 3.0
-0.0447741934572 0.998982777731 0.000117091721725 0.99885572224 3.0
-0.0441358548108 0.999068729414 0.000117091721725 0.99885202805 3.0
-0.0434975161645 0.998892503113 0.000117091721725 0.998848432316 3.0
-0.0428591775181 0.998742082755 0.000117091721725 0.998844932162 3.0
-0.0422208388717 0.998919767508 0.000117091721725 0.998841524849 3.0
-0.0415825002253 0.998771603155 0.000117091721725 0.998838207767 3.0
-0.040944161579 0.998886432562 0.000117091721725 0.998834978427 3.0
-0.0403058229326 0.998793356707 0.000117091721725 0.998831834453 3.0
-0.0396674842862 0.998708715049 0.000117091721725 0.998828773576 3.0
-0.0390291456399 0.998897345913 0.000117091721725 0.998825793631 3.0
-0.0383908069935 0.998930275931 0.000117091721725 0.998822892544 3.0
-0.0377524683471 0.998774866402 0.000117091721725 0.998820068333 3.0
-0.0371141297007 0.998731240275 0.000117091721725 0.998817319103 3.0
-0.0364757910544 0.998728374166 0.000117091721725 0.998814643036 3.0
-0.035837452408 0.998889079938 0.000117091721725 0.998812038395 3.0
-0.0351991137616 0.998764471877 0.000117091721725 0.998809503511 3.0
-0.0345607751153 0.998855263577 0.000117091721725 0.998807036787 3.0
-0.0339224364689 0.998557097191 0.000117091721725 0.99880463669 3.0
-0.0332840978225 0.998764151672 0.000117091721725 0.998802301752 3.0
-0.0326457591761 0.998936869155 0.000117091721725 0.998800030561 3.0
-0.0320074205298 0.998890453566 0.000117091721725 0.998797821765 3.0
-0.0313690818834 0.999035814217 0.000117091721725 0.998795674063 3.0
-0.030730743237 0.998790213718 0.000117091721725 0.998793586208 3.0
-0.0300924045907 0.99880816278 0.000117091721725 0.998791557001 3.0
-0.0294540659443 0.998877119291 0.000117091721725 0.998789585293 3.0
-0.0288157272979 0.998691043245 0.000117091721725 0.998787669976 3.0
-0.0281773886515 0.998596375538 0.000117091721725 0.998785809989 3.0
-0.0275390500052 0.998756670193 0.000117091721725 0.998784004311 3.0
-0.0269007113588 0.998622833044 0.000117091721725 0.998782251962 3.0
-0.0262623727124 0.998703126865 0.000117091721725 0.998780552 3.0
-0.0256240340661 0.998808957896 0.000117091721725 0.99877890352 3.0
-0.0249856954197 0.998755292368 0.000117091721725 0.998777305653 3.0
-0.0243473567733 0.998924601 0.000117091721725 0.998775757564 3.0
-0.0237090181269 0.99867571785 0.000117091721725 0.99877425845 3.0
-0.0230706794806 0.99877971365 0.000117091721725 0.998772807542 3.0
-0.0224323408342 0.998866585437 0.000117091721725 0.998771404101 3.0
-0.0217940021878 0.998618966432 0.000117091721725 0.998770047418 3.0
-0.0211556635415 0.998735829941 0.000117091721725 0.998768736811 3.0
-0.0205173248951 0.9987336258 0.000117091721725 0.99876747163 3.0
-0.0198789862487 0.998605386077 0.000117091721725 0.998766251247 3.0
-0.0192406476023 0.998850197574 0.000117091721725 0.998765075065 3.0
-0.018602308956 0.998774031209 0.000117091721725 0.99876394251 3.0
-0.0179639703096 0.998553003112 0.000117091721725 0.998762853033 3.0
-0.0173256316632 0.998710274965 0.000117091721725 0.998761806108 3.0
-0.0166872930169 0.998713291791 0.000117091721725 0.998760801236 3.0
-0.0160489543705 0.998656850639 0.000117091721725 0.998759837937 3.0
-0.0154106157241 0.998822192394 0.000117091721725 0.998758915755 3.0
-0.0147722770777 0.998618239563 0.000117091721725 0.998758034255 3.0
-0.0141339384314 0.99879346024 0.000117091721725 0.998757193024 3.0
-0.013495599785 0.998860953101 0.000117091721725 0.998756391671 3.0
-0.0128572611386 0.998617786353 0.000117091721725 0.998755629821 3.0
-0.0122189224923 0.999068263521 0.000117091721725 0.998754907124 3.0
-0.0115805838459 0.998865850249 0.000117091721725 0.998754223245 3.0
-0.0109422451995 0.998945423689 0.000117091721725 0.99875357787 3.0
-0.0103039065531 0.998851989707 0.000117091721725 0.998752970706 3.0
-0.00966556790677 0.998528829066 0.000117091721725 0.998752401474 3.0
-0.0090272292604 0.998741243772 0.000117091721725 0.998751869916 3.0
-0.00838889061403 0.998788199778 0.000117091721725 0.998751375792 3.0
-0.00775055196765 0.998782222529 0.000117091721725 0.998750918877 3.0
-0.00711221332128 0.998579190335 0.000117091721725 0.998750498967 3.0
-0.00647387467491 0.998696429711 0.000117091721725 0.998750115871 3.0
-0.00583553602854 0.998799162648 0.000117091721725 0.998749769419 3.0
-0.00519719738217 0.99878093601 0.000117091721725 0.998749459454 3.0
-0.0045588587358 0.998718264196 0.000117091721725 0.998749185839 3.0
-0.00392052008943 0.999039650404 0.000117091721725 0.998748948451 3.0
-0.00328218144305 0.998834427839 0.000117091721725 0.998748747184 3.0
-0.00264384279668 0.998773027358 0.000117091721725 0.998748581949 3.0
-0.00200550415031 0.998843596776 0.000117091721725 0.998748436589 3.0
-0.00136716550394 0.999024019176 0.000117091721725 0.998748343212 3.0
-0.000728826857569 0.998768875061 0.000117091721725 0.998748285694 3.0
-9.04882111981e-05 0.998776220201 0.000117091721725 0.998748264009 3.0
0.000547850435173 0.998886158578 0.000117091721725 0.998748278534 3.0
0.00118618908154 0.998924402152 0.000117091721725 0.998748328931 3.0
0.00182452772792 0.998819036151 0.000117091721725 0.99874841518 3.0
0.00246286637429 0.998592982764 0.000117091721725 0.998748537321 3.0
0.00310120502066 0.998673431623 0.000117091721725 0.998748711489 3.0
0.00373954366703 0.999097033904 0.000117091721725 0.998748905591 3.0
0.0043778823134 0.998786361052 0.000117091721725 0.998749135794 3.0
0.00501622095977 0.998775178883 0.000117091721725 0.998749402202 3.0
0.00565455960614 0.998650228943 0.000117091721725 0.998749704934 3.0
0.00629289825252 0.998545789688 0.000117091721725 0.998750044125 3.0
0.00693123689889 0.998882807587 0.000117091721725 0.998750419927 3.0
0.00756957554526 0.998715787748 0.000117091721725 0.998750832509 3.0
0.00820791419163 0.998853083409 0.000117091721725 0.998751282056 3.0
0.008846252838 0.998709692068 0.000117091721725 0.99875176877 3.0
0.00948459148437 0.998582119716 0.000117091721725 0.998752292872 3.0
0.0101229301307 0.998922719977 0.000117091721725 0.998752854598 3.0
0.0107612687771 0.998642157593 0.000117091721725 0.998753454205 3.0
0.0113996074235 0.998936588497 0.000117091721725 0.998754091964 3.0
0.0120379460699 0.99876725072 0.000117091721725 0.998754768169 3.0
0.0126762847162 0.998664281859 0.000117091721725 0.998755483128 3.0
0.0133146233626 0.998941519767 0.000117091721725 0.998756237171 3.0
0.013952962009 0.99853306616 0.000117091721725 0.998757030647 3.0
0.0145913006553 0.998816870574 0.000117091721725 0.998757863924 3.0
0.0152296393017 0.998588128222 0.000117091721725 0.998758737391 3.0
0.0158679779481 0.998635294793 0.000117091721725 0.998759651456 3.0
0.0165063165945 0.998585866444 0.000117091721725 0.99876060655 3.0
0.0171446552408 0.998517080615 0.000117091721725 0.998761603126 3.0
0.0177829938872 0.998799333395 0.000117091721725 0.998762641656 3.0
0.0184213325336 0.998635468879 0.000117091721725 0.998763722638 3.0
0.0190596711799 0.998610877512 0.000117091721725 0.998764846591 3.0
0.0196980098263 0.998688834538 0.000117091721725 0.99876601406 3.0
0.0203363484727 0.998759281043 0.000117091721725 0.998767225614 3.0
0.0209746871191 0.998587457644 0.000117091721725 0.998768481846 3.0
0.0216130257654 0.998731586456 0.000117091721725 0.998769783376 3.0
0.0222513644118 0.998909153279 0.000117091721725 0.998771130852 3.0
0.0228897030582 0.998793638779 0.000117091721725 0.998772524947 3.0
0.0235280417045 0.998679363467 0.000117091721725 0.998773966366 3.0
0.0241663803509 0.998870510253 0.000117091721725 0.998775455842 3.0
0.0248047189973 0.998438384386 0.000117091721725 0.998776994138 3.0
0.0254430576437 0.998854959223 0.000117091721725 0.99877858205 3.0
0.02608139629 0.998770259967 0.000117091721725 0.998780220406 3.0
0.0267197349364 0.998961679882 0.000117091721725 0.998781910068 3.0
0.0273580735828 0.99865817003 0.000117091721725 0.998783651935 3.0
0.0279964122291 0.998704853879 0.000117091721725 0.99878544694 3.0
0.0286347508755 0.998940850608 0.000117091721725 0.998787296057 3.0
0.0292730895219 0.998982786006 0.000117091721725 0.998789200298 3.0
0.0299114281683 0.998815510082 0.000117091721725 0.998791160716 3.0
0.0305497668146 0.998715815008 0.000117091721725 0.998793178408 3.0
0.031188105461 0.99889926917 0.000117091721725 0.998795254517 3.0
0.0318264441074 0.998903127521 0.000117091721725 0.998797390231 3.0
0.0324647827537 0.998895109488 0.000117091721725 0.998799586787 3.0
0.0331031214001 0.998682567845 0.000117091721725 0.998801845475 3.0
0.0337414600465 0.998857295283 0.000117091721725 0.998804167637 3.0
0.0343797986929 0.998791334658 0.000117091721725 0.998806554673 3.0
0.0350181373392 0.998998947447 0.000117091721725 0.998809008039 3.0
0.0356564759856 0.999045008173 0.000117091721725 0.998811529256 3.0
0.036294814632 0.99883200435 0.000117091721725 0.998814119908 3.0
0.0369331532783 0.998930611369 0.000117091721725 0.998816781647 3.0
0.0375714919247 0.998726491209 0.000117091721725 0.998819516199 3.0
0.0382098305711 0.99877793994 0.000117091721725 0.998822325364 3.0
0.0388481692175 0.99874977117 0.000117091721725 0.998825211022 3.0
0.0394865078638 0.998724483668 0.000117091721725 0.998828175138 3.0
0.0401248465102 0.998650217306 0.000117091721725 0.998831219765 3.0
0.0407631851566 0.99908206181 0.000117091721725 0.998834347052 3.0
0.0414015238029 0.998737740974 0.000117091721725 0.998837559245 3.0
0.0420398624493 0.998792627692 0.000117091721725 0.9988408587 3.0
0.0426782010957 0.998973562308 0.000117091721725 0.998844247882 3.0
0.0433165397421 0.998617327803 0.000117091721725 0.998847729376 3.0
0.0439548783884 0.998856734426 0.000117091721725 0.998851305896 3.0
0.0445932170348 0.998895473635 0.000117091721725 0.998854980289 3.0
0.0452315556812 0.998817911352 0.000117091721725 0.998858755548 3.0
0.0458698943275 0.998737435053 0.000117091721725 0.998862634821 3.0
0.0465082329739 0.999004214813 0.000117091721725 0.99886662142 3.0
0.0471465716203 0.999086432501 0.000117091721725 0.998870718836 3.0
0.0477849102667 0.998830710933 0.000117091721725 0.998874930748 3.0
0.048423248913 0.999026388738 0.000117091721725 0.998879261041 3.0
0.0490615875594 0.99885595545 0.000117091721725 0.998883713821 3.0
0.0496999262058 0.998848324894 0.000117091721725 0.998888293429 3.0
0.0503382648521 0.998846662243 0.000117091721725 0.998893004465 3.0
0.0509766034985 0.998999511456 0.000117091721725 0.998897851807 3.0
0.0516149421449 0.998827440312 0.000117091721725 0.998902840633 3.0
0.0522532807913 0.999033709476 0.000117091721725 0.99890797645 3.0
0.0528916194376 0.998840840763 0.000117091721725 0.998913265123 3.0
0.053529958084 0.999220800869 0.000117091721725 0.998918712906 3.0
0.0541682967304 0.998880833007 0.000117091721725 0.998924326481 3.0
0.0548066353767 0.998743529419 0.000117091721725 0.998930112999 3.0
0.0554449740231 0.998805130466 0.000117091721725 0.998936080126 3.0
0.0560833126695 0.998898260928 0.000117091721725 0.998942236098 3.0
0.0567216513159 0.998869453476 0.000117091721725 0.99894858978 3.0
0.0573599899622 0.999116852371 0.000117091721725 0.998955150737 3.0
0.0579983286086 0.998975421007 0.000117091721725 0.998961929315 3.0
0.058636667255 0.998973108694 0.000117091721725 0.998968936727 3.0
0.0592750059013 0.999057578052 0.000117091721725 0.998976185169 3.0
0.0599133445477 0.999022797442 0.000117091721725 0.998983687933 3.0
0.0605516831941 0.998808289494 0.000117091721725 0.998991459562 3.0
0.0611900218405 0.999154711018 0.000117091721725 0.998999516013 3.0
0.0618283604868 0.999041898999 0.000117091721725 0.999007874867 3.0
0.0624666991332 0.998907163808 0.000117091721725 0.999016555561 3.0
0.0631050377796 0.998951246253 0.000117091721725 0.999025579689 3.0
0.0637433764259 0.999123037141 0.000117091721725 0.999034971344 3.0
0.0643817150723 0.999052557329 0.000117091721725 0.999044757558 3.0
0.0650200537187 0.999176621424 0.000117091721725 0.999054968826 3.0
0.0656583923651 0.998940639043 0.000117091721725 0.999065639776 3.0
0.0662967310114 0.998972047458 0.000117091721725 0.99907681001 3.0
0.0669350696578 0.999019465431 0.000117091721725 0.999088525192 3.0
0.0675734083042 0.999102074373 0.000117091721725 0.999100838462 3.0
0.0682117469505 0.999247070608 0.000117091721725 0.999113812332 3.0
0.0688500855969 0.999180714016 0.000117091721725 0.999127521279 3.0
0.0694884242433 0.999103199431 0.000117091721725 0.999142055386 3.0
0.0701267628897 0.99921457548 0.000117091721725 0.999157525626 3.0
0.070765101536 0.999306489024 0.000117091721725 0.999174071813 3.0
0.0714034401824 0.999135387569 0.000117091721725 0.999191875068 3.0
0.0720417788288 0.999242679197 0.000117091721725 0.999211178205 3.0
0.0726801174751 0.99936973356 0.000117091721725 0.99923232086 3.0
0.0733184561215 0.999182567826 0.000117091721725 0.999255805169 3.0
0.0739567947679 0.999253868052 0.000117091721725 0.999282451487 3.0
0.0745951334143 0.999466587004 0.000117091721725 0.999314099413 3.0
0.0752334720606 0.999246152668 0.000117091721725 0.999380612641 2.0
0.075871810707 0.999406514673 0.000117091721725 0.999480467097 2.0
0.0765101493534 0.999437095705 0.000117091721725 0.999591361143 2.0
0.0771484879997 0.999916943154 0.000117091721725 0.999703798378 2.0
0.0777868266461 0.999873836592 0.000117091721725 0.999810561534 2.0
0.0784251652925 0.999925435834 0.000117091721725 0.999905001082 2.0
0.0790635039389 0.999890287001 0.000117091721725 0.999979694652 2.0
0.0797018425852 1.00008488564 0.000117091721725 1.00002203714 2.0
0.0803401812316 0.999849098042 0.000117091721725 1.00002275484 0.0
0.080978519878 1.00007327648 0.000117091721725 1.00002275484 0.0
0.0816168585243 1.00008008028 0.000117091721725 1.00002275484 0.0
0.0822551971707 0.999875811787 0.000117091721725 1.00002275484 0.0
0.0828935358171 1.00015534893 0.000117091721725 1.00002275484 0.0
0.0835318744635 0.999839102092 0.000117091721725 1.00002275484 0.0
0.0841702131098 1.00004973405 0.000117091721725 1.00002275484 0.0
0.0848085517562 1.00008063129 0.000117091721725 1.00002275484 0.0
0.0854468904026 0.999783403256 0.000117091721725 1.00002275484 0.0
0.0860852290489 1.0000987169 0.000117091721725 1.00002275484 0.0
0.0867235676953 1.00002397362 0.000117091721725 1.00002275484 0.0
0.0873619063417 1.00000596013 0.000117091721725 1.00002275484 0.0
0.088000244988 1.00020518247 0.000117091721725 1.00002275484 0.0
0.0886385836344 1.00007341586 0.000117091721725 1.00002275484 0.0
0.0892769222808 0.99997876106 0.000117091721725 1.00002275484 0.0
0.0899152609272 1.00001827909 0.000117091721725 1.00002275484 0.0
0.0905535995735 0.999911251667 0.000117091721725 1.00002275484 0.0
0.0911919382199 0.99988126758 0.000117091721725 1.00002275484 0.0
0.0918302768663 1.00015809726 0.000117091721725 1.00002275484 0.0
0.0924686155126 0.999909742557 0.000117091721725 1.00002275484 0.0
0.093106954159 0.999937512514 0.000117091721725 1.00002275484 0.0
0.0937452928054 0.999983715758 0.000117091721725 1.00002275484 0.0
0.0943836314518 1.00018267546 0.000117091721725 1.00002275484 0.0
0.0950219700981 1.00004148136 0.000117091721725 1.00002275484 0.0
0.0956603087445 1.00008149482 0.000117091721725 1.00002275484 0.0
