-0.0934266493063 1.00003260825 5.5857863179e-05 1.00001193203 0.0
-0.092802481365 0.999971583989 5.5857863179e-05 1.00001193203 0.0
-0.0921783134237 1.00004937684 5.5857863179e-05 1.00001193203 0.0
-0.0915541454824 0.999988206484 5.5857863179e-05 1.00001193203 0.0
-0.0909299775411 0.999982470149 5.5857863179e-05 1.00001193203 0.0
-0.0903058095998 1.00002324826 5.5857863179e-05 1.00001193203 0.0
-0.0896816416585 1.00004730878 5.5857863179e-05 1.00001193203 0.0
-0.0890574737172 0.999989186606 5.5857863179e-05 1.00001193203 0.0
-0.0884333057759 0.999996654167 5.5857863179e-05 1.00001193203 0.0
-0.0878091378346 1.00010078315 5.5857863179e-05 1.00001193203 0.0
-0.0871849698933 1.00007465927 5.5857863179e-05 1.00001193203 0.0
-0.086560801952 1.00002000002 5.5857863179e-05 1.00001193203 0.0
-0.0859366340107 1.00008174378 5.5857863179e-05 1.00001193203 0.0
-0.0853124660694 0.999998979622 5.5857863179e-05 1.00001193203 0.0
-0.0846882981281 0.999992012925 5.5857863179e-05 1.00001193203 0.0
-0.0840641301868 0.999986062556 5.5857863179e-05 1.00001193203 0.0
-0.0834399622455 0.999984827197 5.5857863179e-05 1.00001193203 0.0
-0.0828157943042 1.00015803279 5.5857863179e-05 1.00001193203 0.0
-0.0821916263629 1.00000474488 5.5857863179e-05 1.00001193203 0.0
-0.0815674584216 1.00006907596 5.5857863179e-05 1.00001193203 0.0
-0.0809432904803 1.00004611317 5.5857863179e-05 1.00001193203 0.0
-0.080319122539 1.00000530845 5.5857863179e-05 1.00001193203 0.0
-0.0796949545977 1.0000136909 5.5857863179e-05 1.00001193203 0.0
-0.0790707866564 0.999933094157 5.5857863179e-05 1.00001193203 0.0
-0.0784466187151 1.000106001 5.5857863179e-05 1.00001193203 0.0
-0.0778224507738 0.99999909541 5.5857863179e-05 1.00000569594 1.0
-0.0771982828325 0.999974723298 5.5857863179e-05 0.999952040788 1.0
-0.0765741148912 0.999922903861 5.5857863179e-05 0.999871394128 1.0
-0.0759499469499 0.999765179625 5.5857863179e-05 0.999775438271 1.0
-0.0753257790086 0.999618906442 5.5857863179e-05 0.999672329928 1.0
-0.0747016110673 0.999496780087 5.5857863179e-05 0.999570173999 1.0
-0.074077443126 0.999472968095 5.5857863179e-05 0.999479253799 1.0
-0.0734532751847 0.999405847989 5.5857863179e-05 0.999423752895 3.0
-0.0728291072434 0.999425779083 5.5857863179e-05 0.999401597802 3.0
-0.0722049393021 0.999474197131 5.5857863179e-05 0.999382850977 3.0
-0.0715807713608 0.999458066384 5.5857863179e-05 0.999366250842 3.0
-0.0709566034195 0.999276461831 5.5857863179e-05 0.999351231714 3.0
-0.0703324354782 0.999338611233 5.5857863179e-05 0.999337447123 3.0
-0.0697082675369 0.999333620458 5.5857863179e-05 0.999324665229 3.0
-0.0690840995956 0.99931674907 5.5857863179e-05 0.999312721988 3.0
-0.0684599316543 0.999416592744 5.5857863179e-05 0.999301495925 3.0
-0.067835763713 0.999178879762 5.5857863179e-05 0.999290893723 3.0
-0.0672115957717 0.999318542368 5.5857863179e-05 0.999280841562 3.0
-0.0665874278304 0.999281810759 5.5857863179e-05 0.999271279677 3.0
-0.0659632598891 0.999327817344 5.5857863179e-05 0.999262158765 3.0
-0.0653390919478 0.999267005835 5.5857863179e-05 0.99925343753 3.0
-0.0647149240065 0.999250710192 5.5857863179e-05 0.999245080935 3.0
-0.0640907560652 0.999304424762 5.5857863179e-05 0.999237058931 3.0
-0.0634665881239 0.999325959489 5.5857863179e-05 0.999229345505 3.0
-0.0628424201826 0.999306524455 5.5857863179e-05 0.999221917951 3.0
-0.0622182522413 0.999214463037 5.5857863179e-05 0.999214756305 3.0
-0.0615940843 0.99925532913 5.5857863179e-05 0.9992078429 3.0
-0.0609699163587 0.999242396752 5.5857863179e-05 0.999201162011 3.0
-0.0603457484174 0.999307926617 5.5857863179e-05 0.999194699565 3.0
-0.0597215804761 0.999264421524 5.5857863179e-05 0.999188442911 3.0
-0.0590974125348 0.999178831804 5.5857863179e-05 0.999182380619 3.0
-0.0584732445935 0.999233211079 5.5857863179e-05 0.999176502328 3.0
-0.0578490766522 0.999357974289 5.5857863179e-05 0.999170798605 3.0
-0.0572249087109 0.999126122797 5.5857863179e-05 0.999165260835 3.0
-0.0566007407696 0.999182987078 5.5857863179e-05 0.999159881124 3.0
-0.0559765728283 0.999205237313 5.5857863179e-05 0.999154652218 3.0
-0.055352404887 0.999143398246 5.5857863179e-05 0.999149567431 3.0
-0.0547282369457 0.999035165274 5.5857863179e-05 0.999144620587 3.0
-0.0541040690044 0.999114496541 5.5857863179e-05 0.999139805964 3.0
-0.0534799010631 0.99909323307 5.5857863179e-05 0.999135118251 3.0
-0.0528557331218 0.999115382619 5.5857863179e-05 0.999130552507 3.0
-0.0522315651805 0.999127314136 5.5857863179e-05 0.999126104128 3.0
-0.0516073972392 0.999045549219 5.5857863179e-05 0.999121768812 3.0
-0.0509832292978 0.999150085802 5.5857863179e-05 0.999117542536 3.0
-0.0503590613565 0.999176301002 5.5857863179e-05 0.999113421529 3.0
-0.0497348934152 0.999146485581 5.5857863179e-05 0.999109402252 3.0
-0.0491107254739 0.999027716262 5.5857863179e-05 0.999105481379 3.0
-0.0484865575326 0.99909888422 5.5857863179e-05 0.999101655777 3.0
-0.0478623895913 0.999126506447 5.5857863179e-05 0.999097922496 3.0
-0.04723822165 0.99903291314 5.5857863179e-05 0.999094278749 3.0
-0.0466140537087 0.999163204033 5.5857863179e-05 0.999090721904 3.0
-0.0459898857674 0.999145361731 5.5857863179e-05 0.999087249472 3.0
-0.0453657178261 0.999099689081 5.5857863179e-05 0.999083859093 3.0
-0.0447415498848 0.999047449162 5.5857863179e-05 0.999080548534 3.0
-0.0441173819435 0.999063378957 5.5857863179e-05 0.999077315671 3.0
-0.0434932140022 0.998964129917 5.5857863179e-05 0.999074158491 3.0
-0.0428690460609 0.9991011267 5.5857863179e-05 0.999071075079 3.0
-0.0422448781196 0.999064803436 5.5857863179e-05 0.999068063611 3.0
-0.0416207101783 0.999066691534 5.5857863179e-05 0.999065122354 3.0
-0.040996542237 0.999083375933 5.5857863179e-05 0.999062249654 3.0
-0.0403723742957 0.999128726303 5.5857863179e-05 0.999059443933 3.0
-0.0397482063544 0.999072353498 5.5857863179e-05 0.99905670369 3.0
-0.0391240384131 0.999053549663 5.5857863179e-05 0.999054027485 3.0
-0.0384998704718 0.99907181723 5.5857863179e-05 0.999051413949 3.0
-0.0378757025305 0.998961363027 5.5857863179e-05 0.999048861768 3.0
-0.0372515345892 0.999065333096 5.5857863179e-05 0.999046369689 3.0
-0.0366273666479 0.999053668715 5.5857863179e-05 0.999043936511 3.0
-0.0360031987066 0.999017445362 5.5857863179e-05 0.999041561083 3.0
-0.0353790307653 0.999046141604 5.5857863179e-05 0.999039242306 3.0
-0.034754862824 0.998989503748 5.5857863179e-05 0.999036979125 3.0
-0.0341306948827 0.999077931048 5.5857863179e-05 0.999034770528 3.0
-0.0335065269414 0.999096195666 5.5857863179e-05 0.999032615546 3.0
-0.0328823590001 0.998992408579 5.5857863179e-05 0.999030513249 3.0
-0.0322581910588 0.999100301341 5.5857863179e-05 0.999028462743 3.0
-0.0316340231175 0.999130191902 5.5857863179e-05 0.999026463173 3.0
-0.0310098551762 0.99899618948 5.5857863179e-05 0.999024513717 3.0
-0.0303856872349 0.999019131076 5.5857863179e-05 0.999022613584 3.0
-0.0297615192936 0.999019583007 5.5857863179e-05 0.999020762016 3.0
-0.0291373513523 0.999022332631 5.5857863179e-05 0.999018958286 3.0
-0.028513183411 0.999060418431 5.5857863179e-05 0.999017201692 3.0
-0.0278890154697 0.999040110068 5.5857863179e-05 0.999015491564 3.0
-0.0272648475284 0.99898878208 5.5857863179e-05 0.999013827254 3.0
-0.0266406795871 0.9989773923 5.5857863179e-05 0.999012208142 3.0
-0.0260165116458 0.998980005958 5.5857863179e-05 0.999010633633 3.0
-0.0253923437045 0.999065870206 5.5857863179e-05 0.999009103152 3.0
-0.0247681757632 0.999046066927 5.5857863179e-05 0.999007616149 3.0
-0.0241440078219 0.998995284141 5.5857863179e-05 0.999006172095 3.0
-0.0235198398806 0.99905330818 5.5857863179e-05 0.999004770483 3.0
-0.0228956719393 0.999014142501 5.5857863179e-05 0.999003410824 3.0
-0.022271503998 0.999007483305 5.5857863179e-05 0.999002092649 3.0
-0.0216473360567 0.998968692042 5.5857863179e-05 0.99900081551 3.0
-0.0210231681154 0.998953232992 5.5857863179e-05 0.998999578974 3.0
-0.0203990001741 0.999022425446 5.5857863179e-05 0.998998382628 3.0
-0.0197748322328 0.999071795776 5.5857863179e-05 0.998997226075 3.0
-0.0191506642915 0.998995925008 5.5857863179e-05 0.998996108933 3.0
-0.0185264963502 0.999003774322 5.5857863179e-05 0.99899503084 3.0
-0.0179023284089 0.999068809568 5.5857863179e-05 0.998993991446 3.0
-0.0172781604676 0.99897444377 5.5857863179e-05 0.998992990416 3.0
-0.0166539925263 0.998948969974 5.5857863179e-05 0.998992027434 3.0
-0.016029824585 0.998975150675 5.5857863179e-05 0.998991102192 3.0
-0.0154056566437 0.999015789221 5.5857863179e-05 0.998990214402 3.0
-0.0147814887024 0.998932098043 5.5857863179e-05 0.998989363784 3.0
-0.0141573207611 0.998947237783 5.5857863179e-05 0.998988550077 3.0
-0.0135331528198 0.999010827252 5.5857863179e-05 0.998987773029 3.0
-0.0129089848785 0.998977882825 5.5857863179e-05 0.998987032401 3.0
-0.0122848169372 0.99911347477 5.5857863179e-05 0.998986327967 3.0
-0.0116606489959 0.999039616428 5.5857863179e-05 0.998985659515 3.0
-0.0110364810546 0.998889166811 5.5857863179e-05 0.998985026842 3.0
-0.0104123131133 0.999106512637 5.5857863179e-05 0.998984429758 3.0
-0.00978814517202 0.998942943971 5.5857863179e-05 0.998983868085 3.0
-0.00916397723072 0.998981424883 5.5857863179e-05 0.998983341655 3.0
-0.00853980928942 0.998962669226 5.5857863179e-05 0.998982850312 3.0
-0.00791564134812 0.998947170458 5.5857863179e-05 0.998982393911 3.0
-0.00729147340682 0.999025728553 5.5857863179e-05 0.998981972317 3.0
-0.00666730546552 0.998891276461 5.5857863179e-05 0.998981585407 3.0
-0.00604313752422 0.998905307399 5.5857863179e-05 0.998981233067 3.0
-0.00541896958292 0.998909676831 5.5857863179e-05 0.998980915194 3.0
-0.00479480164162 0.998982715711 5.5857863179e-05 0.998980631695 3.0
-0.00417063370032 0.998957754855 5.5857863179e-05 0.998980382489 3.0
-0.00354646575902 0.998949797994 5.5857863179e-05 0.998980167502 3.0
-0.00292229781772 0.999037351396 5.5857863179e-05 0.998979986673 3.0
-0.00229812987642 0.998901182406 5.5857863179e-05 0.998979839948 3.0
-0.00167396193512 0.998956779167 5.5857863179e-05 0.998979714767 3.0
-0.00104979399382 0.998987148888 5.5857863179e-05 0.998979636134 3.0
-0.000425626052515 0.9990007522 5.5857863179e-05 0.998979591509 3.0
0.000198541888786 0.998985100166 5.5857863179e-05 0.998979580935 3.0
0.000822709830086 0.998994275657 5.5857863179e-05 0.998979604593 3.0
0.00144687777139 0.999034068308 5.5857863179e-05 0.998979662249 3.0
0.00207104571269 0.999015048902 5.5857863179e-05 0.998979753919 3.0
0.00269521365399 0.999011249869 5.5857863179e-05 0.99897989215 3.0
0.00331938159529 0.999015784593 5.5857863179e-05 0.998980051939 3.0
0.00394354953659 0.999037864955 5.5857863179e-05 0.998980245852 3.0
0.00456771747789 0.9989334746 5.5857863179e-05 0.998980473945 3.0
0.00519188541919 0.99900475 5.5857863179e-05 0.998980736285 3.0
0.00581605336049 0.99899524268 5.5857863179e-05 0.998981032946 3.0
0.00644022130179 0.999000854435 5.5857863179e-05 0.998981364017 3.0
0.00706438924309 0.998955634907 5.5857863179e-05 0.998981729593 3.0
0.00768855718439 0.999021037205 5.5857863179e-05 0.998982129781 3.0
0.00831272512569 0.998905903099 5.5857863179e-05 0.998982564699 3.0
0.00893689306699 0.99902797572 5.5857863179e-05 0.998983034474 3.0
0.00956106100829 0.999063515167 5.5857863179e-05 0.998983539246 3.0
0.0101852289496 0.998995927969 5.5857863179e-05 0.998984079163 3.0
0.0108093968909 0.998857860522 5.5857863179e-05 0.998984654387 3.0
0.0114335648322 0.998934777653 5.5857863179e-05 0.998985265088 3.0
0.0120577327735 0.998998329956 5.5857863179e-05 0.998985911449 3.0
0.0126819007148 0.998926794643 5.5857863179e-05 0.998986593666 3.0
0.0133060686561 0.998932950794 5.5857863179e-05 0.998987311945 3.0
0.0139302365974 0.999024075734 5.5857863179e-05 0.998988066503 3.0
0.0145544045387 0.998893487446 5.5857863179e-05 0.998988857572 3.0
0.01517857248 0.99900507708 5.5857863179e-05 0.998989685394 3.0
0.0158027404213 0.998946571951 5.5857863179e-05 0.998990550225 3.0
0.0164269083626 0.999028360116 5.5857863179e-05 0.998991452334 3.0
0.0170510763039 0.998920066485 5.5857863179e-05 0.998992392005 3.0
0.0176752442452 0.999040788297 5.5857863179e-05 0.998993369531 3.0
0.0182994121865 0.99896944531 5.5857863179e-05 0.998994385225 3.0
0.0189235801278 0.999015279248 5.5857863179e-05 0.99899543941 3.0
0.0195477480691 0.999098493592 5.5857863179e-05 0.998996532426 3.0
0.0201719160104 0.998944679651 5.5857863179e-05 0.998997664627 3.0
0.0207960839517 0.998945183255 5.5857863179e-05 0.998998836384 3.0
0.021420251893 0.999073900369 5.5857863179e-05 0.999000048085 3.0
0.0220444198343 0.998954556819 5.5857863179e-05 0.999001300131 3.0
0.0226685877756 0.998983480616 5.5857863179e-05 0.999002592945 3.0
0.0232927557169 0.9989583306 5.5857863179e-05 0.999003926963 3.0
0.0239169236582 0.999046100938 5.5857863179e-05 0.999005302644 3.0
0.0245410915995 0.999072209322 5.5857863179e-05 0.999006720462 3.0
0.0251652595408 0.999023173422 5.5857863179e-05 0.999008180914 3.0
0.0257894274821 0.999074252372 5.5857863179e-05 0.999009684516 3.0
0.0264135954234 0.998989633085 5.5857863179e-05 0.999011231804 3.0
0.0270377633647 0.998984964678 5.5857863179e-05 0.999012823338 3.0
0.027661931306 0.999025274378 5.5857863179e-05 0.999014459699 3.0
0.0282860992473 0.999060537061 5.5857863179e-05 0.999016141493 3.0
0.0289102671886 0.998952823244 5.5857863179e-05 0.999017869351 3.0
0.0295344351299 0.999002764105 5.5857863179e-05 0.999019643928 3.0
0.0301586030712 0.998970264651 5.5857863179e-05 0.999021465907 3.0
0.0307827710125 0.999062145941 5.5857863179e-05 0.999023335999 3.0
0.0314069389538 0.999115882646 5.5857863179e-05 0.999025254943 3.0
0.0320311068951 0.999051264726 5.5857863179e-05 0.99902722351 3.0
0.0326552748364 0.99904240545 5.5857863179e-05 0.999029242501 3.0
0.0332794427777 0.999078857158 5.5857863179e-05 0.999031312751 3.0
0.033903610719 0.998934357593 5.5857863179e-05 0.999033435132 3.0
0.0345277786603 0.999142437656 5.5857863179e-05 0.999035610549 3.0
0.0351519466016 0.99899670611 5.5857863179e-05 0.999037839948 3.0
0.0357761145429 0.999093083553 5.5857863179e-05 0.999040124313 3.0
0.0364002824842 0.998933744212 5.5857863179e-05 0.999042464673 3.0
0.0370244504255 0.998930780708 5.5857863179e-05 0.9990448621 3.0
0.0376486183668 0.999056816807 5.5857863179e-05 0.999047317713 3.0
0.0382727863081 0.999033993645 5.5857863179e-05 0.99904983268 3.0
0.0388969542494 0.999149331259 5.5857863179e-05 0.999052408223 3.0
0.0395211221907 0.999038504064 5.5857863179e-05 0.999055045618 3.0
0.040145290132 0.999105039339 5.5857863179e-05 0.999057746199 3.0
0.0407694580733 0.998954512325 5.5857863179e-05 0.999060511362 3.0
0.0413936260146 0.99915005585 5.5857863179e-05 0.999063342569 3.0
0.0420177939559 0.999015333906 5.5857863179e-05 0.999066241353 3.0
0.0426419618972 0.999031494098 5.5857863179e-05 0.999069209317 3.0
0.0432661298385 0.999065327447 5.5857863179e-05 0.999072248147 3.0
0.0438902977798 0.99904383747 5.5857863179e-05 0.999075359609 3.0
0.0445144657211 0.999113991839 5.5857863179e-05 0.999078545562 3.0
0.0451386336624 0.999054327708 5.5857863179e-05 0.999081807957 3.0
0.0457628016037 0.999011816734 5.5857863179e-05 0.999085148849 3.0
0.046386969545 0.999074306506 5.5857863179e-05 0.999088570402 3.0
0.0470111374863 0.999096726227 5.5857863179e-05 0.999092074899 3.0
0.0476353054276 0.999127018154 5.5857863179e-05 0.999095664745 3.0
0.0482594733689 0.999094453328 5.5857863179e-05 0.999099342486 3.0
0.0488836413102 0.999256298712 5.5857863179e-05 0.999103110809 3.0
0.0495078092515 0.99906749336 5.5857863179e-05 0.999106972564 3.0
0.0501319771928 0.999085970356 5.5857863179e-05 0.999110930769 3.0
0.0507561451341 0.999072006867 5.5857863179e-05 0.999114988628 3.0
0.0513803130754 0.999002162825 5.5857863179e-05 0.999119149547 3.0
0.0520044810167 0.999143812551 5.5857863179e-05 0.999123417152 3.0
0.052628648958 0.999145912651 5.5857863179e-05 0.999127795308 3.0
0.0532528168993 0.999130858502 5.5857863179e-05 0.999132288141 3.0
0.0538769848406 0.999088126841 5.5857863179e-05 0.999136900065 3.0
0.0545011527819 0.999139813541 5.5857863179e-05 0.999141635811 3.0
0.0551253207232 0.999163811657 5.5857863179e-05 0.999146500457 3.0
0.0557494886645 0.999096880771 5.5857863179e-05 0.999151499465 3.0
0.0563736566058 0.999093317243 5.5857863179e-05 0.999156638727 3.0
0.0569978245471 0.999071471675 5.5857863179e-05 0.999161924607 3.0
0.0576219924884 0.999121583263 5.5857863179e-05 0.999167364001 3.0
0.0582461604297 0.999288892261 5.5857863179e-05 0.999172964399 3.0
0.058870328371 0.999199055427 5.5857863179e-05 0.999178733962 3.0
0.0594944963123 0.999124924097 5.5857863179e-05 0.999184681606 3.0
0.0601186642536 0.999135185796 5.5857863179e-05 0.999190817105 3.0
0.0607428321949 0.999217939121 5.5857863179e-05 0.999197151212 3.0
0.0613670001362 0.999163927974 5.5857863179e-05 0.999203695804 3.0
0.0619911680775 0.999067533845 5.5857863179e-05 0.999210464054 3.0
0.0626153360188 0.9993119901 5.5857863179e-05 0.999217470636 3.0
0.0632395039601 0.999161411216 5.5857863179e-05 0.999224731983 3.0
0.0638636719014 0.999185033296 5.5857863179e-05 0.999232266595 3.0
0.0644878398427 0.999201269774 5.5857863179e-05 0.999240095428 3.0
0.065112007784 0.999155401784 5.5857863179e-05 0.999248242382 3.0
0.0657361757253 0.99928833267 5.5857863179e-05 0.999256734921 3.0
0.0663603436666 0.999081197313 5.5857863179e-05 0.999265604876 3.0
0.0669845116079 0.999322211939 5.5857863179e-05 0.999274889512 3.0
0.0676086795492 0.999323458467 5.5857863179e-05 0.999284632954 3.0
0.0682328474905 0.999274939023 5.5857863179e-05 0.999294888174 3.0
0.0688570154318 0.999254846287 5.5857863179e-05 0.99930571982 3.0
0.0694811833731 0.999307101246 5.5857863179e-05 0.999317208402 3.0
0.0701053513144 0.999263902245 5.5857863179e-05 0.999329456768 3.0
0.0707295192557 0.999277741333 5.5857863179e-05 0.999342600561 3.0
0.071353687197 0.999366621096 5.5857863179e-05 0.999356825985 3.0
0.0719778551383 0.999386663872 5.5857863179e-05 0.999372401483 3.0
0.0726020230796 0.99943554327 5.5857863179e-05 0.999389739061 3.0
0.0732261910209 0.999361987164 5.5857863179e-05 0.999409559467 3.0
0.0738503589622 0.99939834179 5.5857863179e-05 0.999436875065 2.0
0.0744745269035 0.999591138726 5.5857863179e-05 0.99951189235 2.0
0.0750986948448 0.999613111708 5.5857863179e-05 0.999608641415 2.0
0.0757228627861 0.999699802657 5.5857863179e-05 0.999712193496 2.0
0.0763470307274 0.999822769473 5.5857863179e-05 0.999813480239 2.0
0.0769711986687 0.999975849321 5.5857863179e-05 0.999904603716 2.0
0.07759536661 0.999914450643 5.5857863179e-05 0.99997674196 2.0
0.0782195345513 1.00006389843 5.5857863179e-05 1.00001193203 0.0
0.0788437024926 0.999994991554 5.5857863179e-05 1.00001193203 0.0
0.0794678704339 0.999978006812 5.5857863179e-05 1.00001193203 0.0
0.0800920383752 0.999947249083 5.5857863179e-05 1.00001193203 0.0
0.0807162063165 1.00000123565 5.5857863179e-05 1.00001193203 0.0
0.0813403742578 1.00005358189 5.5857863179e-05 1.00001193203 0.0
0.0819645421991 1.00005862213 5.5857863179e-05 1.00001193203 0.0
0.0825887101404 0.999955260729 5.5857863179e-05 1.00001193203 0.0
0.0832128780817 1.00002396219 5.5857863179e-05 1.00001193203 0.0
0.083837046023 0.99997249467 5.5857863179e-05 1.00001193203 0.0
0.0844612139643 0.999892234275 5.5857863179e-05 1.00001193203 0.0
0.0850853819056 1.00003325018 5.5857863179e-05 1.00001193203 0.0
0.0857095498469 1.000085348 5.5857863179e-05 1.00001193203 0.0
0.0863337177882 0.999933996951 5.5857863179e-05 1.00001193203 0.0
0.0869578857295 1.00007825302 5.5857863179e-05 1.00001193203 0.0
0.0875820536708 0.99994231522 5.5857863179e-05 1.00001193203 0.0
0.0882062216121 0.999846759814 5.5857863179e-05 1.00001193203 0.0
0.0888303895534 0.999977935478 5.5857863179e-05 1.00001193203 0.0
0.0894545574947 1.00001357824 5.5857863179e-05 1.00001193203 0.0
0.090078725436 0.999980384156 5.5857863179e-05 1.00001193203 0.0
0.0907028933773 1.00012781378 5.5857863179e-05 1.00001193203 0.0
0.0913270613186 1.00009106978 5.5857863179e-05 1.00001193203 0.0
0.0919512292599 0.999909862895 5.5857863179e-05 1.00001193203 0.0
0.0925753972013 0.999996623989 5.5857863179e-05 1.00001193203 0.0
0.0931995651426 0.99997191586 5.5857863179e-05 1.00001193203 0.0
