-0.111911155808 1.00000301182 1.54258826421e-05 0.999996973404 0.0
-0.111160442545 1.00000252422 1.54258826421e-05 0.999996973404 0.0
-0.110409729283 1.00000446147 1.54258826421e-05 0.999996973404 0.0
-0.10965901602 1.0000098796 1.54258826421e-05 0.999996973404 0.0
-0.108908302758 1.00000509513 1.54258826421e-05 0.999996973404 0.0
-0.108157589495 0.999971603509 1.54258826421e-05 0.999996973404 0.0
-0.107406876233 0.99999602521 1.54258826421e-05 0.999996973404 0.0
-0.10665616297 0.999968835236 1.54258826421e-05 0.999996973404 0.0
-0.105905449708 1.00002467579 1.54258826421e-05 0.999996973404 0.0
-0.105154736445 1.0000065709 1.54258826421e-05 0.999996973404 0.0
-0.104404023182 1.00001211045 1.54258826421e-05 0.999996973404 0.0
-0.10365330992 1.00000663109 1.54258826421e-05 0.999996973404 0.0
-0.102902596657 1.00000610345 1.54258826421e-05 0.999996973404 0.0
-0.102151883395 1.00000369575 1.54258826421e-05 0.999996973404 0.0
-0.101401170132 1.00000770584 1.54258826421e-05 0.999996973404 0.0
-0.10065045687 0.999999044139 1.54258826421e-05 0.999996973404 0.0
-0.0998997436072 1.0000005546 1.54258826421e-05 0.999996973404 0.0
-0.0991490303447 0.999999999592 1.54258826421e-05 0.999996973404 0.0
-0.0983983170821 0.999973298592 1.54258826421e-05 0.999996973404 0.0
-0.0976476038196 1.00002010618 1.54258826421e-05 0.999996973404 0.0
-0.0968968905571 0.999987372341 1.54258826421e-05 0.999996973404 0.0
-0.0961461772945 0.999982168025 1.54258826421e-05 0.999996973404 0.0
-0.095395464032 0.999986257366 1.54258826421e-05 0.999996973404 0.0
-0.0946447507695 1.00001093369 1.54258826421e-05 0.999996973404 0.0
-0.0938940375069 0.999993713466 1.54258826421e-05 0.999989561962 1.0
-0.0931433242444 0.999950942041 1.54258826421e-05 0.999958927387 1.0
-0.0923926109818 0.999903029094 1.54258826421e-05 0.999917969589 1.0
-0.0916418977193 0.999901493653 1.54258826421e-05 0.999873352695 1.0
-0.0908911844568 0.999811855138 1.54258826421e-05 0.999831591542 1.0
-0.0901404711942 0.999825650393 1.54258826421e-05 0.999804976698 3.0
-0.0893897579317 0.999797653057 1.54258826421e-05 0.999796381884 3.0
-0.0886390446692 0.999798440607 1.54258826421e-05 0.999789415691 3.0
-0.0878883314066 0.999793297524 1.54258826421e-05 0.999783429698 3.0
-0.0871376181441 0.999751264629 1.54258826421e-05 0.999778141467 3.0
-0.0863869048816 0.999775047877 1.54258826421e-05 0.999773376786 3.0
-0.085636191619 0.999784080144 1.54258826421e-05 0.99976902625 3.0
-0.0848854783565 0.999763087418 1.54258826421e-05 0.999765016416 3.0
-0.0841347650939 0.999740362501 1.54258826421e-05 0.999761294529 3.0
-0.0833840518314 0.999762191416 1.54258826421e-05 0.999757820672 3.0
-0.0826333385689 0.999777980492 1.54258826421e-05 0.999754563519 3.0
-0.0818826253063 0.999764429144 1.54258826421e-05 0.999751497836 3.0
-0.0811319120438 0.999746779215 1.54258826421e-05 0.999748602899 3.0
-0.0803811987813 0.999751932232 1.54258826421e-05 0.999745861424 3.0
-0.0796304855187 0.999750459942 1.54258826421e-05 0.999743258818 3.0
-0.0788797722562 0.999725942001 1.54258826421e-05 0.999740782627 3.0
-0.0781290589936 0.999744092901 1.54258826421e-05 0.999738422124 3.0
-0.0773783457311 0.999728661102 1.54258826421e-05 0.99973616799 3.0
-0.0766276324686 0.999712560327 1.54258826421e-05 0.999734012073 3.0
-0.075876919206 0.999755875642 1.54258826421e-05 0.999731947192 3.0
-0.0751262059435 0.999741086069 1.54258826421e-05 0.999729966982 3.0
-0.074375492681 0.999731406167 1.54258826421e-05 0.999728065773 3.0
-0.0736247794184 0.999732604437 1.54258826421e-05 0.999726238484 3.0
-0.0728740661559 0.999741028906 1.54258826421e-05 0.999724480543 3.0
-0.0721233528934 0.999739014558 1.54258826421e-05 0.99972278782 3.0
-0.0713726396308 0.999727051742 1.54258826421e-05 0.999721156566 3.0
-0.0706219263683 0.99973330096 1.54258826421e-05 0.999719583367 3.0
-0.0698712131057 0.999701878708 1.54258826421e-05 0.999718065102 3.0
-0.0691204998432 0.999700833314 1.54258826421e-05 0.999716598912 3.0
-0.0683697865807 0.999734192622 1.54258826421e-05 0.999715182168 3.0
-0.0676190733181 0.999699929772 1.54258826421e-05 0.999713812445 3.0
-0.0668683600556 0.999691262366 1.54258826421e-05 0.999712487502 3.0
-0.0661176467931 0.999706614287 1.54258826421e-05 0.999711205264 3.0
-0.0653669335305 0.999716491584 1.54258826421e-05 0.999709963801 3.0
-0.064616220268 0.999687568075 1.54258826421e-05 0.999708761321 3.0
-0.0638655070055 0.99971150973 1.54258826421e-05 0.999707596149 3.0
-0.0631147937429 0.999705455428 1.54258826421e-05 0.999706466723 3.0
-0.0623640804804 0.999702981056 1.54258826421e-05 0.99970537158 3.0
-0.0616133672178 0.999694729926 1.54258826421e-05 0.999704309349 3.0
-0.0608626539553 0.999664828773 1.54258826421e-05 0.999703278742 3.0
-0.0601119406928 0.999692048545 1.54258826421e-05 0.999702278549 3.0
-0.0593612274302 0.999692124921 1.54258826421e-05 0.999701307631 3.0
-0.0586105141677 0.999702562285 1.54258826421e-05 0.999700364912 3.0
-0.0578598009052 0.999697421095 1.54258826421e-05 0.999699449378 3.0
-0.0571090876426 0.99972203806 1.54258826421e-05 0.999698560071 3.0
-0.0563583743801 0.99969208423 1.54258826421e-05 0.999697696082 3.0
-0.0556076611175 0.999704853204 1.54258826421e-05 0.999696856552 3.0
-0.054856947855 0.999697157945 1.54258826421e-05 0.999696040667 3.0
-0.0541062345925 0.999688525476 1.54258826421e-05 0.999695247652 3.0
-0.0533555213299 0.999694959785 1.54258826421e-05 0.999694476774 3.0
-0.0526048080674 0.999709059922 1.54258826421e-05 0.999693727332 3.0
-0.0518540948049 0.999712344451 1.54258826421e-05 0.999692998662 3.0
-0.0511033815423 0.999673017764 1.54258826421e-05 0.999692290131 3.0
-0.0503526682798 0.999701376994 1.54258826421e-05 0.999691601136 3.0
-0.0496019550173 0.99968140968 1.54258826421e-05 0.999690931099 3.0
-0.0488512417547 0.999707606174 1.54258826421e-05 0.999690279472 3.0
-0.0481005284922 0.999687755966 1.54258826421e-05 0.99968964573 3.0
-0.0473498152296 0.999684180908 1.54258826421e-05 0.999689029371 3.0
-0.0465991019671 0.999691289917 1.54258826421e-05 0.999688429916 3.0
-0.0458483887046 0.999682599084 1.54258826421e-05 0.999687846907 3.0
-0.045097675442 0.999692038415 1.54258826421e-05 0.999687279903 3.0
-0.0443469621795 0.999701197453 1.54258826421e-05 0.999686728484 3.0
-0.043596248917 0.999689660538 1.54258826421e-05 0.999686192248 3.0
-0.0428455356544 0.999659509519 1.54258826421e-05 0.999685670808 3.0
-0.0420948223919 0.999676927454 1.54258826421e-05 0.999685163795 3.0
-0.0413441091294 0.999711537496 1.54258826421e-05 0.999684670852 3.0
-0.0405933958668 0.999688953809 1.54258826421e-05 0.999684191639 3.0
-0.0398426826043 0.999692435508 1.54258826421e-05 0.999683725829 3.0
-0.0390919693417 0.999692896299 1.54258826421e-05 0.999683273109 3.0
-0.0383412560792 0.999676517413 1.54258826421e-05 0.999682833175 3.0
-0.0375905428167 0.999698130098 1.54258826421e-05 0.99968240574 3.0
-0.0368398295541 0.999674213534 1.54258826421e-05 0.999681990524 3.0
-0.0360891162916 0.999701547624 1.54258826421e-05 0.99968158726 3.0
-0.0353384030291 0.999673581173 1.54258826421e-05 0.999681195692 3.0
-0.0345876897665 0.999679272232 1.54258826421e-05 0.999680815571 3.0
-0.033836976504 0.999712409915 1.54258826421e-05 0.999680446661 3.0
-0.0330862632415 0.999673583404 1.54258826421e-05 0.999680088734 3.0
-0.0323355499789 0.999685965507 1.54258826421e-05 0.99967974157 3.0
-0.0315848367164 0.99969540684 1.54258826421e-05 0.999679404958 3.0
-0.0308341234538 0.999680136824 1.54258826421e-05 0.999679078696 3.0
-0.0300834101913 0.999664781439 1.54258826421e-05 0.999678762588 3.0
-0.0293326969288 0.999656329578 1.54258826421e-05 0.999678456448 3.0
-0.0285819836662 0.999688331096 1.54258826421e-05 0.999678160095 3.0
-0.0278312704037 0.999681361878 1.54258826421e-05 0.999677873357 3.0
-0.0270805571412 0.999672155618 1.54258826421e-05 0.999677596067 3.0
-0.0263298438786 0.999688347884 1.54258826421e-05 0.999677328066 3.0
-0.0255791306161 0.999701936118 1.54258826421e-05 0.999677069201 3.0
-0.0248284173535 0.999675575493 1.54258826421e-05 0.999676819325 3.0
-0.024077704091 0.999661953063 1.54258826421e-05 0.999676578298 3.0
-0.0233269908285 0.999670020508 1.54258826421e-05 0.999676345983 3.0
-0.0225762775659 0.999677305667 1.54258826421e-05 0.999676122252 3.0
-0.0218255643034 0.999677994396 1.54258826421e-05 0.999675906981 3.0
-0.0210748510409 0.999702401833 1.54258826421e-05 0.999675700051 3.0
-0.0203241377783 0.999684059022 1.54258826421e-05 0.999675501348 3.0
-0.0195734245158 0.999679900279 1.54258826421e-05 0.999675310764 3.0
-0.0188227112533 0.999672103037 1.54258826421e-05 0.999675128196 3.0
-0.0180719979907 0.999670860639 1.54258826421e-05 0.999674953544 3.0
-0.0173212847282 0.999671457252 1.54258826421e-05 0.999674786716 3.0
-0.0165705714656 0.99966731346 1.54258826421e-05 0.999674627621 3.0
-0.0158198582031 0.999663812812 1.54258826421e-05 0.999674476174 3.0
-0.0150691449406 0.999692553937 1.54258826421e-05 0.999674332296 3.0
-0.014318431678 0.999659207987 1.54258826421e-05 0.999674195909 3.0
-0.0135677184155 0.999680177032 1.54258826421e-05 0.999674066942 3.0
-0.012817005153 0.999646226579 1.54258826421e-05 0.999673945327 3.0
-0.0120662918904 0.999696955762 1.54258826421e-05 0.999673831 3.0
-0.0113155786279 0.999676124541 1.54258826421e-05 0.999673723901 3.0
-0.0105648653654 0.999663097012 1.54258826421e-05 0.999673623974 3.0
-0.00981415210282 0.999669789621 1.54258826421e-05 0.999673531167 3.0
-0.00906343884028 0.999683946589 1.54258826421e-05 0.999673445433 3.0
-0.00831272557774 0.999665414171 1.54258826421e-05 0.999673366726 3.0
-0.00756201231521 0.999672840757 1.54258826421e-05 0.999673295005 3.0
-0.00681129905267 0.999676622909 1.54258826421e-05 0.999673230235 3.0
-0.00606058579013 0.999684952932 1.54258826421e-05 0.99967317238 3.0
-0.0053098725276 0.999663341414 1.54258826421e-05 0.999673121412 3.0
-0.00455915926506 0.999664446943 1.54258826421e-05 0.999673077305 3.0
-0.00380844600252 0.999688335725 1.54258826421e-05 0.999673040035 3.0
-0.00305773273999 0.999664492903 1.54258826421e-05 0.999673009584 3.0
-0.00230701947745 0.999681792505 1.54258826421e-05 0.999672985936 3.0
-0.00155630621491 0.999675116711 1.54258826421e-05 0.999672969079 3.0
-0.000805592952376 0.999667823896 1.54258826421e-05 0.999672959004 3.0
-5.48796898394e-05 0.99968180295 1.54258826421e-05 0.999672955705 3.0
0.000695833572697 0.999671947056 1.54258826421e-05 0.999672959183 3.0
0.00144654683523 0.999674913866 1.54258826421e-05 0.999672969437 3.0
0.00219726009777 0.999695858399 1.54258826421e-05 0.999672986474 3.0
0.00294797336031 0.999679841784 1.54258826421e-05 0.999673010302 3.0
0.00369868662284 0.999668101128 1.54258826421e-05 0.999673040933 3.0
0.00444939988538 0.999688195348 1.54258826421e-05 0.999673078383 3.0
0.00520011314792 0.999695353992 1.54258826421e-05 0.999673122672 3.0
0.00595082641045 0.999663517893 1.54258826421e-05 0.999673173821 3.0
0.00670153967299 0.99967875031 1.54258826421e-05 0.999673231858 3.0
0.00745225293553 0.999689390398 1.54258826421e-05 0.999673296812 3.0
0.00820296619806 0.999667368102 1.54258826421e-05 0.999673368717 3.0
0.0089536794606 0.999678614098 1.54258826421e-05 0.999673447609 3.0
0.00970439272314 0.999671099212 1.54258826421e-05 0.99967353353 3.0
0.0104551059857 0.999671471102 1.54258826421e-05 0.999673626525 3.0
0.0112058192482 0.999637693109 1.54258826421e-05 0.99967372664 3.0
0.0119565325107 0.999671043031 1.54258826421e-05 0.99967383393 3.0
0.0127072457733 0.999673232087 1.54258826421e-05 0.999673948449 3.0
0.0134579590358 0.999668190183 1.54258826421e-05 0.999674070258 3.0
0.0142086722984 0.999677164616 1.54258826421e-05 0.99967419942 3.0
0.0149593855609 0.999672799728 1.54258826421e-05 0.999674336004 3.0
0.0157100988234 0.999687285419 1.54258826421e-05 0.999674480081 3.0
0.016460812086 0.999671467716 1.54258826421e-05 0.999674631729 3.0
0.0172115253485 0.999674827958 1.54258826421e-05 0.999674791027 3.0
0.017962238611 0.999656123647 1.54258826421e-05 0.999674958061 3.0
0.0187129518736 0.99965572866 1.54258826421e-05 0.999675132921 3.0
0.0194636651361 0.999652736934 1.54258826421e-05 0.9996753157 3.0
0.0202143783986 0.999656593636 1.54258826421e-05 0.999675506497 3.0
0.0209650916612 0.999675824804 1.54258826421e-05 0.999675705416 3.0
0.0217158049237 0.999664631281 1.54258826421e-05 0.999675912566 3.0
0.0224665181863 0.999682423088 1.54258826421e-05 0.999676128059 3.0
0.0232172314488 0.999702287249 1.54258826421e-05 0.999676352015 3.0
0.0239679447113 0.999680566785 1.54258826421e-05 0.999676584559 3.0
0.0247186579739 0.999659208223 1.54258826421e-05 0.999676825818 3.0
0.0254693712364 0.999665616579 1.54258826421e-05 0.99967707593 3.0
0.0262200844989 0.999703046026 1.54258826421e-05 0.999677335035 3.0
0.0269707977615 0.999676727562 1.54258826421e-05 0.999677603279 3.0
0.027721511024 0.999690707716 1.54258826421e-05 0.999677880816 3.0
0.0284722242866 0.999663900225 1.54258826421e-05 0.999678167807 3.0
0.0292229375491 0.999711197863 1.54258826421e-05 0.999678464416 3.0
0.0299736508116 0.999675256941 1.54258826421e-05 0.999678770818 3.0
0.0307243640742 0.9996760407 1.54258826421e-05 0.999679087192 3.0
0.0314750773367 0.999665786998 1.54258826421e-05 0.999679413725 3.0
0.0322257905992 0.999656985822 1.54258826421e-05 0.999679750613 3.0
0.0329765038618 0.999657876329 1.54258826421e-05 0.999680098059 3.0
0.0337272171243 0.999673575399 1.54258826421e-05 0.999680456274 3.0
0.0344779303868 0.999656521106 1.54258826421e-05 0.999680825477 3.0
0.0352286436494 0.999661230833 1.54258826421e-05 0.999681205898 3.0
0.0359793569119 0.999650366155 1.54258826421e-05 0.999681597772 3.0
0.0367300701745 0.999672591921 1.54258826421e-05 0.999682001349 3.0
0.037480783437 0.999688547902 1.54258826421e-05 0.999682416884 3.0
0.0382314966995 0.999663606752 1.54258826421e-05 0.999682844647 3.0
0.0389822099621 0.999689829864 1.54258826421e-05 0.999683284914 3.0
0.0397329232246 0.999711146851 1.54258826421e-05 0.999683737977 3.0
0.0404836364871 0.99969105652 1.54258826421e-05 0.999684204137 3.0
0.0412343497497 0.999681531184 1.54258826421e-05 0.999684683708 3.0
0.0419850630122 0.999688437088 1.54258826421e-05 0.999685177019 3.0
0.0427357762747 0.999666845915 1.54258826421e-05 0.99968568441 3.0
0.0434864895373 0.999669910765 1.54258826421e-05 0.999686206236 3.0
0.0442372027998 0.999696693577 1.54258826421e-05 0.999686742868 3.0
0.0449879160624 0.999685828025 1.54258826421e-05 0.999687294694 3.0
0.0457386293249 0.999693491941 1.54258826421e-05 0.999687862115 3.0
0.0464893425874 0.999673385013 1.54258826421e-05 0.999688445554 3.0
0.04724005585 0.999684128128 1.54258826421e-05 0.99968904545 3.0
0.0479907691125 0.999687116243 1.54258826421e-05 0.999689662262 3.0
0.048741482375 0.999674964096 1.54258826421e-05 0.999690296471 3.0
0.0494921956376 0.999661840962 1.54258826421e-05 0.999690948577 3.0
0.0502429089001 0.99968336797 1.54258826421e-05 0.999691619108 3.0
0.0509936221627 0.99968800962 1.54258826421e-05 0.999692308613 3.0
0.0517443354252 0.999711286269 1.54258826421e-05 0.999693017669 3.0
0.0524950486877 0.999689819353 1.54258826421e-05 0.999693746879 3.0
0.0532457619503 0.99970098371 1.54258826421e-05 0.999694496879 3.0
0.0539964752128 0.999712998946 1.54258826421e-05 0.999695268334 3.0
0.0547471884753 0.999737294717 1.54258826421e-05 0.999696061944 3.0
0.0554979017379 0.999698516341 1.54258826421e-05 0.999696878444 3.0
0.0562486150004 0.999695826464 1.54258826421e-05 0.99969771861 3.0
0.0569993282629 0.99970689177 1.54258826421e-05 0.999698583257 3.0
0.0577500415255 0.999710008418 1.54258826421e-05 0.999699473246 3.0
0.058500754788 0.999696526554 1.54258826421e-05 0.999700389486 3.0
0.0592514680506 0.999727369927 1.54258826421e-05 0.999701332937 3.0
0.0600021813131 0.99971453499 1.54258826421e-05 0.999702304616 3.0
0.0607528945756 0.999703889668 1.54258826421e-05 0.999703305598 3.0
0.0615036078382 0.99972490268 1.54258826421e-05 0.999704337025 3.0
0.0622543211007 0.999722635827 1.54258826421e-05 0.999705400109 3.0
0.0630050343632 0.999713519107 1.54258826421e-05 0.999706496141 3.0
0.0637557476258 0.99969408016 1.54258826421e-05 0.999707626493 3.0
0.0645064608883 0.999725231775 1.54258826421e-05 0.999708792631 3.0
0.0652571741508 0.999714747612 1.54258826421e-05 0.99970999612 3.0
0.0660078874134 0.999728851643 1.54258826421e-05 0.999711238637 3.0
0.0667586006759 0.999705767929 1.54258826421e-05 0.999712521979 3.0
0.0675093139385 0.999700035305 1.54258826421e-05 0.999713848079 3.0
0.068260027201 0.99972374332 1.54258826421e-05 0.999715219016 3.0
0.0690107404635 0.99970921794 1.54258826421e-05 0.999716637035 3.0
0.0697614537261 0.999719282336 1.54258826421e-05 0.999718104567 3.0
0.0705121669886 0.999727673452 1.54258826421e-05 0.999719624247 3.0
0.0712628802511 0.999704089512 1.54258826421e-05 0.99972119894 3.0
0.0720135935137 0.99972423963 1.54258826421e-05 0.999722831774 3.0
0.0727643067762 0.999744234334 1.54258826421e-05 0.999724526172 3.0
0.0735150200387 0.999724146175 1.54258826421e-05 0.999726285891 3.0
0.0742657333013 0.999718600927 1.54258826421e-05 0.999728115074 3.0
0.0750164465638 0.999716238 1.54258826421e-05 0.999730018305 3.0
0.0757671598264 0.99973053435 1.54258826421e-05 0.999732000678 3.0
0.0765178730889 0.999739946055 1.54258826421e-05 0.999734067881 3.0
0.0772685863514 0.999720515418 1.54258826421e-05 0.999736226298 3.0
0.078019299614 0.999727763378 1.54258826421e-05 0.999738483135 3.0
0.0787700128765 0.999734056766 1.54258826421e-05 0.999740846572 3.0
0.079520726139 0.999736016784 1.54258826421e-05 0.999743325961 3.0
0.0802714394016 0.999747172385 1.54258826421e-05 0.99974593207 3.0
0.0810221526641 0.99977959923 1.54258826421e-05 0.999748677405 3.0
0.0817728659267 0.999770350678 1.54258826421e-05 0.999751576622 3.0
0.0825235791892 0.999737305434 1.54258826421e-05 0.999754647083 3.0
0.0832742924517 0.999738162189 1.54258826421e-05 0.999757909619 3.0
0.0840250057143 0.999733964531 1.54258826421e-05 0.9997613896 3.0
0.0847757189768 0.999725014048 1.54258826421e-05 0.999765118543 3.0
0.0855264322393 0.999742304625 1.54258826421e-05 0.999769136637 3.0
0.0862771455019 0.999775848073 1.54258826421e-05 0.999773497063 3.0
0.0870278587644 0.999774481552 1.54258826421e-05 0.999778273972 3.0
0.0877785720269 0.999802838667 1.54258826421e-05 0.999783578038 3.0
0.0885292852895 0.999793677209 1.54258826421e-05 0.999789585731 3.0
0.089279998552 0.99978817807 1.54258826421e-05 0.999796583112 3.0
0.0900307118146 0.999818549936 1.54258826421e-05 0.999805244337 3.0
0.0907814250771 0.999851295594 1.54258826421e-05 0.999832591324 2.0
0.0915321383396 0.999854196737 1.54258826421e-05 0.999874527114 2.0
0.0922828516022 0.999915276887 1.54258826421e-05 0.999919126486 2.0
0.0930335648647 0.99997335325 1.54258826421e-05 0.999959904457 2.0
0.0937842781272 0.999992877293 1.54258826421e-05 0.999990142369 2.0
0.0945349913898 0.999992620925 1.54258826421e-05 0.999996973404 0.0
0.0952857046523 1.00000904458 1.54258826421e-05 0.999996973404 0.0
0.0960364179148 1.0000002956 1.54258826421e-05 0.999996973404 0.0
0.0967871311774 0.999992316208 1.54258826421e-05 0.999996973404 0.0
0.0975378444399 0.999969825888 1.54258826421e-05 0.999996973404 0.0
0.0982885577025 0.999985907024 1.54258826421e-05 0.999996973404 0.0
0.099039270965 0.999994895477 1.54258826421e-05 0.999996973404 0.0
0.0997899842275 1.00000117971 1.54258826421e-05 0.999996973404 0.0
0.10054069749 1.00000021769 1.54258826421e-05 0.999996973404 0.0
0.101291410753 0.999986345333 1.54258826421e-05 0.999996973404 0.0
0.102042124015 1.00000260743 1.54258826421e-05 0.999996973404 0.0
0.102792837278 0.999991332931 1.54258826421e-05 0.999996973404 0.0
0.10354355054 0.999964926034 1.54258826421e-05 0.999996973404 0.0
0.104294263803 1.00000220269 1.54258826421e-05 0.999996973404 0.0
0.105044977065 1.00000356613 1.54258826421e-05 0.999996973404 0.0
0.105795690328 0.999988341067 1.54258826421e-05 0.999996973404 0.0
0.10654640359 1.00002490453 1.54258826421e-05 0.999996973404 0.0
0.107297116853 0.999974675576 1.54258826421e-05 0.999996973404 0.0
0.108047830115 1.00000058405 1.54258826421e-05 0.999996973404 0.0
0.108798543378 0.999999027357 1.54258826421e-05 0.999996973404 0.0
0.109549256641 0.999992157892 1.54258826421e-05 0.999996973404 0.0
0.110299969903 0.999999304627 1.54258826421e-05 0.999996973404 0.0
0.111050683166 0.999989497107 1.54258826421e-05 0.999996973404 0.0
0.111801396428 1.00000078953 1.54258826421e-05 0.999996973404 0.0
0.112552109691 0.999993563473 1.54258826421e-05 0.999996973404 0.0
