-0.0521755928098 0.999981361324 3.141306322e-05 0.999996515507 0.0
-0.0518254564322 0.999966358956 3.141306322e-05 0.999996515507 0.0
-0.0514753200545 1.00004534591 3.141306322e-05 0.999996515507 0.0
-0.0511251836768 0.999974125646 3.141306322e-05 0.999996515507 0.0
-0.0507750472991 1.0000051159 3.141306322e-05 0.999996515507 0.0
-0.0504249109214 0.999996684962 3.141306322e-05 0.999996515507 0.0
-0.0500747745437 1.00006169097 3.141306322e-05 0.999996515507 0.0
-0.0497246381661 0.999999592509 3.141306322e-05 0.999996515507 0.0
-0.0493745017884 1.00004457819 3.141306322e-05 0.999996515507 0.0
-0.0490243654107 0.999957391617 3.141306322e-05 0.999996515507 0.0
-0.048674229033 1.00003642116 3.141306322e-05 0.999996515507 0.0
-0.0483240926553 0.999977855064 3.141306322e-05 0.999996515507 0.0
-0.0479739562776 0.999992272347 3.141306322e-05 0.999996515507 0.0
-0.0476238198999 0.999958448422 3.141306322e-05 0.999996515507 0.0
-0.0472736835223 1.00000215311 3.141306322e-05 0.999996515507 0.0
-0.0469235471446 1.00002359732 3.141306322e-05 0.999996515507 0.0
-0.0465734107669 0.999965321572 3.141306322e-05 0.999996515507 0.0
-0.0462232743892 1.00001174828 3.141306322e-05 0.999996515507 0.0
-0.0458731380115 0.999950704558 3.141306322e-05 0.999996515507 0.0
-0.0455230016338 0.999970243484 3.141306322e-05 0.999996515507 0.0
-0.0451728652562 1.00000165248 3.141306322e-05 0.999996515507 0.0
-0.0448227288785 0.999984499961 3.141306322e-05 0.999996515507 0.0
-0.0444725925008 0.99997275135 3.141306322e-05 0.999996515507 0.0
-0.0441224561231 0.999991248197 3.141306322e-05 0.999996515507 0.0
-0.0437723197454 1.00001438409 3.141306322e-05 0.999996515507 0.0
-0.0434221833677 1.00000829969 3.141306322e-05 0.999996515507 0.0
-0.04307204699 1.00000492842 3.141306322e-05 0.999996311914 1.0
-0.0427219106124 1.00004393267 3.141306322e-05 0.999993622155 1.0
-0.0423717742347 0.99998492224 3.141306322e-05 0.99998927207 1.0
-0.042021637857 0.999989834963 3.141306322e-05 0.99998371695 1.0
-0.0416715014793 0.999946129756 3.141306322e-05 0.999977165153 1.0
-0.0413213651016 0.99998186424 3.141306322e-05 0.999969749385 1.0
-0.0409712287239 0.99999648553 3.141306322e-05 0.999961566289 1.0
-0.0406210923462 0.999959789638 3.141306322e-05 0.999952691796 1.0
-0.0402709559686 0.999944263948 3.141306322e-05 0.999943188582 1.0
-0.0399208195909 0.999838084683 3.141306322e-05 0.999933110188 1.0
-0.0395706832132 0.999911252521 3.141306322e-05 0.999922503522 1.0
-0.0392205468355 0.999920741471 3.141306322e-05 0.999911410476 1.0
-0.0388704104578 0.999928221532 3.141306322e-05 0.999899869023 1.0
-0.0385202740801 0.999876174977 3.141306322e-05 0.999887913998 1.0
-0.0381701377025 0.999851109313 3.141306322e-05 0.999875577661 1.0
-0.0378200013248 0.999930327421 3.141306322e-05 0.999862890129 1.0
-0.0374698649471 0.999829319178 3.141306322e-05 0.999849879693 1.0
-0.0371197285694 0.999815259413 3.141306322e-05 0.999836573082 1.0
-0.0367695921917 0.999843325206 3.141306322e-05 0.999822995655 1.0
-0.036419455814 0.999839650139 3.141306322e-05 0.99980917157 1.0
-0.0360693194363 0.999779973347 3.141306322e-05 0.999795123914 1.0
-0.0357191830587 0.999785879052 3.141306322e-05 0.999780874807 1.0
-0.035369046681 0.999739651732 3.141306322e-05 0.999766445496 1.0
-0.0350189103033 0.999804817736 3.141306322e-05 0.999751856431 1.0
-0.0346687739256 0.999720344415 3.141306322e-05 0.999737127323 1.0
-0.0343186375479 0.99974061863 3.141306322e-05 0.999722277202 1.0
-0.0339685011702 0.999656185959 3.141306322e-05 0.999707324459 1.0
-0.0336183647925 0.999657818864 3.141306322e-05 0.999692286888 1.0
-0.0332682284149 0.999715058702 3.141306322e-05 0.999677181719 1.0
-0.0329180920372 0.999676075497 3.141306322e-05 0.999662025644 1.0
-0.0325679556595 0.999673369764 3.141306322e-05 0.999646834847 1.0
-0.0322178192818 0.99971299428 3.141306322e-05 0.999631625021 1.0
-0.0318676829041 0.99959347735 3.141306322e-05 0.999616411394 1.0
-0.0315175465264 0.999592659879 3.141306322e-05 0.999601208739 1.0
-0.0311674101488 0.999588001241 3.141306322e-05 0.999586031392 1.0
-0.0308172737711 0.999570868641 3.141306322e-05 0.999570893269 1.0
-0.0304671373934 0.999575315497 3.141306322e-05 0.999555807873 1.0
-0.0301170010157 0.999499920804 3.141306322e-05 0.999540788309 1.0
-0.029766864638 0.999527232698 3.141306322e-05 0.999525847292 1.0
-0.0294167282603 0.999543963214 3.141306322e-05 0.999510997159 1.0
-0.0290665918826 0.999485897784 3.141306322e-05 0.999496249875 1.0
-0.028716455505 0.999446044111 3.141306322e-05 0.999481617047 1.0
-0.0283663191273 0.999505562858 3.141306322e-05 0.999467109925 1.0
-0.0280161827496 0.999426593406 3.141306322e-05 0.999452739418 1.0
-0.0276660463719 0.999437094381 3.141306322e-05 0.999438516098 1.0
-0.0273159099942 0.99940298893 3.141306322e-05 0.999424450208 1.0
-0.0269657736165 0.999400359211 3.141306322e-05 0.999410551676 1.0
-0.0266156372389 0.999417966765 3.141306322e-05 0.999396830117 1.0
-0.0262655008612 0.99934093221 3.141306322e-05 0.99938329485 1.0
-0.0259153644835 0.999314705003 3.141306322e-05 0.999369954905 1.0
-0.0255652281058 0.999335489392 3.141306322e-05 0.999356819033 1.0
-0.0252150917281 0.999364545806 3.141306322e-05 0.999343895723 1.0
-0.0248649553504 0.999354791086 3.141306322e-05 0.999331193211 1.0
-0.0245148189727 0.999389515614 3.141306322e-05 0.999318719502 1.0
-0.0241646825951 0.999285964273 3.141306322e-05 0.999306482379 1.0
-0.0238145462174 0.999316118291 3.141306322e-05 0.999294489431 1.0
-0.0234644098397 0.999267579266 3.141306322e-05 0.999282748073 1.0
-0.023114273462 0.999247559361 3.141306322e-05 0.99927126557 1.0
-0.0227641370843 0.999240644622 3.141306322e-05 0.999260049073 1.0
-0.0224140007066 0.999285752804 3.141306322e-05 0.999249105654 1.0
-0.0220638643289 0.999235847116 3.141306322e-05 0.99923844235 1.0
-0.0217137279513 0.999204730204 3.141306322e-05 0.99922806622 1.0
-0.0213635915736 0.999195202525 3.141306322e-05 0.999217984412 1.0
-0.0210134551959 0.999184120382 3.141306322e-05 0.99920820425 1.0
-0.0206633188182 0.99926940083 3.141306322e-05 0.999198733348 1.0
-0.0203131824405 0.999241186284 3.141306322e-05 0.999189579754 1.0
-0.0199630460628 0.999176397293 3.141306322e-05 0.999180752158 1.0
-0.0196129096852 0.999162022816 3.141306322e-05 0.999172260175 1.0
-0.0192627733075 0.999179406065 3.141306322e-05 0.99916411477 1.0
-0.0189126369298 0.999144983383 3.141306322e-05 0.99915632891 1.0
-0.0185625005521 0.999147352799 3.141306322e-05 0.999148918653 1.0
-0.0182123641744 0.999120440634 3.141306322e-05 0.999141905118 1.0
-0.0178622277967 0.999108595931 3.141306322e-05 0.999135318597 1.0
-0.017512091419 0.999075206522 3.141306322e-05 0.999129209232 1.0
-0.0171619550414 0.999095088437 3.141306322e-05 0.999123693234 1.0
-0.0168118186637 0.999153413889 3.141306322e-05 0.999119064992 3.0
-0.016461682286 0.999073416734 3.141306322e-05 0.999114676833 3.0
-0.0161115459083 0.999132532276 3.141306322e-05 0.999110418901 3.0
-0.0157614095306 0.999111379557 3.141306322e-05 0.999106284891 3.0
-0.0154112731529 0.999098620097 3.141306322e-05 0.999102270205 3.0
-0.0150611367753 0.999101906208 3.141306322e-05 0.999098371012 3.0
-0.0147110003976 0.999090565517 3.141306322e-05 0.999094584025 3.0
-0.0143608640199 0.999080019043 3.141306322e-05 0.999090906389 3.0
-0.0140107276422 0.999077399574 3.141306322e-05 0.999087335598 3.0
-0.0136605912645 0.999122404548 3.141306322e-05 0.999083869438 3.0
-0.0133104548868 0.99907714465 3.141306322e-05 0.999080505938 3.0
-0.0129603185091 0.999097458521 3.141306322e-05 0.999077243335 3.0
-0.0126101821315 0.999130722877 3.141306322e-05 0.999074080039 3.0
-0.0122600457538 0.999081552674 3.141306322e-05 0.999071014614 3.0
-0.0119099093761 0.999084249918 3.141306322e-05 0.999068045752 3.0
-0.0115597729984 0.999066802269 3.141306322e-05 0.999065172259 3.0
-0.0112096366207 0.999062267284 3.141306322e-05 0.999062393043 3.0
-0.010859500243 0.999038786055 3.141306322e-05 0.999059707098 3.0
-0.0105093638653 0.999071824169 3.141306322e-05 0.9990571135 3.0
-0.0101592274877 0.99899978582 3.141306322e-05 0.999054611391 3.0
-0.00980909110998 0.999045815057 3.141306322e-05 0.999052199981 3.0
-0.00945895473229 0.999067360652 3.141306322e-05 0.999049878534 3.0
-0.00910881835461 0.999050952595 3.141306322e-05 0.999047646369 3.0
-0.00875868197692 0.999013491163 3.141306322e-05 0.999045502852 3.0
-0.00840854559924 0.999019917851 3.141306322e-05 0.999043447391 3.0
-0.00805840922155 0.999036903982 3.141306322e-05 0.999041479437 3.0
-0.00770827284387 0.999047824922 3.141306322e-05 0.999039598479 3.0
-0.00735813646618 0.998995233778 3.141306322e-05 0.999037804039 3.0
-0.0070080000885 0.999025814249 3.141306322e-05 0.999036095672 3.0
-0.00665786371081 0.999037634031 3.141306322e-05 0.999034472966 3.0
-0.00630772733313 0.99904078837 3.141306322e-05 0.999032935535 3.0
-0.00595759095544 0.999063574349 3.141306322e-05 0.999031483022 3.0
-0.00560745457776 0.99900497692 3.141306322e-05 0.999030115096 3.0
-0.00525731820007 0.99899907412 3.141306322e-05 0.999028831448 3.0
-0.00490718182239 0.999030881372 3.141306322e-05 0.999027631796 3.0
-0.0045570454447 0.999040074706 3.141306322e-05 0.999026515878 3.0
-0.00420690906702 0.998965301084 3.141306322e-05 0.999025483454 3.0
-0.00385677268933 0.999027110395 3.141306322e-05 0.999024534305 3.0
-0.00350663631165 0.999024758685 3.141306322e-05 0.999023668232 3.0
-0.00315649993396 0.99899441777 3.141306322e-05 0.999022885054 3.0
-0.00280636355628 0.999031775275 3.141306322e-05 0.99902218461 3.0
-0.00245622717859 0.999030807158 3.141306322e-05 0.999021566758 3.0
-0.00210609080091 0.999041429425 3.141306322e-05 0.999021031372 3.0
-0.00175595442322 0.999022764115 3.141306322e-05 0.999020578344 3.0
-0.00140581804554 0.999029960767 3.141306322e-05 0.999020207583 3.0
-0.00105568166786 0.999018356662 3.141306322e-05 0.999019919015 3.0
-0.00070554529017 0.999022056159 3.141306322e-05 0.999019712583 3.0
-0.000355408912485 0.999046262233 3.141306322e-05 0.999019588246 3.0
-5.27253480037e-06 0.999048947695 3.141306322e-05 0.999019545979 3.0
0.000344863842885 0.999033877792 3.141306322e-05 0.999019585774 3.0
0.000695000220569 0.998977554284 3.141306322e-05 0.999019707639 3.0
0.00104513659825 0.998980913772 3.141306322e-05 0.999019911598 3.0
0.00139527297594 0.999011804884 3.141306322e-05 0.999020197692 3.0
0.00174540935362 0.998961388896 3.141306322e-05 0.999020565976 3.0
0.00209554573131 0.999041004029 3.141306322e-05 0.999021016526 3.0
0.00244568210899 0.999012195902 3.141306322e-05 0.99902154943 3.0
0.00279581848668 0.999027802189 3.141306322e-05 0.999022164797 3.0
0.00314595486436 0.999044695508 3.141306322e-05 0.999022862751 3.0
0.00349609124205 0.999052577949 3.141306322e-05 0.999023643435 3.0
0.00384622761973 0.998986142445 3.141306322e-05 0.999024507009 3.0
0.00419636399742 0.998983777814 3.141306322e-05 0.999025453653 3.0
0.0045465003751 0.999067858213 3.141306322e-05 0.999026483566 3.0
0.00489663675279 0.99900239571 3.141306322e-05 0.999027596966 3.0
0.00524677313047 0.99904169289 3.141306322e-05 0.999028794092 3.0
0.00559690950816 0.999067978143 3.141306322e-05 0.999030075206 3.0
0.00594704588584 0.999030009136 3.141306322e-05 0.99903144059 3.0
0.00629718226353 0.99905483101 3.141306322e-05 0.999032890551 3.0
0.00664731864121 0.999066201254 3.141306322e-05 0.999034425419 3.0
0.0069974550189 0.999044412224 3.141306322e-05 0.999036045552 3.0
0.00734759139658 0.999077565217 3.141306322e-05 0.999037751332 3.0
0.00769772777427 0.999009760171 3.141306322e-05 0.999039543174 3.0
0.00804786415195 0.99907619419 3.141306322e-05 0.99904142152 3.0
0.00839800052964 0.99903466202 3.141306322e-05 0.999043386846 3.0
0.00874813690732 0.999068360887 3.141306322e-05 0.999045439663 3.0
0.00909827328501 0.999043263502 3.141306322e-05 0.999047580521 3.0
0.00944840966269 0.999086720816 3.141306322e-05 0.999049810007 3.0
0.00979854604038 0.999077428132 3.141306322e-05 0.999052128755 3.0
0.0101486824181 0.999014405019 3.141306322e-05 0.999054537445 3.0
0.0104988187957 0.999053803509 3.141306322e-05 0.999057036811 3.0
0.0108489551734 0.99909357842 3.141306322e-05 0.999059627642 3.0
0.0111990915511 0.999115580633 3.141306322e-05 0.999062310792 3.0
0.0115492279288 0.999048615591 3.141306322e-05 0.999065087185 3.0
0.0118993643065 0.999122872642 3.141306322e-05 0.999067957823 3.0
0.0122495006842 0.999072863838 3.141306322e-05 0.999070923796 3.0
0.0125996370619 0.999066512133 3.141306322e-05 0.999073986294 3.0
0.0129497734395 0.999054741549 3.141306322e-05 0.999077146622 3.0
0.0132999098172 0.999112946878 3.141306322e-05 0.999080406212 3.0
0.0136500461949 0.9990708777 3.141306322e-05 0.999083766648 3.0
0.0140001825726 0.999071504898 3.141306322e-05 0.999087229689 3.0
0.0143503189503 0.999098291779 3.141306322e-05 0.999090797298 3.0
0.014700455328 0.999075852041 3.141306322e-05 0.999094471681 3.0
0.0150505917056 0.999143648947 3.141306322e-05 0.999098255334 3.0
0.0154007280833 0.999089845395 3.141306322e-05 0.999102151102 3.0
0.015750864461 0.999083825546 3.141306322e-05 0.999106162257 3.0
0.0161010008387 0.999089411231 3.141306322e-05 0.999110292611 3.0
0.0164511372164 0.999091666706 3.141306322e-05 0.999114546733 3.0
0.0168012735941 0.999098673247 3.141306322e-05 0.999118930832 3.0
0.0171514099718 0.999094377698 3.141306322e-05 0.999123539642 2.0
0.0175015463494 0.999151882554 3.141306322e-05 0.999129033498 2.0
0.0178516827271 0.99914083681 3.141306322e-05 0.999135127296 2.0
0.0182018191048 0.999151473578 3.141306322e-05 0.999141700327 2.0
0.0185519554825 0.999160233138 3.141306322e-05 0.999148701506 2.0
0.0189020918602 0.999154861626 3.141306322e-05 0.999156100156 2.0
0.0192522282379 0.999166732026 3.141306322e-05 0.999163874958 2.0
0.0196023646156 0.999132317157 3.141306322e-05 0.999172009736 2.0
0.0199525009932 0.999156655342 3.141306322e-05 0.999180491449 2.0
0.0203026373709 0.999182253271 3.141306322e-05 0.999189309084 2.0
0.0206527737486 0.99915183156 3.141306322e-05 0.99919845299 2.0
0.0210029101263 0.999195317541 3.141306322e-05 0.999207914456 2.0
0.021353046504 0.99920191887 3.141306322e-05 0.999217685416 2.0
0.0217031828817 0.999195960474 3.141306322e-05 0.999227758247 2.0
0.0220533192593 0.999252147395 3.141306322e-05 0.999238125618 2.0
0.022403455637 0.999288839745 3.141306322e-05 0.999248780377 2.0
0.0227535920147 0.999311056572 3.141306322e-05 0.999259715463 2.0
0.0231037283924 0.999292653491 3.141306322e-05 0.999270923838 2.0
0.0234538647701 0.999255249865 3.141306322e-05 0.999282398434 2.0
0.0238040011478 0.999290277378 3.141306322e-05 0.999294132101 2.0
0.0241541375255 0.999313093172 3.141306322e-05 0.999306117579 2.0
0.0245042739031 0.999365620428 3.141306322e-05 0.999318347458 2.0
0.0248544102808 0.999362059788 3.141306322e-05 0.999330814155 2.0
0.0252045466585 0.999305133615 3.141306322e-05 0.999343509891 2.0
0.0255546830362 0.999346240507 3.141306322e-05 0.999356426671 2.0
0.0259048194139 0.999369350898 3.141306322e-05 0.999369556263 2.0
0.0262549557916 0.999352581991 3.141306322e-05 0.999382890189 2.0
0.0266050921693 0.999366882499 3.141306322e-05 0.999396419704 2.0
0.0269552285469 0.999424145536 3.141306322e-05 0.999410135786 2.0
0.0273053649246 0.999429015975 3.141306322e-05 0.999424029128 2.0
0.0276555013023 0.999460000778 3.141306322e-05 0.999438090121 2.0
0.02800563768 0.999451976862 3.141306322e-05 0.999452308848 2.0
0.0283557740577 0.999468618606 3.141306322e-05 0.999466675075 2.0
0.0287059104354 0.999462081551 3.141306322e-05 0.999481178239 2.0
0.029056046813 0.999489792372 3.141306322e-05 0.999495807444 2.0
0.0294061831907 0.999495665429 3.141306322e-05 0.999510551448 2.0
0.0297563195684 0.999461224897 3.141306322e-05 0.999525398657 2.0
0.0301064559461 0.999577918574 3.141306322e-05 0.999540337115 2.0
0.0304565923238 0.999554173358 3.141306322e-05 0.999555354497 2.0
0.0308067287015 0.999579546667 3.141306322e-05 0.9995704381 2.0
0.0311568650792 0.999620456135 3.141306322e-05 0.99958557483 2.0
0.0315070014568 0.999653124948 3.141306322e-05 0.999600751197 2.0
0.0318571378345 0.999598839798 3.141306322e-05 0.999615953297 2.0
0.0322072742122 0.999641267843 3.141306322e-05 0.999631166808 2.0
0.0325574105899 0.999655799957 3.141306322e-05 0.999646376967 2.0
0.0329075469676 0.999704270291 3.141306322e-05 0.999661568565 2.0
0.0332576833453 0.999679399486 3.141306322e-05 0.999676725919 2.0
0.0336078197229 0.999710648066 3.141306322e-05 0.999691832863 2.0
0.0339579561006 0.99972603333 3.141306322e-05 0.999706872718 2.0
0.0343080924783 0.999793576952 3.141306322e-05 0.999721828273 2.0
0.034658228856 0.999711168266 3.141306322e-05 0.999736681751 2.0
0.0350083652337 0.9997552353 3.141306322e-05 0.999751414778 2.0
0.0353585016114 0.999717549148 3.141306322e-05 0.999766008345 2.0
0.0357086379891 0.999776843676 3.141306322e-05 0.999780442761 2.0
0.0360587743667 0.999743746561 3.141306322e-05 0.999794697602 2.0
0.0364089107444 0.999803077953 3.141306322e-05 0.999808751644 2.0
0.0367590471221 0.999858482913 3.141306322e-05 0.999822582794 2.0
0.0371091834998 0.999846158229 3.141306322e-05 0.999836167997 2.0
0.0374593198775 0.99983564811 3.141306322e-05 0.999849483129 2.0
0.0378094562552 0.999826238685 3.141306322e-05 0.999862502867 2.0
0.0381595926329 0.999919801862 3.141306322e-05 0.99987520053 2.0
0.0385097290105 0.999856029425 3.141306322e-05 0.999887547873 2.0
0.0388598653882 0.999862419973 3.141306322e-05 0.999899514842 2.0
0.0392100017659 0.999947896341 3.141306322e-05 0.999911069245 2.0
0.0395601381436 0.999939532513 3.141306322e-05 0.999922176333 2.0
0.0399102745213 0.999904734122 3.141306322e-05 0.999932798238 2.0
0.040260410899 0.999880496172 3.141306322e-05 0.999942893198 2.0
0.0406105472766 0.999920499528 3.141306322e-05 0.999952414479 2.0
0.0409606836543 0.999972072332 3.141306322e-05 0.999961308769 2.0
0.041310820032 0.999990872219 3.141306322e-05 0.999969513717 2.0
0.0416609564097 0.999938640559 3.141306322e-05 0.999976953876 2.0
0.0420110927874 0.999989978511 3.141306322e-05 0.999983533393 2.0
0.0423612291651 0.999988817689 3.141306322e-05 0.999989121023 2.0
0.0427113655428 0.999968873775 3.141306322e-05 0.999993511845 2.0
0.0430615019204 0.999972849282 3.141306322e-05 0.999996266272 2.0
0.0434116382981 0.999926888225 3.141306322e-05 0.999996515507 0.0
0.0437617746758 1.00001148281 3.141306322e-05 0.999996515507 0.0
0.0441119110535 0.999974024051 3.141306322e-05 0.999996515507 0.0
0.0444620474312 1.00000752668 3.141306322e-05 0.999996515507 0.0
0.0448121838089 0.999996075364 3.141306322e-05 0.999996515507 0.0
0.0451623201865 0.999984054936 3.141306322e-05 0.999996515507 0.0
0.0455124565642 0.999978494797 3.141306322e-05 0.999996515507 0.0
0.0458625929419 0.999995607429 3.141306322e-05 0.999996515507 0.0
0.0462127293196 1.00000530967 3.141306322e-05 0.999996515507 0.0
0.0465628656973 1.0000115384 3.141306322e-05 0.999996515507 0.0
0.046913002075 1.00004895621 3.141306322e-05 0.999996515507 0.0
0.0472631384527 0.999976381616 3.141306322e-05 0.999996515507 0.0
0.0476132748303 1.0000319613 3.141306322e-05 0.999996515507 0.0
0.047963411208 0.999949271769 3.141306322e-05 0.999996515507 0.0
0.0483135475857 0.999998266459 3.141306322e-05 0.999996515507 0.0
0.0486636839634 1.000007973 3.141306322e-05 0.999996515507 0.0
0.0490138203411 1.00003975361 3.141306322e-05 0.999996515507 0.0
0.0493639567188 1.00001653242 3.141306322e-05 0.999996515507 0.0
0.0497140930965 1.00002724459 3.141306322e-05 0.999996515507 0.0
0.0500642294741 0.999975648878 3.141306322e-05 0.999996515507 0.0
0.0504143658518 1.00000407284 3.141306322e-05 0.999996515507 0.0
0.0507645022295 0.999991449942 3.141306322e-05 0.999996515507 0.0
0.0511146386072 0.999994446494 3.141306322e-05 0.999996515507 0.0
0.0514647749849 1.00006026255 3.141306322e-05 0.999996515507 0.0
0.0518149113626 1.00001345919 3.141306322e-05 0.999996515507 0.0
0.0521650477402 0.999974782256 3.141306322e-05 0.999996515507 0.0
0.0525151841179 0.999976824612 3.141306322e-05 0.999996515507 0.0
