-0.0887733791363 1.00008777305 0.000115985597737 1.00001203444 0.0
-0.0881794933778 1.00012983254 0.000115985597737 1.00001203444 0.0
-0.0875856076194 1.00005286656 0.000115985597737 1.00001203444 0.0
-0.0869917218609 0.999907435352 0.000115985597737 1.00001203444 0.0
-0.0863978361025 0.999957412585 0.000115985597737 1.00001203444 0.0
-0.085803950344 1.00020445183 0.000115985597737 1.00001203444 0.0
-0.0852100645856 1.00019023681 0.000115985597737 1.00001203444 0.0
-0.0846161788271 1.00001448737 0.000115985597737 1.00001203444 0.0
-0.0840222930687 1.00015719767 0.000115985597737 1.00001203444 0.0
-0.0834284073102 0.999918545593 0.000115985597737 1.00001203444 0.0
-0.0828345215517 0.999872346675 0.000115985597737 1.00001203444 0.0
-0.0822406357933 0.999999836653 0.000115985597737 1.00001203444 0.0
-0.0816467500348 1.00009960422 0.000115985597737 1.00001203444 0.0
-0.0810528642764 0.999951646123 0.000115985597737 1.00001203444 0.0
-0.0804589785179 0.99998063406 0.000115985597737 1.00001203444 0.0
-0.0798650927595 0.999972657026 0.000115985597737 1.00001203444 0.0
-0.079271207001 1.00020330961 0.000115985597737 1.00001203444 0.0
-0.0786773212426 1.00015107139 0.000115985597737 1.00001203444 0.0
-0.0780834354841 1.00023736156 0.000115985597737 1.00001203444 0.0
-0.0774895497256 1.00019744707 0.000115985597737 1.00001203444 0.0
-0.0768956639672 0.99993175535 0.000115985597737 1.00001203444 0.0
-0.0763017782087 0.999812518117 0.000115985597737 1.00001203444 0.0
-0.0757078924503 1.000098292 0.000115985597737 1.00001203444 0.0
-0.0751140066918 0.999949221559 0.000115985597737 1.00001203444 0.0
-0.0745201209334 1.00018276898 0.000115985597737 1.00001203444 0.0
-0.0739262351749 1.00005012923 0.000115985597737 1.00000330773 1.0
-0.0733323494165 1.00001165311 0.000115985597737 0.999957680256 1.0
-0.072738463658 0.999903312205 0.000115985597737 0.999889498505 1.0
-0.0721445778996 0.999741929584 0.000115985597737 0.999804458128 1.0
-0.0715506921411 0.999739807485 0.000115985597737 0.999705799261 1.0
-0.0709568063826 0.999602841157 0.000115985597737 0.999595887172 1.0
-0.0703629206242 0.999645586737 0.000115985597737 0.999476660341 1.0
-0.0697690348657 0.999343070319 0.000115985597737 0.999349822678 1.0
-0.0691751491073 0.999005273214 0.000115985597737 0.9992169462 1.0
-0.0685812633488 0.99899996605 0.000115985597737 0.999079535594 1.0
-0.0679873775904 0.998817665464 0.000115985597737 0.99893907544 1.0
-0.0673934918319 0.998887217948 0.000115985597737 0.998797070761 1.0
-0.0667996060735 0.998666106174 0.000115985597737 0.998655088404 1.0
-0.066205720315 0.99830589732 0.000115985597737 0.998514807245 1.0
-0.0656118345565 0.998604691429 0.000115985597737 0.998378089655 1.0
-0.0650179487981 0.998229697778 0.000115985597737 0.99824709912 1.0
-0.0644240630396 0.998333353664 0.000115985597737 0.998124525034 1.0
-0.0638301772812 0.997928353546 0.000115985597737 0.998014105402 1.0
-0.0632362915227 0.998025116596 0.000115985597737 0.997922398944 1.0
-0.0626424057643 0.997866113493 0.000115985597737 0.997867096658 3.0
-0.0620485200058 0.997708556231 0.000115985597737 0.997825578322 3.0
-0.0614546342474 0.997786158487 0.000115985597737 0.997787635206 3.0
-0.0608607484889 0.99777679722 0.000115985597737 0.997752393612 3.0
-0.0602668627304 0.99783602018 0.000115985597737 0.997719351702 3.0
-0.059672976972 0.997559051164 0.000115985597737 0.997688173508 3.0
-0.0590790912135 0.997784277074 0.000115985597737 0.997658613623 3.0
-0.0584852054551 0.997436824889 0.000115985597737 0.997630482915 3.0
-0.0578913196966 0.997527156657 0.000115985597737 0.997603630375 3.0
-0.0572974339382 0.997633146886 0.000115985597737 0.997577932386 3.0
-0.0567035481797 0.997545336506 0.000115985597737 0.997553285826 3.0
-0.0561096624213 0.997696632258 0.000115985597737 0.997529603381 3.0
-0.0555157766628 0.997603892847 0.000115985597737 0.997506810202 3.0
-0.0549218909044 0.997569462127 0.000115985597737 0.997484841458 3.0
-0.0543280051459 0.997356758761 0.000115985597737 0.997463640486 3.0
-0.0537341193874 0.997444431863 0.000115985597737 0.997443157368 3.0
-0.053140233629 0.997234347351 0.000115985597737 0.997423347823 3.0
-0.0525463478705 0.997392649758 0.000115985597737 0.997404172325 3.0
-0.0519524621121 0.997354946086 0.000115985597737 0.997385595396 3.0
-0.0513585763536 0.997473181561 0.000115985597737 0.997367585029 3.0
-0.0507646905952 0.997363182674 0.000115985597737 0.997350112219 3.0
-0.0501708048367 0.997262403578 0.000115985597737 0.997333150573 3.0
-0.0495769190783 0.997233317933 0.000115985597737 0.99731667598 3.0
-0.0489830333198 0.997375478727 0.000115985597737 0.997300666344 3.0
-0.0483891475613 0.997258080852 0.000115985597737 0.997285101344 3.0
-0.0477952618029 0.997313189485 0.000115985597737 0.997269962243 3.0
-0.0472013760444 0.996904733455 0.000115985597737 0.997255231714 3.0
-0.046607490286 0.997280778838 0.000115985597737 0.997240893694 3.0
-0.0460136045275 0.997204726714 0.000115985597737 0.99722693326 3.0
-0.0454197187691 0.997251030511 0.000115985597737 0.997213336515 3.0
-0.0448258330106 0.997261225151 0.000115985597737 0.997200090493 3.0
-0.0442319472522 0.99711312798 0.000115985597737 0.997187183072 3.0
-0.0436380614937 0.99732320449 0.000115985597737 0.997174602903 3.0
-0.0430441757352 0.997005569333 0.000115985597737 0.997162339337 3.0
-0.0424502899768 0.997344103218 0.000115985597737 0.997150382373 3.0
-0.0418564042183 0.997186648856 0.000115985597737 0.997138722601 3.0
-0.0412625184599 0.997009193149 0.000115985597737 0.997127351154 3.0
-0.0406686327014 0.997379278958 0.000115985597737 0.997116259669 3.0
-0.040074746943 0.997161847099 0.000115985597737 0.997105440247 3.0
-0.0394808611845 0.997207359818 0.000115985597737 0.99709488542 3.0
-0.0388869754261 0.997414620162 0.000115985597737 0.997084588116 3.0
-0.0382930896676 0.997171472627 0.000115985597737 0.997074541637 3.0
-0.0376992039092 0.997096589969 0.000115985597737 0.997064739629 3.0
-0.0371053181507 0.997118003591 0.000115985597737 0.997055176059 3.0
-0.0365114323922 0.996890811615 0.000115985597737 0.997045845195 3.0
-0.0359175466338 0.997029840709 0.000115985597737 0.997036741588 3.0
-0.0353236608753 0.996902150354 0.000115985597737 0.997027860051 3.0
-0.0347297751169 0.996963523144 0.000115985597737 0.997019195644 3.0
-0.0341358893584 0.996962874955 0.000115985597737 0.997010743661 3.0
-0.0335420036 0.996989751546 0.000115985597737 0.997002499613 3.0
-0.0329481178415 0.997039252908 0.000115985597737 0.996994459217 3.0
-0.0323542320831 0.996918153464 0.000115985597737 0.996986618384 3.0
-0.0317603463246 0.997043725192 0.000115985597737 0.99697897321 3.0
-0.0311664605661 0.996815643687 0.000115985597737 0.996971519963 3.0
-0.0305725748077 0.99710842247 0.000115985597737 0.996964255074 3.0
-0.0299786890492 0.996784018221 0.000115985597737 0.996957175132 3.0
-0.0293848032908 0.99676056936 0.000115985597737 0.99695027687 3.0
-0.0287909175323 0.99694550321 0.000115985597737 0.996943557165 3.0
-0.0281970317739 0.996939293414 0.000115985597737 0.996937013025 3.0
-0.0276031460154 0.996851258475 0.000115985597737 0.996930641583 3.0
-0.027009260257 0.996747478099 0.000115985597737 0.996924440095 3.0
-0.0264153744985 0.996887760013 0.000115985597737 0.996918405933 3.0
-0.02582148874 0.996934754752 0.000115985597737 0.996912536575 3.0
-0.0252276029816 0.996969154544 0.000115985597737 0.996906829608 3.0
-0.0246337172231 0.996900902432 0.000115985597737 0.996901282717 3.0
-0.0240398314647 0.99694893207 0.000115985597737 0.996895893682 3.0
-0.0234459457062 0.996882879316 0.000115985597737 0.996890660378 3.0
-0.0228520599478 0.996868689578 0.000115985597737 0.996885580767 3.0
-0.0222581741893 0.996942347581 0.000115985597737 0.996880652894 3.0
-0.0216642884309 0.996814555136 0.000115985597737 0.996875874888 3.0
-0.0210704026724 0.997143277624 0.000115985597737 0.996871244955 3.0
-0.020476516914 0.996684458544 0.000115985597737 0.996866761376 3.0
-0.0198826311555 0.996967130688 0.000115985597737 0.996862422506 3.0
-0.019288745397 0.996820417237 0.000115985597737 0.996858226768 3.0
-0.0186948596386 0.996898395665 0.000115985597737 0.996854172655 3.0
-0.0181009738801 0.996707405856 0.000115985597737 0.996850258723 3.0
-0.0175070881217 0.996780856794 0.000115985597737 0.996846483592 3.0
-0.0169132023632 0.996966234316 0.000115985597737 0.996842845945 3.0
-0.0163193166048 0.996903489851 0.000115985597737 0.996839344521 3.0
-0.0157254308463 0.996998674031 0.000115985597737 0.996835978118 3.0
-0.0151315450879 0.996482992206 0.000115985597737 0.99683274559 3.0
-0.0145376593294 0.996834331354 0.000115985597737 0.996829645845 3.0
-0.0139437735709 0.99665352544 0.000115985597737 0.996826677845 3.0
-0.0133498878125 0.996891150122 0.000115985597737 0.9968238406 3.0
-0.012756002054 0.996696544316 0.000115985597737 0.996821133172 3.0
-0.0121621162956 0.996749478838 0.000115985597737 0.996818554673 3.0
-0.0115682305371 0.99681195005 0.000115985597737 0.99681610426 3.0
-0.0109743447787 0.996913625126 0.000115985597737 0.996813781139 3.0
-0.0103804590202 0.996780380624 0.000115985597737 0.99681158456 3.0
-0.00978657326176 0.996833148799 0.000115985597737 0.996809513818 3.0
-0.0091926875033 0.997045020178 0.000115985597737 0.99680756825 3.0
-0.00859880174485 0.996797909682 0.000115985597737 0.99680574724 3.0
-0.00800491598639 0.996750256118 0.000115985597737 0.996804050211 3.0
-0.00741103022794 0.996808486984 0.000115985597737 0.996802476627 3.0
-0.00681714446948 0.996934302275 0.000115985597737 0.996801025995 3.0
-0.00622325871103 0.996965437109 0.000115985597737 0.996799697861 3.0
-0.00562937295257 0.996819159821 0.000115985597737 0.996798491811 3.0
-0.00503548719412 0.996475233331 0.000115985597737 0.996797407469 3.0
-0.00444160143566 0.996908978947 0.000115985597737 0.9967964445 3.0
-0.00384771567721 0.996790881983 0.000115985597737 0.996795602605 3.0
-0.00325382991875 0.996690570497 0.000115985597737 0.996794881525 3.0
-0.0026599441603 0.996736356634 0.000115985597737 0.996794281037 3.0
-0.00206605840184 0.996842815154 0.000115985597737 0.996793800956 3.0
-0.00147217264339 0.99684300321 0.000115985597737 0.996793441136 3.0
-0.000878286884932 0.996800278401 0.000115985597737 0.996793201465 3.0
-0.000284401126477 0.996540922264 0.000115985597737 0.99679308187 3.0
0.000309484631979 0.996795415344 0.000115985597737 0.996793082315 3.0
0.000903370390434 0.996788359786 0.000115985597737 0.996793202799 3.0
0.00149725614889 0.996959496513 0.000115985597737 0.996793443359 3.0
0.00209114190734 0.996862459572 0.000115985597737 0.99679380407 3.0
0.0026850276658 0.996790505585 0.000115985597737 0.996794285042 3.0
0.00327891342425 0.996716947477 0.000115985597737 0.996794886422 3.0
0.00387279918271 0.996969507678 0.000115985597737 0.996795608397 3.0
0.00446668494116 0.996866994741 0.000115985597737 0.996796451187 3.0
0.00506057069962 0.996847831559 0.000115985597737 0.996797415054 3.0
0.00565445645808 0.996676150272 0.000115985597737 0.996798500296 3.0
0.00624834221653 0.996804504994 0.000115985597737 0.99679970725 3.0
0.00684222797499 0.996884975527 0.000115985597737 0.99680103629 3.0
0.00743611373344 0.996841738155 0.000115985597737 0.99680248783 3.0
0.0080299994919 0.996734558039 0.000115985597737 0.996804062327 3.0
0.00862388525035 0.996598980937 0.000115985597737 0.996805760272 3.0
0.00921777100881 0.996862217115 0.000115985597737 0.996807582203 3.0
0.00981165676726 0.996672413725 0.000115985597737 0.996809528695 3.0
0.0104055425257 0.996761772612 0.000115985597737 0.996811600367 3.0
0.0109994282842 0.996877493507 0.000115985597737 0.996813797881 3.0
0.0115933140426 0.996767094024 0.000115985597737 0.996816121942 3.0
0.0121871998011 0.996949139092 0.000115985597737 0.9968185733 3.0
0.0127810855595 0.996925504259 0.000115985597737 0.996821152751 3.0
0.013374971318 0.996762230637 0.000115985597737 0.996823861137 3.0
0.0139688570764 0.997039833091 0.000115985597737 0.996826699347 3.0
0.0145627428349 0.996780883578 0.000115985597737 0.99682966832 3.0
0.0151566285934 0.996658881036 0.000115985597737 0.996832769044 3.0
0.0157505143518 0.996824353616 0.000115985597737 0.996836002559 3.0
0.0163444001103 0.996913128344 0.000115985597737 0.996839369958 3.0
0.0169382858687 0.996653799191 0.000115985597737 0.996842872387 3.0
0.0175321716272 0.99676500897 0.000115985597737 0.996846511048 3.0
0.0181260573856 0.996867518887 0.000115985597737 0.996850287202 3.0
0.0187199431441 0.996884847168 0.000115985597737 0.996854202167 3.0
0.0193138289025 0.996855145714 0.000115985597737 0.996858257324 3.0
0.019907714661 0.996868100419 0.000115985597737 0.996862454116 3.0
0.0205016004195 0.996950916324 0.000115985597737 0.996866794053 3.0
0.0210954861779 0.996928699588 0.000115985597737 0.996871278709 3.0
0.0216893719364 0.996760494972 0.000115985597737 0.996875909733 3.0
0.0222832576948 0.996935695952 0.000115985597737 0.996880688842 3.0
0.0228771434533 0.996887465218 0.000115985597737 0.996885617832 3.0
0.0234710292117 0.996888710186 0.000115985597737 0.996890698574 3.0
0.0240649149702 0.996957991881 0.000115985597737 0.996895933024 3.0
0.0246588007286 0.996793258881 0.000115985597737 0.99690132322 3.0
0.0252526864871 0.996852633 0.000115985597737 0.996906871289 3.0
0.0258465722456 0.996717814648 0.000115985597737 0.996912579451 3.0
0.026440458004 0.997116174121 0.000115985597737 0.99691845002 3.0
0.0270343437625 0.996770683466 0.000115985597737 0.996924485412 3.0
0.0276282295209 0.996686493337 0.000115985597737 0.996930688149 3.0
0.0282221152794 0.99709994888 0.000115985597737 0.996937060859 3.0
0.0288160010378 0.996877972266 0.000115985597737 0.99694360629 3.0
0.0294098867963 0.997190666771 0.000115985597737 0.996950327306 3.0
0.0300037725547 0.997031657508 0.000115985597737 0.996957226902 3.0
0.0305976583132 0.997059978501 0.000115985597737 0.996964308202 3.0
0.0311915440716 0.997150114632 0.000115985597737 0.996971574473 3.0
0.0317854298301 0.997075046916 0.000115985597737 0.996979029129 3.0
0.0323793155886 0.997023151582 0.000115985597737 0.996986675738 3.0
0.032973201347 0.996923534148 0.000115985597737 0.996994518034 3.0
0.0335670871055 0.997019564874 0.000115985597737 0.997002559923 3.0
0.0341609728639 0.996927512939 0.000115985597737 0.997010805496 3.0
0.0347548586224 0.996984213702 0.000115985597737 0.997019259036 3.0
0.0353487443808 0.997036154327 0.000115985597737 0.997027925033 3.0
0.0359426301393 0.997219929843 0.000115985597737 0.997036808197 3.0
0.0365365158977 0.99737630072 0.000115985597737 0.997045913468 3.0
0.0371304016562 0.997062904982 0.000115985597737 0.997055246035 3.0
0.0377242874147 0.99705016236 0.000115985597737 0.99706481135 3.0
0.0383181731731 0.997028273891 0.000115985597737 0.997074615146 3.0
0.0389120589316 0.996972662528 0.000115985597737 0.99708466346 3.0
0.03950594469 0.997261613348 0.000115985597737 0.997094962645 3.0
0.0400998304485 0.997121122137 0.000115985597737 0.997105519406 3.0
0.0406937162069 0.996802841992 0.000115985597737 0.997116340815 3.0
0.0412876019654 0.997228880145 0.000115985597737 0.997127434344 3.0
0.0418814877238 0.997288414984 0.000115985597737 0.997138807895 3.0
0.0424753734823 0.99724314759 0.000115985597737 0.997150469836 3.0
0.0430692592408 0.997316237843 0.000115985597737 0.997162429036 3.0
0.0436631449992 0.9972774865 0.000115985597737 0.997174694909 3.0
0.0442570307577 0.997128929032 0.000115985597737 0.997187277462 3.0
0.0448509165161 0.997021862867 0.000115985597737 0.997200187348 3.0
0.0454448022746 0.997323205228 0.000115985597737 0.997213435923 3.0
0.046038688033 0.997134716795 0.000115985597737 0.997227035313 3.0
0.0466325737915 0.997230482236 0.000115985597737 0.997240998491 3.0
0.0472264595499 0.997236638149 0.000115985597737 0.997255339362 3.0
0.0478203453084 0.997287962373 0.000115985597737 0.997270072857 3.0
0.0484142310668 0.99725182083 0.000115985597737 0.997285215048 3.0
0.0490081168253 0.997183836676 0.000115985597737 0.99730078327 3.0
0.0496020025838 0.997184350619 0.000115985597737 0.997316796274 3.0
0.0501958883422 0.99722729036 0.000115985597737 0.99733327439 3.0
0.0507897741007 0.997369552622 0.000115985597737 0.997350239732 3.0
0.0513836598591 0.997319799314 0.000115985597737 0.997367716423 3.0
0.0519775456176 0.997358170593 0.000115985597737 0.997385730877 3.0
0.052571431376 0.997402769163 0.000115985597737 0.997404312118 3.0
0.0531653171345 0.997472528018 0.000115985597737 0.997423492177 3.0
0.0537592028929 0.997391017477 0.000115985597737 0.997443306561 3.0
0.0543530886514 0.997386817964 0.000115985597737 0.997463794827 3.0
0.0549469744099 0.997421562075 0.000115985597737 0.997485001295 3.0
0.0555408601683 0.997374897162 0.000115985597737 0.997506975928 3.0
0.0561347459268 0.997512486972 0.000115985597737 0.997529775444 3.0
0.0567286316852 0.997397076324 0.000115985597737 0.997553464742 3.0
0.0573225174437 0.997494696485 0.000115985597737 0.997578118752 3.0
0.0579164032021 0.997763460034 0.000115985597737 0.997603824892 3.0
0.0585102889606 0.997566763472 0.000115985597737 0.997630686416 3.0
0.059104174719 0.99777336023 0.000115985597737 0.997658827116 3.0
0.0596980604775 0.997958122014 0.000115985597737 0.997688398237 3.0
0.060291946236 0.997673587679 0.000115985597737 0.997719589249 3.0
0.0608858319944 0.997771706052 0.000115985597737 0.997752646073 3.0
0.0614797177529 0.997922589143 0.000115985597737 0.997787905553 3.0
0.0620736035113 0.997805096565 0.000115985597737 0.997825871251 3.0
0.0626674892698 0.997821203115 0.000115985597737 0.99786742123 3.0
0.0632613750282 0.997893497876 0.000115985597737 0.997922978555 2.0
0.0638552607867 0.998085927998 0.000115985597737 0.998014865824 2.0
0.0644491465451 0.998143289046 0.000115985597737 0.998125393875 2.0
0.0650430323036 0.998318636227 0.000115985597737 0.998248042215 2.0
0.065636918062 0.998295064628 0.000115985597737 0.998379084201 2.0
0.0662308038205 0.998220187464 0.000115985597737 0.998515835669 2.0
0.066824689579 0.998700053416 0.000115985597737 0.998656135992 2.0
0.0674185753374 0.998789107142 0.000115985597737 0.998798124512 2.0
0.0680124610959 0.999007067817 0.000115985597737 0.998940123406 2.0
0.0686063468543 0.999014920185 0.000115985597737 0.999080566455 2.0
0.0692002326128 0.999323781936 0.000115985597737 0.999217948932 2.0
0.0697941183712 0.999461205596 0.000115985597737 0.999350786263 2.0
0.0703880041297 0.999475042836 0.000115985597737 0.999477573448 2.0
0.0709818898881 0.999802312078 0.000115985597737 0.999596737761 2.0
0.0715757756466 0.999506488704 0.000115985597737 0.999706573998 2.0
0.0721696614051 0.999782653224 0.000115985597737 0.999805141391 2.0
0.0727635471635 0.999834027592 0.000115985597737 0.999890070352 2.0
0.073357432922 1.00001284554 0.000115985597737 0.999958111076 2.0
0.0739513186804 1.00003724797 0.000115985597737 1.00000353327 2.0
0.0745452044389 0.999870972423 0.000115985597737 1.00001203444 0.0
0.0751390901973 0.999795176934 0.000115985597737 1.00001203444 0.0
0.0757329759558 0.999945128569 0.000115985597737 1.00001203444 0.0
0.0763268617142 0.999909649396 0.000115985597737 1.00001203444 0.0
0.0769207474727 0.999972348175 0.000115985597737 1.00001203444 0.0
0.0775146332312 1.00005061076 0.000115985597737 1.00001203444 0.0
0.0781085189896 0.999788827325 0.000115985597737 1.00001203444 0.0
0.0787024047481 0.999886903443 0.000115985597737 1.00001203444 0.0
0.0792962905065 1.00007298098 0.000115985597737 1.00001203444 0.0
0.079890176265 1.00016401817 0.000115985597737 1.00001203444 0.0
0.0804840620234 0.999839890648 0.000115985597737 1.00001203444 0.0
0.0810779477819 1.00004942147 0.000115985597737 1.00001203444 0.0
0.0816718335403 1.00007374009 0.000115985597737 1.00001203444 0.0
0.0822657192988 1.00023108992 0.000115985597737 1.00001203444 0.0
0.0828596050572 0.999963973667 0.000115985597737 1.00001203444 0.0
0.0834534908157 1.00002308093 0.000115985597737 1.00001203444 0.0
0.0840473765742 0.999904281772 0.000115985597737 1.00001203444 0.0
0.0846412623326 0.999896480999 0.000115985597737 1.00001203444 0.0
0.0852351480911 1.00006548869 0.000115985597737 1.00001203444 0.0
0.0858290338495 0.999876463155 0.000115985597737 1.00001203444 0.0
0.086422919608 1.00012673531 0.000115985597737 1.00001203444 0.0
0.0870168053664 1.00007404619 0.000115985597737 1.00001203444 0.0
0.0876106911249 0.999849258467 0.000115985597737 1.00001203444 0.0
0.0882045768833 0.999912754867 0.000115985597737 1.00001203444 0.0
0.0887984626418 0.999900050473 0.000115985597737 1.00001203444 0.0
