-0.274880230465 0.99959282634 0.000248457091362 1.00004429304 0.0
-0.273047164419 1.00034941113 0.000248457091362 1.00004429304 0.0
-0.271214098372 0.999830378532 0.000248457091362 1.00004429304 0.0
-0.269381032325 1.00043253967 0.000248457091362 1.00004429304 0.0
-0.267547966278 0.999686407124 0.000248457091362 1.00004429304 0.0
-0.265714900231 1.00025373399 0.000248457091362 1.00004429304 0.0
-0.263881834185 1.00027666509 0.000248457091362 1.00004429304 0.0
-0.262048768138 1.00041049315 0.000248457091362 1.00004429304 0.0
-0.260215702091 0.999809180867 0.000248457091362 1.00004429304 0.0
-0.258382636044 1.00062800834 0.000248457091362 1.00004429304 0.0
-0.256549569997 0.999764645767 0.000248457091362 1.00004429304 0.0
-0.254716503951 1.00035659905 0.000248457091362 1.00004429304 0.0
-0.252883437904 1.00057001056 0.000248457091362 1.00004429304 0.0
-0.251050371857 1.00045773866 0.000248457091362 1.00004429304 0.0
-0.24921730581 1.00016354951 0.000248457091362 1.00004429304 0.0
-0.247384239763 1.00026192113 0.000248457091362 1.00004429304 0.0
-0.245551173717 1.00027461813 0.000248457091362 1.00004429304 0.0
-0.24371810767 0.999619825802 0.000248457091362 1.00004429304 0.0
-0.241885041623 1.00031934834 0.000248457091362 1.00004429304 0.0
-0.240051975576 1.00019074297 0.000248457091362 1.00004429304 0.0
-0.238218909529 1.00013175487 0.000248457091362 1.00004429304 0.0
-0.236385843483 0.999724731989 0.000248457091362 1.00004429304 0.0
-0.234552777436 1.0002133642 0.000248457091362 1.00004429304 0.0
-0.232719711389 0.999393134181 0.000248457091362 1.00004429304 0.0
-0.230886645342 0.999799240851 0.000248457091362 1.00004429304 0.0
-0.229053579295 0.999936547199 0.000248457091362 1.00004429304 1.0
-0.227220513249 1.00013286132 0.000248457091362 1.00002989572 1.0
-0.225387447202 0.999818951476 0.000248457091362 0.999991086565 1.0
-0.223554381155 0.99973724705 0.000248457091362 0.999931734135 1.0
-0.221721315108 1.0000612383 0.000248457091362 0.999854203766 1.0
-0.219888249061 0.999993490277 0.000248457091362 0.999760505612 1.0
-0.218055183015 0.999481021607 0.000248457091362 0.999652506441 1.0
-0.216222116968 0.999599360291 0.000248457091362 0.999532022047 1.0
-0.214389050921 0.999525754618 0.000248457091362 0.999400873298 1.0
-0.212555984874 0.999060960986 0.000248457091362 0.999260928677 1.0
-0.210722918827 0.999337959452 0.000248457091362 0.999114143518 1.0
-0.208889852781 0.998792291687 0.000248457091362 0.998962604148 1.0
-0.207056786734 0.999124656552 0.000248457091362 0.998808589167 1.0
-0.205223720687 0.998243856937 0.000248457091362 0.998654673027 1.0
-0.20339065464 0.998364461397 0.000248457091362 0.998503934579 1.0
-0.201557588593 0.998484154323 0.000248457091362 0.998360461355 1.0
-0.199724522547 0.998372830252 0.000248457091362 0.998231061319 3.0
-0.1978914565 0.998333748817 0.000248457091362 0.998129188197 3.0
-0.196058390453 0.997810831504 0.000248457091362 0.998042926753 3.0
-0.194225324406 0.998791151442 0.000248457091362 0.99796611189 3.0
-0.192392258359 0.997624994444 0.000248457091362 0.997896451117 3.0
-0.190559192313 0.997899718734 0.000248457091362 0.997832583867 3.0
-0.188726126266 0.997575024805 0.000248457091362 0.997773581377 3.0
-0.186893060219 0.997857799105 0.000248457091362 0.997718758861 3.0
-0.185059994172 0.997619182388 0.000248457091362 0.99766758714 3.0
-0.183226928125 0.997314883489 0.000248457091362 0.997619644137 3.0
-0.181393862079 0.997556264213 0.000248457091362 0.997574585298 3.0
-0.179560796032 0.99712772544 0.000248457091362 0.997532124198 3.0
-0.177727729985 0.997109030572 0.000248457091362 0.997492019181 3.0
-0.175894663938 0.997269778985 0.000248457091362 0.997454063797 3.0
-0.174061597891 0.997069807182 0.000248457091362 0.997418079785 3.0
-0.172228531845 0.997526518704 0.000248457091362 0.99738391178 3.0
-0.170395465798 0.997093103529 0.000248457091362 0.997351423272 3.0
-0.168562399751 0.997210129301 0.000248457091362 0.997320493445 3.0
-0.166729333704 0.997557112324 0.000248457091362 0.997291014692 3.0
-0.164896267657 0.997663266678 0.000248457091362 0.997262890615 3.0
-0.163063201611 0.996991306152 0.000248457091362 0.997236034415 3.0
-0.161230135564 0.997370685594 0.000248457091362 0.99721036757 3.0
-0.159397069517 0.996658588843 0.000248457091362 0.997185818745 3.0
-0.15756400347 0.997241370751 0.000248457091362 0.997162322885 3.0
-0.155730937423 0.997026108409 0.000248457091362 0.997139820451 3.0
-0.153897871377 0.997250368345 0.000248457091362 0.997118256779 3.0
-0.15206480533 0.997182951898 0.000248457091362 0.997097581526 3.0
-0.150231739283 0.997069048347 0.000248457091362 0.997077748206 3.0
-0.148398673236 0.997202634235 0.000248457091362 0.99705871378 3.0
-0.146565607189 0.997224927849 0.000248457091362 0.997040438309 3.0
-0.144732541143 0.996986740919 0.000248457091362 0.997022884647 3.0
-0.142899475096 0.996764394601 0.000248457091362 0.997006018174 3.0
-0.141066409049 0.997374262484 0.000248457091362 0.996989806564 3.0
-0.139233343002 0.996826419523 0.000248457091362 0.996974219575 3.0
-0.137400276955 0.997216544789 0.000248457091362 0.996959228869 3.0
-0.135567210909 0.997277171699 0.000248457091362 0.99694480785 3.0
-0.133734144862 0.996872530317 0.000248457091362 0.996930931518 3.0
-0.131901078815 0.996739592971 0.000248457091362 0.996917576339 3.0
-0.130068012768 0.996583661092 0.000248457091362 0.996904720132 3.0
-0.128234946721 0.996999640083 0.000248457091362 0.996892341963 3.0
-0.126401880675 0.997083469264 0.000248457091362 0.996880422053 3.0
-0.124568814628 0.996732672713 0.000248457091362 0.996868941691 3.0
-0.122735748581 0.996554793167 0.000248457091362 0.99685788316 3.0
-0.120902682534 0.996982931995 0.000248457091362 0.996847229664 3.0
-0.119069616487 0.996657694881 0.000248457091362 0.996836965268 3.0
-0.117236550441 0.996882942967 0.000248457091362 0.996827074839 3.0
-0.115403484394 0.997010076971 0.000248457091362 0.996817543996 3.0
-0.113570418347 0.996811476963 0.000248457091362 0.996808359054 3.0
-0.1117373523 0.996958447977 0.000248457091362 0.996799506991 3.0
-0.109904286253 0.996469185387 0.000248457091362 0.996790975398 3.0
-0.108071220207 0.996998917073 0.000248457091362 0.996782752448 3.0
-0.10623815416 0.996990127185 0.000248457091362 0.996774826859 3.0
-0.104405088113 0.996749547206 0.000248457091362 0.996767187861 3.0
-0.102572022066 0.996793601027 0.000248457091362 0.996759825171 3.0
-0.100738956019 0.997133628079 0.000248457091362 0.996752728963 3.0
-0.0989058899727 0.997505594643 0.000248457091362 0.996745889843 3.0
-0.0970728239259 0.997286739982 0.000248457091362 0.996739298827 3.0
-0.0952397578791 0.997225337569 0.000248457091362 0.99673294732 3.0
-0.0934066918323 0.996195478533 0.000248457091362 0.996726827095 3.0
-0.0915736257855 0.996907973303 0.000248457091362 0.996720930273 3.0
-0.0897405597387 0.996885844392 0.000248457091362 0.996715249309 3.0
-0.0879074936919 0.996480802309 0.000248457091362 0.996709776973 3.0
-0.0860744276451 0.996751435359 0.000248457091362 0.996704506338 3.0
-0.0842413615983 0.996904790976 0.000248457091362 0.996699430762 3.0
-0.0824082955515 0.996523607088 0.000248457091362 0.996694543878 3.0
-0.0805752295047 0.997057109729 0.000248457091362 0.996689839582 3.0
-0.0787421634579 0.996747598967 0.000248457091362 0.996685312019 3.0
-0.0769090974111 0.996994073018 0.000248457091362 0.996680955573 3.0
-0.0750760313643 0.996711516911 0.000248457091362 0.996676764859 3.0
-0.0732429653175 0.996241709685 0.000248457091362 0.99667273471 3.0
-0.0714098992707 0.996365407987 0.000248457091362 0.996668860173 3.0
-0.0695768332239 0.996977318712 0.000248457091362 0.996665136496 3.0
-0.0677437671771 0.996805234412 0.000248457091362 0.996661559122 3.0
-0.0659107011303 0.996595165968 0.000248457091362 0.996658123681 3.0
-0.0640776350835 0.996119770805 0.000248457091362 0.996654825985 3.0
-0.0622445690367 0.996341704836 0.000248457091362 0.996651662021 3.0
-0.0604115029899 0.996727065205 0.000248457091362 0.996648627942 3.0
-0.0585784369431 0.996188417222 0.000248457091362 0.996645720064 3.0
-0.0567453708963 0.996498107387 0.000248457091362 0.996642934861 3.0
-0.0549123048495 0.997140082095 0.000248457091362 0.996640268957 3.0
-0.0530792388027 0.996616307293 0.000248457091362 0.996637719124 3.0
-0.0512461727559 0.997091141906 0.000248457091362 0.996635282277 3.0
-0.0494131067091 0.996923189202 0.000248457091362 0.996632955468 3.0
-0.0475800406623 0.99642072577 0.000248457091362 0.996630735884 3.0
-0.0457469746155 0.996319235785 0.000248457091362 0.996628620842 3.0
-0.0439139085687 0.996179827298 0.000248457091362 0.996626607786 3.0
-0.0420808425219 0.995814078864 0.000248457091362 0.996624694283 3.0
-0.0402477764751 0.996405350711 0.000248457091362 0.996622878022 3.0
-0.0384147104283 0.996987556803 0.000248457091362 0.996621156807 3.0
-0.0365816443815 0.997064962895 0.000248457091362 0.996619528558 3.0
-0.0347485783347 0.99623137283 0.000248457091362 0.996617991308 3.0
-0.0329155122879 0.996926512654 0.000248457091362 0.996616543198 3.0
-0.0310824462411 0.996601072907 0.000248457091362 0.996615182477 3.0
-0.0292493801943 0.996093229102 0.000248457091362 0.9966139075 3.0
-0.0274163141475 0.996259109247 0.000248457091362 0.996612716723 3.0
-0.0255832481007 0.996938961554 0.000248457091362 0.996611608705 3.0
-0.0237501820539 0.996639363157 0.000248457091362 0.996610582106 3.0
-0.0219171160071 0.996741918188 0.000248457091362 0.996609635682 3.0
-0.0200840499603 0.996931473416 0.000248457091362 0.996608768287 3.0
-0.0182509839135 0.996572751116 0.000248457091362 0.996607978869 3.0
-0.0164179178667 0.996475139594 0.000248457091362 0.996607266472 3.0
-0.0145848518199 0.996448564434 0.000248457091362 0.996606630233 3.0
-0.0127517857731 0.996409904747 0.000248457091362 0.996606069379 3.0
-0.0109187197263 0.996513199986 0.000248457091362 0.99660558323 3.0
-0.00908565367945 0.996910121569 0.000248457091362 0.996605171196 3.0
-0.00725258763265 0.99635355456 0.000248457091362 0.996604832778 3.0
-0.00541952158585 0.996841988179 0.000248457091362 0.996604567564 3.0
-0.00358645553905 0.996304806477 0.000248457091362 0.996604375232 3.0
-0.00175338949225 0.99615209595 0.000248457091362 0.99660425555 3.0
7.96765545471e-05 0.996988615094 0.000248457091362 0.996604208371 3.0
0.00191274260135 0.99656198108 0.000248457091362 0.996604233639 3.0
0.00374580864815 0.996166582882 0.000248457091362 0.996604331384 3.0
0.00557887469495 0.99668313416 0.000248457091362 0.996604501725 3.0
0.00741194074175 0.99643048834 0.000248457091362 0.996604744868 3.0
0.00924500678855 0.997113665157 0.000248457091362 0.996605061109 3.0
0.0110780728353 0.996684335387 0.000248457091362 0.996605450832 3.0
0.0129111388821 0.996468216791 0.000248457091362 0.99660591451 3.0
0.0147442049289 0.996272064372 0.000248457091362 0.996606452704 3.0
0.0165772709757 0.996773227373 0.000248457091362 0.996607066069 3.0
0.0184103370225 0.996564143319 0.000248457091362 0.996607755348 3.0
0.0202434030693 0.996483442945 0.000248457091362 0.996608521377 3.0
0.0220764691161 0.997388013084 0.000248457091362 0.996609365084 3.0
0.0239095351629 0.996538316328 0.000248457091362 0.996610287492 3.0
0.0257426012098 0.996377882775 0.000248457091362 0.996611289719 3.0
0.0275756672566 0.996254779357 0.000248457091362 0.996612372977 3.0
0.0294087333034 0.996775174595 0.000248457091362 0.996613538579 3.0
0.0312417993502 0.997427240781 0.000248457091362 0.996614787936 3.0
0.033074865397 0.996523730256 0.000248457091362 0.996616122558 3.0
0.0349079314438 0.996831761828 0.000248457091362 0.99661754406 3.0
0.0367409974906 0.996472695761 0.000248457091362 0.996619054162 3.0
0.0385740635374 0.996866820299 0.000248457091362 0.996620654689 3.0
0.0404071295842 0.996651544849 0.000248457091362 0.996622347575 3.0
0.042240195631 0.996489467575 0.000248457091362 0.996624134867 3.0
0.0440732616778 0.996882549287 0.000248457091362 0.996626018724 3.0
0.0459063277246 0.996549414736 0.000248457091362 0.996628001423 3.0
0.0477393937714 0.996463817256 0.000248457091362 0.99663008536 3.0
0.0495724598182 0.997085301823 0.000248457091362 0.996632273052 3.0
0.051405525865 0.996697736206 0.000248457091362 0.996634567144 3.0
0.0532385919118 0.996346735638 0.000248457091362 0.996636970409 3.0
0.0550716579586 0.996737441567 0.000248457091362 0.996639485755 3.0
0.0569047240054 0.996277360792 0.000248457091362 0.996642116223 3.0
0.0587377900522 0.996448398242 0.000248457091362 0.996644865 3.0
0.060570856099 0.996617556973 0.000248457091362 0.996647735414 3.0
0.0624039221458 0.996670148246 0.000248457091362 0.996650730947 3.0
0.0642369881926 0.996886919082 0.000248457091362 0.996653855234 3.0
0.0660700542394 0.996808276732 0.000248457091362 0.996657112072 3.0
0.0679031202862 0.996275912012 0.000248457091362 0.996660505423 3.0
0.069736186333 0.996745122286 0.000248457091362 0.996664039422 3.0
0.0715692523798 0.996505731744 0.000248457091362 0.996667718384 3.0
0.0734023184266 0.996666293634 0.000248457091362 0.996671546807 3.0
0.0752353844734 0.996752404818 0.000248457091362 0.996675529383 3.0
0.0770684505202 0.996533374877 0.000248457091362 0.996679671005 3.0
0.078901516567 0.996748780391 0.000248457091362 0.996683976773 3.0
0.0807345826138 0.996313102567 0.000248457091362 0.996688452007 3.0
0.0825676486606 0.997064764554 0.000248457091362 0.99669310225 3.0
0.0844007147074 0.996911471872 0.000248457091362 0.996697933285 3.0
0.0862337807542 0.996640066652 0.000248457091362 0.996702951138 3.0
0.088066846801 0.996952448411 0.000248457091362 0.996708162097 3.0
0.0898999128478 0.996716542905 0.000248457091362 0.996713572719 3.0
0.0917329788946 0.996882013844 0.000248457091362 0.996719189842 3.0
0.0935660449414 0.996914223009 0.000248457091362 0.996725020605 3.0
0.0953991109882 0.997106404581 0.000248457091362 0.996731072455 3.0
0.097232177035 0.996497214847 0.000248457091362 0.996737353168 3.0
0.0990652430818 0.996704236263 0.000248457091362 0.996743870863 3.0
0.100898309129 0.997038143967 0.000248457091362 0.996750634024 3.0
0.102731375175 0.996644329632 0.000248457091362 0.996757651513 3.0
0.104564441222 0.996744953357 0.000248457091362 0.9967649326 3.0
0.106397507269 0.996789289574 0.000248457091362 0.996772486975 3.0
0.108230573316 0.99654401743 0.000248457091362 0.996780324782 3.0
0.110063639363 0.996417647766 0.000248457091362 0.996788456641 3.0
0.111896705409 0.996608768773 0.000248457091362 0.996796893674 3.0
0.113729771456 0.996684316425 0.000248457091362 0.996805647541 3.0
0.115562837503 0.996534518866 0.000248457091362 0.996814730471 3.0
0.11739590355 0.996508749061 0.000248457091362 0.996824155297 3.0
0.119228969597 0.996715214136 0.000248457091362 0.996833935498 3.0
0.121062035643 0.996987196118 0.000248457091362 0.99684408524 3.0
0.12289510169 0.99693317578 0.000248457091362 0.996854619424 3.0
0.124728167737 0.996476553278 0.000248457091362 0.996865553736 3.0
0.126561233784 0.997159543247 0.000248457091362 0.996876904706 3.0
0.128394299831 0.996602542036 0.000248457091362 0.996888689764 3.0
0.130227365877 0.996889609193 0.000248457091362 0.996900927313 3.0
0.132060431924 0.997037282489 0.000248457091362 0.996913636802 3.0
0.133893497971 0.997055457767 0.000248457091362 0.996926838804 3.0
0.135726564018 0.996757951551 0.000248457091362 0.996940555115 3.0
0.137559630065 0.996534846428 0.000248457091362 0.996954808846 3.0
0.139392696111 0.997133319087 0.000248457091362 0.996969624541 3.0
0.141225762158 0.996975380533 0.000248457091362 0.9969850283 3.0
0.143058828205 0.997354376943 0.000248457091362 0.997001047917 3.0
0.144891894252 0.997003493247 0.000248457091362 0.99701771304 3.0
0.146724960299 0.996625473302 0.000248457091362 0.997035055345 3.0
0.148558026345 0.997194963829 0.000248457091362 0.997053108733 3.0
0.150391092392 0.997531651757 0.000248457091362 0.997071909562 3.0
0.152224158439 0.996905419716 0.000248457091362 0.997091496894 3.0
0.154057224486 0.996857066913 0.000248457091362 0.997111912797 3.0
0.155890290533 0.997506434723 0.000248457091362 0.997133202675 3.0
0.157723356579 0.99752160195 0.000248457091362 0.997155415656 3.0
0.159556422626 0.997180066405 0.000248457091362 0.997178605046 3.0
0.161389488673 0.997282016251 0.000248457091362 0.997202828845 3.0
0.16322255472 0.997278530145 0.000248457091362 0.997228150365 3.0
0.165055620767 0.997230094002 0.000248457091362 0.997254638954 3.0
0.166888686813 0.997120501821 0.000248457091362 0.997282370855 3.0
0.16872175286 0.997155827958 0.000248457091362 0.997311430237 3.0
0.170554818907 0.996648390301 0.000248457091362 0.997341910437 3.0
0.172387884954 0.997523106312 0.000248457091362 0.997373915484 3.0
0.174220951001 0.997674730614 0.000248457091362 0.997407561961 3.0
0.176054017047 0.997396580166 0.000248457091362 0.997442981334 3.0
0.177887083094 0.997387173793 0.000248457091362 0.997480322884 3.0
0.179720149141 0.997311651808 0.000248457091362 0.997519757456 3.0
0.181553215188 0.997921423401 0.000248457091362 0.997561482327 3.0
0.183386281235 0.997560879197 0.000248457091362 0.997605727633 3.0
0.185219347281 0.998150100476 0.000248457091362 0.997652765056 3.0
0.187052413328 0.997820332983 0.000248457091362 0.99770291986 3.0
0.188885479375 0.997794171546 0.000248457091362 0.997756588136 3.0
0.190718545422 0.997632776166 0.000248457091362 0.997814262674 3.0
0.192551611469 0.998109161087 0.000248457091362 0.997876574337 3.0
0.194384677515 0.998109014459 0.000248457091362 0.997944364769 3.0
0.196217743562 0.998260882473 0.000248457091362 0.99801883299 3.0
0.198050809609 0.997750352328 0.000248457091362 0.998101896326 3.0
0.199883875656 0.997977901355 0.000248457091362 0.998197434316 2.0
0.201716941703 0.998369188035 0.000248457091362 0.998319384215 2.0
0.203550007749 0.998505833973 0.000248457091362 0.998459549352 2.0
0.205383073796 0.998606243449 0.000248457091362 0.998608592076 2.0
0.207216139843 0.998835331816 0.000248457091362 0.998761903991 2.0
0.20904920589 0.998916966946 0.000248457091362 0.998916178219 2.0
0.210882271937 0.998830305659 0.000248457091362 0.999068717554 2.0
0.212715337983 0.998931561918 0.000248457091362 0.999217167891 2.0
0.21454840403 0.999655794726 0.000248457091362 0.999359392479 2.0
0.216381470077 0.999625087567 0.000248457091362 0.99949340151 2.0
0.218214536124 0.999761945011 0.000248457091362 0.999617304427 2.0
0.220047602171 0.999826600149 0.000248457091362 0.999729270141 2.0
0.221880668217 0.99977070375 0.000248457091362 0.999827486357 2.0
0.223713734264 0.999736965623 0.000248457091362 0.999910109091 2.0
0.225546800311 0.99954689866 0.000248457091362 0.999975185408 2.0
0.227379866358 1.000201695 0.000248457091362 1.00002049616 2.0
0.229212932405 1.00022892475 0.000248457091362 1.00004300206 2.0
0.231045998451 1.00006800736 0.000248457091362 1.00004429304 0.0
0.232879064498 0.999713594558 0.000248457091362 1.00004429304 0.0
0.234712130545 1.00004969456 0.000248457091362 1.00004429304 0.0
0.236545196592 0.999623387822 0.000248457091362 1.00004429304 0.0
0.238378262639 0.999763438579 0.000248457091362 1.00004429304 0.0
0.240211328685 0.99976025064 0.000248457091362 1.00004429304 0.0
0.242044394732 0.999974766317 0.000248457091362 1.00004429304 0.0
0.243877460779 0.999655616383 0.000248457091362 1.00004429304 0.0
0.245710526826 0.999999942868 0.000248457091362 1.00004429304 0.0
0.247543592873 1.00068998872 0.000248457091362 1.00004429304 0.0
0.249376658919 0.999891717873 0.000248457091362 1.00004429304 0.0
0.251209724966 0.999743704277 0.000248457091362 1.00004429304 0.0
0.253042791013 1.00007624237 0.000248457091362 1.00004429304 0.0
0.25487585706 0.999821978271 0.000248457091362 1.00004429304 0.0
0.256708923107 0.999876648358 0.000248457091362 1.00004429304 0.0
0.258541989153 0.999856194871 0.000248457091362 1.00004429304 0.0
0.2603750552 0.999956602991 0.000248457091362 1.00004429304 0.0
0.262208121247 1.00021146003 0.000248457091362 1.00004429304 0.0
0.264041187294 1.00015985109 0.000248457091362 1.00004429304 0.0
0.265874253341 1.00042608411 0.000248457091362 1.00004429304 0.0
0.267707319387 1.00026501387 0.000248457091362 1.00004429304 0.0
0.269540385434 1.00007078725 0.000248457091362 1.00004429304 0.0
0.271373451481 1.00008173425 0.000248457091362 1.00004429304 0.0
0.273206517528 1.00000593825 0.000248457091362 1.00004429304 0.0
