-0.0550362811206 0.999615411209 0.000194442629731 0.999974973594 0.0
-0.0546691386451 1.00012700762 0.000194442629731 0.999974973594 0.0
-0.0543019961696 0.999905521243 0.000194442629731 0.999974973594 0.0
-0.0539348536942 1.00046166796 0.000194442629731 0.999974973594 0.0
-0.0535677112187 1.00028386833 0.000194442629731 0.999974973594 0.0
-0.0532005687432 1.00003922439 0.000194442629731 0.999974973594 0.0
-0.0528334262677 0.999911926444 0.000194442629731 0.999974973594 0.0
-0.0524662837922 1.00037148293 0.000194442629731 0.999974973594 0.0
-0.0520991413168 0.999552717948 0.000194442629731 0.999974973594 0.0
-0.0517319988413 0.999740011383 0.000194442629731 0.999974973594 0.0
-0.0513648563658 1.00001014549 0.000194442629731 0.999974973594 0.0
-0.0509977138903 1.00002003921 0.000194442629731 0.999974973594 0.0
-0.0506305714149 0.99994768599 0.000194442629731 0.999974973594 0.0
-0.0502634289394 1.00009356216 0.000194442629731 0.999974973594 0.0
-0.0498962864639 0.999890939093 0.000194442629731 0.999974973594 0.0
-0.0495291439884 1.00006609217 0.000194442629731 0.999974973594 0.0
-0.0491620015129 0.999696922565 0.000194442629731 0.999974973594 0.0
-0.0487948590375 1.00039115692 0.000194442629731 0.999974973594 0.0
-0.048427716562 1.00004766455 0.000194442629731 0.999974973594 0.0
-0.0480605740865 0.99997216603 0.000194442629731 0.999974973594 0.0
-0.047693431611 0.999796471893 0.000194442629731 0.999974973594 0.0
-0.0473262891355 0.999822576167 0.000194442629731 0.999974973594 0.0
-0.0469591466601 0.999731336413 0.000194442629731 0.999974973594 0.0
-0.0465920041846 1.00006020481 0.000194442629731 0.999974973594 0.0
-0.0462248617091 0.99985485405 0.000194442629731 0.999974973594 0.0
-0.0458577192336 0.999896778383 0.000194442629731 0.999974973594 0.0
-0.0454905767581 1.0001828578 0.000194442629731 0.99995398761 1.0
-0.0451234342827 0.999984311546 0.000194442629731 0.999886514618 1.0
-0.0447562918072 0.999860114044 0.000194442629731 0.999793751798 1.0
-0.0443891493317 0.999406796708 0.000194442629731 0.999681926913 1.0
-0.0440220068562 0.999664000114 0.000194442629731 0.999554375215 1.0
-0.0436548643807 0.99902579764 0.000194442629731 0.99941330466 1.0
-0.0432877219053 0.999618199653 0.000194442629731 0.999260337907 1.0
-0.0429205794298 0.998999406216 0.000194442629731 0.999096746219 1.0
-0.0425534369543 0.99925006882 0.000194442629731 0.99892356989 1.0
-0.0421862944788 0.998475828505 0.000194442629731 0.998741687612 1.0
-0.0418191520034 0.998791097113 0.000194442629731 0.998551859689 1.0
-0.0414520095279 0.998156597779 0.000194442629731 0.998354756566 1.0
-0.0410848670524 0.998484106011 0.000194442629731 0.998150978551 1.0
-0.0407177245769 0.997811571297 0.000194442629731 0.997941069931 1.0
-0.0403505821014 0.997772323405 0.000194442629731 0.997725529388 1.0
-0.039983439626 0.997538795715 0.000194442629731 0.997504817864 1.0
-0.0396162971505 0.997634479007 0.000194442629731 0.997279364635 1.0
-0.039249154675 0.9969938872 0.000194442629731 0.997049572077 1.0
-0.0388820121995 0.99706772168 0.000194442629731 0.996815819465 1.0
-0.038514869724 0.996327065489 0.000194442629731 0.996578466037 1.0
-0.0381477272486 0.996285102052 0.000194442629731 0.996337853505 1.0
-0.0377805847731 0.996179109971 0.000194442629731 0.996094308116 1.0
-0.0374134422976 0.995739371651 0.000194442629731 0.995848142378 1.0
-0.0370462998221 0.995524839115 0.000194442629731 0.995599656497 1.0
-0.0366791573466 0.995403375035 0.000194442629731 0.9953491396 1.0
-0.0363120148712 0.995239372009 0.000194442629731 0.995096870769 1.0
-0.0359448723957 0.994819284243 0.000194442629731 0.994843119924 1.0
-0.0355777299202 0.994596109359 0.000194442629731 0.994588148584 1.0
-0.0352105874447 0.994466757937 0.000194442629731 0.994332210519 1.0
-0.0348434449692 0.993957144297 0.000194442629731 0.994075552317 1.0
-0.0344763024938 0.993723338414 0.000194442629731 0.993818413872 1.0
-0.0341091600183 0.993546243941 0.000194442629731 0.993561028812 1.0
-0.0337420175428 0.993592387539 0.000194442629731 0.993303624873 1.0
-0.0333748750673 0.993074298649 0.000194442629731 0.993046424219 1.0
-0.0330077325919 0.992784163807 0.000194442629731 0.99278964373 1.0
-0.0326405901164 0.992593539467 0.000194442629731 0.992533495248 1.0
-0.0322734476409 0.992306830843 0.000194442629731 0.992278185796 1.0
-0.0319063051654 0.992180407627 0.000194442629731 0.992023917772 1.0
-0.0315391626899 0.992007133021 0.000194442629731 0.991770889113 1.0
-0.0311720202145 0.991384386599 0.000194442629731 0.991519293449 1.0
-0.030804877739 0.99138105803 0.000194442629731 0.991269320228 1.0
-0.0304377352635 0.99085091135 0.000194442629731 0.991021154839 1.0
-0.030070592788 0.990879431492 0.000194442629731 0.990774978709 1.0
-0.0297034503125 0.990111450363 0.000194442629731 0.9905309694 1.0
-0.0293363078371 0.990304126167 0.000194442629731 0.990289300693 1.0
-0.0289691653616 0.990089006174 0.000194442629731 0.99005014266 1.0
-0.0286020228861 0.989656794989 0.000194442629731 0.989813661741 1.0
-0.0282348804106 0.989550009529 0.000194442629731 0.98958002081 1.0
-0.0278677379351 0.988934052085 0.000194442629731 0.98934937924 1.0
-0.0275005954597 0.989116139151 0.000194442629731 0.989121892966 1.0
-0.0271334529842 0.989102471846 0.000194442629731 0.98889771456 1.0
-0.0267663105087 0.988505954518 0.000194442629731 0.988676993294 1.0
-0.0263991680332 0.988579102651 0.000194442629731 0.988459875223 1.0
-0.0260320255577 0.988423004608 0.000194442629731 0.988246503269 1.0
-0.0256648830823 0.987876717109 0.000194442629731 0.988037017317 1.0
-0.0252977406068 0.98763666866 0.000194442629731 0.987831554333 1.0
-0.0249305981313 0.987876530662 0.000194442629731 0.98763024849 1.0
-0.0245634556558 0.987435063462 0.000194442629731 0.987433231328 1.0
-0.0241963131804 0.987117226534 0.000194442629731 0.98724063194 1.0
-0.0238291707049 0.987155901527 0.000194442629731 0.987052577197 1.0
-0.0234620282294 0.986579070691 0.000194442629731 0.986869192017 1.0
-0.0230948857539 0.986656748803 0.000194442629731 0.9866905997 1.0
-0.0227277432784 0.986266894809 0.000194442629731 0.986516922332 1.0
-0.022360600803 0.986390230193 0.000194442629731 0.986348281284 1.0
-0.0219934583275 0.986169780958 0.000194442629731 0.986184797842 1.0
-0.021626315852 0.985963026745 0.000194442629731 0.986026593984 1.0
-0.0212591733765 0.986216179068 0.000194442629731 0.985873793374 1.0
-0.020892030901 0.985728229333 0.000194442629731 0.985726522637 1.0
-0.0205248884256 0.985460574261 0.000194442629731 0.985584913008 1.0
-0.0201577459501 0.985434466906 0.000194442629731 0.985449102523 1.0
-0.0197906034746 0.985257180229 0.000194442629731 0.985319238952 1.0
-0.0194234609991 0.985209461967 0.000194442629731 0.985195483859 1.0
-0.0190563185236 0.985365794542 0.000194442629731 0.985078018332 1.0
-0.0186891760482 0.985032397586 0.000194442629731 0.984967051396 1.0
-0.0183220335727 0.984455001558 0.000194442629731 0.984862832876 1.0
-0.0179548910972 0.984640080312 0.000194442629731 0.984765674192 1.0
-0.0175877486217 0.984954265937 0.000194442629731 0.984675984594 1.0
-0.0172206061462 0.984314714954 0.000194442629731 0.984594341253 1.0
-0.0168534636708 0.98452301402 0.000194442629731 0.984521648833 1.0
-0.0164863211953 0.984241685712 0.000194442629731 0.984459629483 1.0
-0.0161191787198 0.984886687009 0.000194442629731 0.984414663873 3.0
-0.0157520362443 0.983988137146 0.000194442629731 0.98438149131 3.0
-0.0153848937689 0.984415159905 0.000194442629731 0.984349080274 3.0
-0.0150177512934 0.984217591439 0.000194442629731 0.984317430834 3.0
-0.0146506088179 0.984179903758 0.000194442629731 0.98428654306 3.0
-0.0142834663424 0.984045379221 0.000194442629731 0.98425641702 3.0
-0.0139163238669 0.984190647504 0.000194442629731 0.984227052779 3.0
-0.0135491813915 0.984082487892 0.000194442629731 0.984198450401 3.0
-0.013182038916 0.984242799165 0.000194442629731 0.984170609949 3.0
-0.0128148964405 0.984391657396 0.000194442629731 0.984143531484 3.0
-0.012447753965 0.984013286679 0.000194442629731 0.984117215064 3.0
-0.0120806114895 0.984182518335 0.000194442629731 0.984091660749 3.0
-0.0117134690141 0.983979650868 0.000194442629731 0.984066868592 3.0
-0.0113463265386 0.983732220517 0.000194442629731 0.984042838649 3.0
-0.0109791840631 0.983951601141 0.000194442629731 0.984019570972 3.0
-0.0106120415876 0.984136841299 0.000194442629731 0.983997065612 3.0
-0.0102448991121 0.983990634831 0.000194442629731 0.983975322618 3.0
-0.00987775663667 0.983914506915 0.000194442629731 0.983954342037 3.0
-0.00951061416119 0.98397548822 0.000194442629731 0.983934123916 3.0
-0.00914347168571 0.983578198143 0.000194442629731 0.983914668298 3.0
-0.00877632921023 0.984069966696 0.000194442629731 0.983895975227 3.0
-0.00840918673475 0.984008238975 0.000194442629731 0.983878044742 3.0
-0.00804204425927 0.983751734482 0.000194442629731 0.983860876884 3.0
-0.00767490178379 0.983914637793 0.000194442629731 0.983844471689 3.0
-0.00730775930831 0.983762357636 0.000194442629731 0.983828829194 3.0
-0.00694061683283 0.98395223255 0.000194442629731 0.983813949432 3.0
-0.00657347435735 0.983898207068 0.000194442629731 0.983799832437 3.0
-0.00620633188187 0.983630489218 0.000194442629731 0.983786478239 3.0
-0.00583918940639 0.984296166527 0.000194442629731 0.983773886867 3.0
-0.00547204693092 0.9839532355 0.000194442629731 0.983762058349 3.0
-0.00510490445544 0.983776328961 0.000194442629731 0.98375099271 3.0
-0.00473776197996 0.983554343905 0.000194442629731 0.983740689976 3.0
-0.00437061950448 0.98393970548 0.000194442629731 0.983731150167 3.0
-0.004003477029 0.98367743863 0.000194442629731 0.983722373306 3.0
-0.00363633455352 0.983778214787 0.000194442629731 0.983714359411 3.0
-0.00326919207804 0.983854481765 0.000194442629731 0.9837071085 3.0
-0.00290204960256 0.983215124222 0.000194442629731 0.983700620589 3.0
-0.00253490712708 0.983530179516 0.000194442629731 0.983694895692 3.0
-0.0021677646516 0.984041279819 0.000194442629731 0.983689933821 3.0
-0.00180062217612 0.983491855461 0.000194442629731 0.983685734987 3.0
-0.00143347970065 0.983528912616 0.000194442629731 0.9836822992 3.0
-0.00106633722517 0.983645202782 0.000194442629731 0.983679626467 3.0
-0.000699194749687 0.983944934303 0.000194442629731 0.983677716794 3.0
-0.000332052274208 0.983662409057 0.000194442629731 0.983676570184 3.0
3.50902012715e-05 0.983608029386 0.000194442629731 0.983676186641 3.0
0.000402232676751 0.983561549802 0.000194442629731 0.983676566166 3.0
0.00076937515223 0.983333504455 0.000194442629731 0.983677708756 3.0
0.00113651762771 0.983785479569 0.000194442629731 0.983679614411 3.0
0.00150366010319 0.983429842586 0.000194442629731 0.983682283126 3.0
0.00187080257867 0.983526858344 0.000194442629731 0.983685714894 3.0
0.00223794505415 0.983806469208 0.000194442629731 0.98368990971 3.0
0.00260508752963 0.983843348752 0.000194442629731 0.983694867562 3.0
0.0029722300051 0.983823543117 0.000194442629731 0.983700588441 3.0
0.00333937248058 0.983764723631 0.000194442629731 0.983707072334 3.0
0.00370651495606 0.983553087468 0.000194442629731 0.983714319226 3.0
0.00407365743154 0.983753310818 0.000194442629731 0.983722329103 3.0
0.00444079990702 0.983667803107 0.000194442629731 0.983731101946 3.0
0.0048079423825 0.983688113802 0.000194442629731 0.983740637736 3.0
0.00517508485798 0.983779314944 0.000194442629731 0.983750936453 3.0
0.00554222733346 0.983294900997 0.000194442629731 0.983761998074 3.0
0.00590936980894 0.983715925337 0.000194442629731 0.983773822575 3.0
0.00627651228442 0.983762552064 0.000194442629731 0.983786409929 3.0
0.0066436547599 0.983951104534 0.000194442629731 0.98379976011 3.0
0.00701079723538 0.983915649356 0.000194442629731 0.983813873088 3.0
0.00737793971085 0.983676871693 0.000194442629731 0.983828748833 3.0
0.00774508218633 0.984157106753 0.000194442629731 0.983844387311 3.0
0.00811222466181 0.983870972605 0.000194442629731 0.983860788489 3.0
0.00847936713729 0.983895523514 0.000194442629731 0.983877952331 3.0
0.00884650961277 0.983825861235 0.000194442629731 0.9838958788 3.0
0.00921365208825 0.984169268025 0.000194442629731 0.983914567855 3.0
0.00958079456373 0.983969090084 0.000194442629731 0.983934019457 3.0
0.00994793703921 0.983927208196 0.000194442629731 0.983954233563 3.0
0.0103150795147 0.984274979783 0.000194442629731 0.983975210128 3.0
0.0106822219902 0.983881430222 0.000194442629731 0.983996949107 3.0
0.0110493644656 0.98403715799 0.000194442629731 0.984019450452 3.0
0.0114165069411 0.983864201986 0.000194442629731 0.984042714115 3.0
0.0117836494166 0.98426547859 0.000194442629731 0.984066740044 3.0
0.0121507918921 0.984461611023 0.000194442629731 0.984091528186 3.0
0.0125179343676 0.984120769072 0.000194442629731 0.984117078488 3.0
0.012885076843 0.98425660035 0.000194442629731 0.984143390894 3.0
0.0132522193185 0.984224071883 0.000194442629731 0.984170465346 3.0
0.013619361794 0.984256504569 0.000194442629731 0.984198301785 3.0
0.0139865042695 0.984314710954 0.000194442629731 0.984226900151 3.0
0.014353646745 0.983844587745 0.000194442629731 0.98425626038 3.0
0.0147207892204 0.984353081696 0.000194442629731 0.984286382408 3.0
0.0150879316959 0.984096563499 0.000194442629731 0.984317266171 3.0
0.0154550741714 0.984251495567 0.000194442629731 0.984348911599 3.0
0.0158222166469 0.984400769564 0.000194442629731 0.984381318625 3.0
0.0161893591224 0.984623964932 0.000194442629731 0.984414487177 3.0
0.0165565015978 0.984276569181 0.000194442629731 0.984459336895 2.0
0.0169236440733 0.984599319731 0.000194442629731 0.984521292108 2.0
0.0172907865488 0.984969394896 0.000194442629731 0.984593933966 2.0
0.0176579290243 0.984578573285 0.000194442629731 0.98467553294 2.0
0.0180250714997 0.984956572246 0.000194442629731 0.984765181868 2.0
0.0183922139752 0.984927791909 0.000194442629731 0.984862302396 2.0
0.0187593564507 0.985135194986 0.000194442629731 0.984966484619 2.0
0.0191264989262 0.984829029318 0.000194442629731 0.985077416711 2.0
0.0194936414017 0.984997834157 0.000194442629731 0.985194848591 2.0
0.0198607838771 0.985949126994 0.000194442629731 0.985318571055 2.0
0.0202279263526 0.98541426458 0.000194442629731 0.985448402893 2.0
0.0205950688281 0.986010033478 0.000194442629731 0.985584182457 2.0
0.0209622113036 0.98571394199 0.000194442629731 0.985725761913 2.0
0.0213293537791 0.985686391499 0.000194442629731 0.985873003186 2.0
0.0216964962545 0.986120411832 0.000194442629731 0.986025775008 2.0
0.02206363873 0.985872622982 0.000194442629731 0.986183950736 2.0
0.0224307812055 0.986359590589 0.000194442629731 0.986347406694 2.0
0.022797923681 0.986808336409 0.000194442629731 0.986516020897 2.0
0.0231650661565 0.986541690948 0.000194442629731 0.98668967206 2.0
0.0235322086319 0.986936188753 0.000194442629731 0.986868238811 2.0
0.0238993511074 0.986980542022 0.000194442629731 0.987051599071 2.0
0.0242664935829 0.987381513466 0.000194442629731 0.987239629548 2.0
0.0246336360584 0.987468496787 0.000194442629731 0.987432205332 2.0
0.0250007785339 0.987969495029 0.000194442629731 0.987629199565 2.0
0.0253679210093 0.987839687584 0.000194442629731 0.987830483164 2.0
0.0257350634848 0.988059117255 0.000194442629731 0.988035924604 2.0
0.0261022059603 0.987833695963 0.000194442629731 0.988245389726 2.0
0.0264693484358 0.988642688113 0.000194442629731 0.988458741578 2.0
0.0268364909112 0.988612675808 0.000194442629731 0.988675840292 2.0
0.0272036333867 0.988892380891 0.000194442629731 0.988896542962 2.0
0.0275707758622 0.989276126379 0.000194442629731 0.989120703549 2.0
0.0279379183377 0.989185786442 0.000194442629731 0.989348172799 2.0
0.0283050608132 0.989170852764 0.000194442629731 0.989578798158 2.0
0.0286722032886 0.989968218483 0.000194442629731 0.989812423707 2.0
0.0290393457641 0.989918115771 0.000194442629731 0.990048890092 2.0
0.0294064882396 0.990286597234 0.000194442629731 0.990288034459 2.0
0.0297736307151 0.990445927202 0.000194442629731 0.990529690387 2.0
0.0301407731906 0.990406478992 0.000194442629731 0.990773687821 2.0
0.030507915666 0.991236772559 0.000194442629731 0.991019853002 2.0
0.0308750581415 0.99122540198 0.000194442629731 0.991268008386 2.0
0.031242200617 0.99182030643 0.000194442629731 0.991517972568 2.0
0.0316093430925 0.991821856066 0.000194442629731 0.991769560181 2.0
0.031976485568 0.992143658707 0.000194442629731 0.992022581796 2.0
0.0323436280434 0.992456802031 0.000194442629731 0.992276843808 2.0
0.0327107705189 0.992469979009 0.000194442629731 0.992532148301 2.0
0.0330779129944 0.992706706979 0.000194442629731 0.992788292903 2.0
0.0334450554699 0.992920170274 0.000194442629731 0.993045070614 2.0
0.0338121979454 0.993493499767 0.000194442629731 0.993302269619 2.0
0.0341793404208 0.993556014934 0.000194442629731 0.993559673064 2.0
0.0345464828963 0.993944903815 0.000194442629731 0.993817058815 2.0
0.0349136253718 0.994090416245 0.000194442629731 0.994074199165 2.0
0.0352807678473 0.994449046976 0.000194442629731 0.99433086052 2.0
0.0356479103227 0.994443488493 0.000194442629731 0.994586803017 2.0
0.0360150527982 0.99514494172 0.000194442629731 0.994841780106 2.0
0.0363821952737 0.994901113091 0.000194442629731 0.995095538057 2.0
0.0367493377492 0.99524627445 0.000194442629731 0.995347815392 2.0
0.0371164802247 0.995631763605 0.000194442629731 0.995598342238 2.0
0.0374836227001 0.995972483755 0.000194442629731 0.995846839563 2.0
0.0378507651756 0.996057998345 0.000194442629731 0.996093018297 2.0
0.0382179076511 0.996168676029 0.000194442629731 0.996336578292 2.0
0.0385850501266 0.996540689448 0.000194442629731 0.996577207112 2.0
0.0389521926021 0.99689081958 0.000194442629731 0.996814578584 2.0
0.0393193350775 0.99683676594 0.000194442629731 0.997048351084 2.0
0.039686477553 0.997159150028 0.000194442629731 0.997278165472 2.0
0.0400536200285 0.997508764176 0.000194442629731 0.997503642586 2.0
0.040420762504 0.997806492833 0.000194442629731 0.997724380181 2.0
0.0407879049795 0.997782235806 0.000194442629731 0.997939949134 2.0
0.0411550474549 0.997677486748 0.000194442629731 0.998149888684 2.0
0.0415221899304 0.998146918034 0.000194442629731 0.998353700367 2.0
0.0418893324059 0.99858168625 0.000194442629731 0.99855084016 2.0
0.0422564748814 0.998883206181 0.000194442629731 0.998740708086 2.0
0.0426236173569 0.998934201044 0.000194442629731 0.99892263411 2.0
0.0429907598323 0.999067741833 0.000194442629731 0.99909585847 2.0
0.0433579023078 0.9995109278 0.000194442629731 0.999259503195 2.0
0.0437250447833 0.999567264992 0.000194442629731 0.999412528989 2.0
0.0440921872588 0.999170850214 0.000194442629731 0.999553666063 2.0
0.0444593297342 0.999438038163 0.000194442629731 0.999681294074 2.0
0.0448264722097 0.999935868008 0.000194442629731 0.999793209137 2.0
0.0451936146852 1.00015465896 0.000194442629731 0.999886084574 2.0
0.0455607571607 1.00002929192 0.000194442629731 0.999953719442 2.0
0.0459278996362 0.999615588131 0.000194442629731 0.999974973594 0.0
0.0462950421116 1.0004391531 0.000194442629731 0.999974973594 0.0
0.0466621845871 0.999792514329 0.000194442629731 0.999974973594 0.0
0.0470293270626 0.999943699228 0.000194442629731 0.999974973594 0.0
0.0473964695381 1.00033422819 0.000194442629731 0.999974973594 0.0
0.0477636120136 0.999728191866 0.000194442629731 0.999974973594 0.0
0.048130754489 1.00020725855 0.000194442629731 0.999974973594 0.0
0.0484978969645 1.00032063141 0.000194442629731 0.999974973594 0.0
0.04886503944 0.999477935989 0.000194442629731 0.999974973594 0.0
0.0492321819155 0.999653520537 0.000194442629731 0.999974973594 0.0
0.049599324391 0.999741463449 0.000194442629731 0.999974973594 0.0
0.0499664668664 0.999955614335 0.000194442629731 0.999974973594 0.0
0.0503336093419 1.00008247223 0.000194442629731 0.999974973594 0.0
0.0507007518174 1.00012623672 0.000194442629731 0.999974973594 0.0
0.0510678942929 1.00011857767 0.000194442629731 0.999974973594 0.0
0.0514350367684 1.00009962488 0.000194442629731 0.999974973594 0.0
0.0518021792438 0.999647598759 0.000194442629731 0.999974973594 0.0
0.0521693217193 0.99987713281 0.000194442629731 0.999974973594 0.0
0.0525364641948 1.00016580894 0.000194442629731 0.999974973594 0.0
0.0529036066703 1.00008715211 0.000194442629731 0.999974973594 0.0
0.0532707491457 0.999851841073 0.000194442629731 0.999974973594 0.0
0.0536378916212 1.00034568858 0.000194442629731 0.999974973594 0.0
0.0540050340967 0.999908854521 0.000194442629731 0.999974973594 0.0
0.0543721765722 0.9999177188 0.000194442629731 0.999974973594 0.0
0.0547393190477 0.99966184421 0.000194442629731 0.999974973594 0.0
