-0.0960582387297 0.99997981103 4.62541896381e-05 1.00001180976 0.0
-0.0954158012901 0.999970338822 4.62541896381e-05 1.00001180976 0.0
-0.0947733638504 0.999960841502 4.62541896381e-05 1.00001180976 0.0
-0.0941309264107 0.99999315645 4.62541896381e-05 1.00001180976 0.0
-0.0934884889711 0.999970678277 4.62541896381e-05 1.00001180976 0.0
-0.0928460515314 0.999996746758 4.62541896381e-05 1.00001180976 0.0
-0.0922036140917 1.00007314691 4.62541896381e-05 1.00001180976 0.0
-0.0915611766521 0.999982223375 4.62541896381e-05 1.00001180976 0.0
-0.0909187392124 0.999943243121 4.62541896381e-05 1.00001180976 0.0
-0.0902763017727 1.00002497695 4.62541896381e-05 1.00001180976 0.0
-0.0896338643331 1.00001793019 4.62541896381e-05 1.00001180976 0.0
-0.0889914268934 0.999959069045 4.62541896381e-05 1.00001180976 0.0
-0.0883489894537 0.999902482154 4.62541896381e-05 1.00001180976 0.0
-0.0877065520141 1.00000200523 4.62541896381e-05 1.00001180976 0.0
-0.0870641145744 1.00005890849 4.62541896381e-05 1.00001180976 0.0
-0.0864216771347 0.999981953205 4.62541896381e-05 1.00001180976 0.0
-0.0857792396951 1.00007248563 4.62541896381e-05 1.00001180976 0.0
-0.0851368022554 0.999981247157 4.62541896381e-05 1.00001180976 0.0
-0.0844943648157 1.00000615359 4.62541896381e-05 1.00001180976 0.0
-0.0838519273761 0.999993557927 4.62541896381e-05 1.00001180976 0.0
-0.0832094899364 1.00003517118 4.62541896381e-05 1.00001180976 0.0
-0.0825670524967 0.99999954665 4.62541896381e-05 1.00001180976 0.0
-0.0819246150571 0.999961376058 4.62541896381e-05 1.00001180976 0.0
-0.0812821776174 0.999974996325 4.62541896381e-05 1.00001180976 0.0
-0.0806397401777 1.0001415427 4.62541896381e-05 1.00001180976 0.0
-0.0799973027381 1.00005032232 4.62541896381e-05 0.99999729799 1.0
-0.0793548652984 0.999985762822 4.62541896381e-05 0.999941423583 1.0
-0.0787124278587 0.999860403176 4.62541896381e-05 0.999869164911 1.0
-0.0780699904191 0.999800697574 4.62541896381e-05 0.999793264678 1.0
-0.0774275529794 0.999594704895 4.62541896381e-05 0.999726959461 1.0
-0.0767851155397 0.999830742385 4.62541896381e-05 0.999698721747 3.0
-0.0761426781001 0.999663948288 4.62541896381e-05 0.999689193583 3.0
-0.0755002406604 0.999706320457 4.62541896381e-05 0.999681133304 3.0
-0.0748578032207 0.999673800704 4.62541896381e-05 0.999674026995 3.0
-0.0742153657811 0.999620607328 4.62541896381e-05 0.999667607496 3.0
-0.0735729283414 0.999667794688 4.62541896381e-05 0.999661715554 3.0
-0.0729304909017 0.999726973015 4.62541896381e-05 0.999656248643 3.0
-0.0722880534621 0.999655773991 4.62541896381e-05 0.999651135608 3.0
-0.0716456160224 0.999631081377 4.62541896381e-05 0.999646324132 3.0
-0.0710031785827 0.999715781133 4.62541896381e-05 0.999641774124 3.0
-0.0703607411431 0.99971055858 4.62541896381e-05 0.999637453933 3.0
-0.0697183037034 0.999652660037 4.62541896381e-05 0.999633338001 3.0
-0.0690758662637 0.999615108965 4.62541896381e-05 0.999629405317 3.0
-0.0684334288241 0.999570766765 4.62541896381e-05 0.999625638356 3.0
-0.0677909913844 0.999571698309 4.62541896381e-05 0.999622022314 3.0
-0.0671485539447 0.999607713365 4.62541896381e-05 0.999618544554 3.0
-0.0665061165051 0.999654889963 4.62541896381e-05 0.999615194184 3.0
-0.0658636790654 0.999643796562 4.62541896381e-05 0.999611961737 3.0
-0.0652212416257 0.999634325692 4.62541896381e-05 0.999608838922 3.0
-0.0645788041861 0.999653808263 4.62541896381e-05 0.999605818432 3.0
-0.0639363667464 0.999576519699 4.62541896381e-05 0.999602893784 3.0
-0.0632939293067 0.9996460166 4.62541896381e-05 0.999600059195 3.0
-0.0626514918671 0.999601888067 4.62541896381e-05 0.999597309482 3.0
-0.0620090544274 0.999567916216 4.62541896381e-05 0.999594639974 3.0
-0.0613666169877 0.999636990019 4.62541896381e-05 0.999592046449 3.0
-0.0607241795481 0.999647913091 4.62541896381e-05 0.999589525071 3.0
-0.0600817421084 0.999660932919 4.62541896381e-05 0.999587072344 3.0
-0.0594393046687 0.999605898136 4.62541896381e-05 0.999584685072 3.0
-0.0587968672291 0.999596064676 4.62541896381e-05 0.999582360322 3.0
-0.0581544297894 0.9996026201 4.62541896381e-05 0.999580095398 3.0
-0.0575119923497 0.999523761254 4.62541896381e-05 0.999577887809 3.0
-0.0568695549101 0.999623515313 4.62541896381e-05 0.999575735254 3.0
-0.0562271174704 0.999554689156 4.62541896381e-05 0.9995736356 3.0
-0.0555846800307 0.999530653961 4.62541896381e-05 0.999571586864 3.0
-0.0549422425911 0.999506531925 4.62541896381e-05 0.9995695872 3.0
-0.0542998051514 0.999535230481 4.62541896381e-05 0.999567634888 3.0
-0.0536573677117 0.999592333411 4.62541896381e-05 0.999565728318 3.0
-0.0530149302721 0.999544327229 4.62541896381e-05 0.999563865983 3.0
-0.0523724928324 0.999560185615 4.62541896381e-05 0.999562046472 3.0
-0.0517300553927 0.999595549929 4.62541896381e-05 0.999560268458 3.0
-0.0510876179531 0.9995895481 4.62541896381e-05 0.999558530693 3.0
-0.0504451805134 0.99955247592 4.62541896381e-05 0.999556832003 3.0
-0.0498027430737 0.999514781353 4.62541896381e-05 0.999555171278 3.0
-0.0491603056341 0.999530733622 4.62541896381e-05 0.999553547474 3.0
-0.0485178681944 0.999618712861 4.62541896381e-05 0.999551959599 3.0
-0.0478754307547 0.999460070686 4.62541896381e-05 0.999550406719 3.0
-0.0472329933151 0.999553970118 4.62541896381e-05 0.999548887946 3.0
-0.0465905558754 0.999516455917 4.62541896381e-05 0.999547402439 3.0
-0.0459481184357 0.999559250419 4.62541896381e-05 0.9995459494 3.0
-0.0453056809961 0.999571276203 4.62541896381e-05 0.999544528069 3.0
-0.0446632435564 0.999551317436 4.62541896381e-05 0.999543137725 3.0
-0.0440208061167 0.999571318737 4.62541896381e-05 0.999541777682 3.0
-0.0433783686771 0.999486609587 4.62541896381e-05 0.999540447285 3.0
-0.0427359312374 0.999559826014 4.62541896381e-05 0.999539145911 3.0
-0.0420934937977 0.999502183637 4.62541896381e-05 0.999537872965 3.0
-0.0414510563581 0.99955497254 4.62541896381e-05 0.999536627879 3.0
-0.0408086189184 0.99953257618 4.62541896381e-05 0.999535410111 3.0
-0.0401661814787 0.999492913868 4.62541896381e-05 0.999534219143 3.0
-0.0395237440391 0.999477201216 4.62541896381e-05 0.999533054479 3.0
-0.0388813065994 0.999470143197 4.62541896381e-05 0.999531915646 3.0
-0.0382388691597 0.99941165625 4.62541896381e-05 0.99953080219 3.0
-0.0375964317201 0.999471704381 4.62541896381e-05 0.999529713675 3.0
-0.0369539942804 0.999522442253 4.62541896381e-05 0.999528649686 3.0
-0.0363115568407 0.999510640298 4.62541896381e-05 0.999527609824 3.0
-0.0356691194011 0.999484030274 4.62541896381e-05 0.999526593706 3.0
-0.0350266819614 0.999503566802 4.62541896381e-05 0.999525600965 3.0
-0.0343842445217 0.999550867575 4.62541896381e-05 0.999524631249 3.0
-0.0337418070821 0.999481016548 4.62541896381e-05 0.999523684219 3.0
-0.0330993696424 0.999511570033 4.62541896381e-05 0.999522759552 3.0
-0.0324569322027 0.99947551743 4.62541896381e-05 0.999521856936 3.0
-0.0318144947631 0.999519806817 4.62541896381e-05 0.999520976071 3.0
-0.0311720573234 0.999563722111 4.62541896381e-05 0.999520116671 3.0
-0.0305296198837 0.999478763734 4.62541896381e-05 0.999519278458 3.0
-0.0298871824441 0.999559593146 4.62541896381e-05 0.999518461167 3.0
-0.0292447450044 0.999518788359 4.62541896381e-05 0.999517664544 3.0
-0.0286023075647 0.999565175071 4.62541896381e-05 0.999516888342 3.0
-0.0279598701251 0.999517634783 4.62541896381e-05 0.999516132327 3.0
-0.0273174326854 0.999453591728 4.62541896381e-05 0.999515396271 3.0
-0.0266749952457 0.999524275665 4.62541896381e-05 0.999514679958 3.0
-0.0260325578061 0.999518946001 4.62541896381e-05 0.999513983176 3.0
-0.0253901203664 0.999563173989 4.62541896381e-05 0.999513305727 3.0
-0.0247476829267 0.999542184 4.62541896381e-05 0.999512647415 3.0
-0.0241052454871 0.999553199935 4.62541896381e-05 0.999512008057 3.0
-0.0234628080474 0.999476864922 4.62541896381e-05 0.999511387472 3.0
-0.0228203706077 0.999529777356 4.62541896381e-05 0.99951078549 3.0
-0.0221779331681 0.999560307416 4.62541896381e-05 0.999510201947 3.0
-0.0215354957284 0.999534741671 4.62541896381e-05 0.999509636684 3.0
-0.0208930582887 0.999623700816 4.62541896381e-05 0.99950908955 3.0
-0.0202506208491 0.999615060352 4.62541896381e-05 0.999508560401 3.0
-0.0196081834094 0.999491456739 4.62541896381e-05 0.999508049096 3.0
-0.0189657459697 0.999523504751 4.62541896381e-05 0.999507555502 3.0
-0.0183233085301 0.999519325537 4.62541896381e-05 0.999507079493 3.0
-0.0176808710904 0.999493274522 4.62541896381e-05 0.999506620945 3.0
-0.0170384336507 0.999541736134 4.62541896381e-05 0.999506179743 3.0
-0.0163959962111 0.999562308949 4.62541896381e-05 0.999505755774 3.0
-0.0157535587714 0.999495672551 4.62541896381e-05 0.999505348932 3.0
-0.0151111213317 0.999491745459 4.62541896381e-05 0.999504959116 3.0
-0.0144686838921 0.999588509485 4.62541896381e-05 0.99950458623 3.0
-0.0138262464524 0.999462440439 4.62541896381e-05 0.999504230181 3.0
-0.0131838090127 0.999522490829 4.62541896381e-05 0.999503890884 3.0
-0.0125413715731 0.999488782863 4.62541896381e-05 0.999503568254 3.0
-0.0118989341334 0.999433147122 4.62541896381e-05 0.999503262215 3.0
-0.0112564966937 0.999549557989 4.62541896381e-05 0.999502972693 3.0
-0.0106140592541 0.999518583555 4.62541896381e-05 0.999502699618 3.0
-0.0099716218144 0.999445447632 4.62541896381e-05 0.999502442925 3.0
-0.00932918437473 0.99955564666 4.62541896381e-05 0.999502202554 3.0
-0.00868674693506 0.999470062785 4.62541896381e-05 0.999501978447 3.0
-0.0080443094954 0.999561247169 4.62541896381e-05 0.999501770552 3.0
-0.00740187205573 0.999529965755 4.62541896381e-05 0.99950157882 3.0
-0.00675943461606 0.999492023629 4.62541896381e-05 0.999501403207 3.0
-0.0061169971764 0.999453955618 4.62541896381e-05 0.999501243671 3.0
-0.00547455973673 0.999547515092 4.62541896381e-05 0.999501100175 3.0
-0.00483212229706 0.999473898736 4.62541896381e-05 0.999500972685 3.0
-0.0041896848574 0.999532331792 4.62541896381e-05 0.999500861174 3.0
-0.00354724741773 0.999408412102 4.62541896381e-05 0.999500765614 3.0
-0.00290480997806 0.999521867907 4.62541896381e-05 0.999500685983 3.0
-0.0022623725384 0.999429429968 4.62541896381e-05 0.999500622264 3.0
-0.00161993509873 0.999465469014 4.62541896381e-05 0.999500564949 3.0
-0.000977497659062 0.999427483387 4.62541896381e-05 0.999500533012 3.0
-0.000335060219395 0.999545453552 4.62541896381e-05 0.999500516953 3.0
0.000307377220272 0.999559063467 4.62541896381e-05 0.999500516847 3.0
0.000949814659938 0.999481593965 4.62541896381e-05 0.999500532696 3.0
0.00159225209961 0.999484476789 4.62541896381e-05 0.999500564424 3.0
0.00223468953927 0.999580758427 4.62541896381e-05 0.999500621528 3.0
0.00287712697894 0.999558471158 4.62541896381e-05 0.999500685037 3.0
0.00351956441861 0.9995138059 4.62541896381e-05 0.999500764457 3.0
0.00416200185827 0.999488084047 4.62541896381e-05 0.999500859806 3.0
0.00480443929794 0.999421907214 4.62541896381e-05 0.999500971107 3.0
0.00544687673761 0.99944572428 4.62541896381e-05 0.999501098385 3.0
0.00608931417727 0.999510583095 4.62541896381e-05 0.999501241669 3.0
0.00673175161694 0.999404909522 4.62541896381e-05 0.999501400993 3.0
0.00737418905661 0.999454621652 4.62541896381e-05 0.999501576393 3.0
0.00801662649627 0.999433022082 4.62541896381e-05 0.999501767912 3.0
0.00865906393594 0.999465911784 4.62541896381e-05 0.999501975593 3.0
0.00930150137561 0.999389488305 4.62541896381e-05 0.999502199485 3.0
0.00994393881527 0.999499567955 4.62541896381e-05 0.999502439641 3.0
0.0105863762549 0.999523221444 4.62541896381e-05 0.999502696117 3.0
0.0112288136946 0.999423168412 4.62541896381e-05 0.999502968975 3.0
0.0118712511343 0.999457580413 4.62541896381e-05 0.99950325828 3.0
0.0125136885739 0.999438129356 4.62541896381e-05 0.9995035641 3.0
0.0131561260136 0.999502462722 4.62541896381e-05 0.99950388651 3.0
0.0137985634533 0.999514684146 4.62541896381e-05 0.999504225587 3.0
0.0144410008929 0.999492862516 4.62541896381e-05 0.999504581413 3.0
0.0150834383326 0.999500325161 4.62541896381e-05 0.999504954076 3.0
0.0157258757723 0.999503613851 4.62541896381e-05 0.999505343667 3.0
0.0163683132119 0.999516666182 4.62541896381e-05 0.999505750283 3.0
0.0170107506516 0.999617856416 4.62541896381e-05 0.999506174025 3.0
0.0176531880913 0.999556713468 4.62541896381e-05 0.999506614999 3.0
0.0182956255309 0.999467489449 4.62541896381e-05 0.999507073317 3.0
0.0189380629706 0.999546185555 4.62541896381e-05 0.999507549095 3.0
0.0195805004103 0.999520035942 4.62541896381e-05 0.999508042455 3.0
0.0202229378499 0.999569439926 4.62541896381e-05 0.999508553525 3.0
0.0208653752896 0.999452703353 4.62541896381e-05 0.999509082437 3.0
0.0215078127293 0.999459517936 4.62541896381e-05 0.999509629332 3.0
0.0221502501689 0.999595747074 4.62541896381e-05 0.999510194354 3.0
0.0227926876086 0.999590712759 4.62541896381e-05 0.999510777655 3.0
0.0234351250483 0.999481067988 4.62541896381e-05 0.999511379392 3.0
0.0240775624879 0.999480731278 4.62541896381e-05 0.99951199973 3.0
0.0247199999276 0.999521501165 4.62541896381e-05 0.999512638839 3.0
0.0253624373673 0.999559300609 4.62541896381e-05 0.999513296899 3.0
0.0260048748069 0.999476357591 4.62541896381e-05 0.999513974094 3.0
0.0266473122466 0.999527067407 4.62541896381e-05 0.999514670618 3.0
0.0272897496863 0.999487403967 4.62541896381e-05 0.999515386673 3.0
0.0279321871259 0.999532019653 4.62541896381e-05 0.999516122466 3.0
0.0285746245656 0.999578400071 4.62541896381e-05 0.999516878216 3.0
0.0292170620053 0.999469446067 4.62541896381e-05 0.999517654149 3.0
0.0298594994449 0.999556252415 4.62541896381e-05 0.999518450501 3.0
0.0305019368846 0.999550014732 4.62541896381e-05 0.999519267517 3.0
0.0311443743243 0.99958022108 4.62541896381e-05 0.999520105451 3.0
0.0317868117639 0.999528587584 4.62541896381e-05 0.99952096457 3.0
0.0324292492036 0.999412387626 4.62541896381e-05 0.999521845149 3.0
0.0330716866433 0.999578466472 4.62541896381e-05 0.999522747476 3.0
0.0337141240829 0.999447808164 4.62541896381e-05 0.999523671849 3.0
0.0343565615226 0.999542126184 4.62541896381e-05 0.999524618581 3.0
0.0349989989623 0.999526813156 4.62541896381e-05 0.999525587995 3.0
0.0356414364019 0.999516710914 4.62541896381e-05 0.999526580429 3.0
0.0362838738416 0.999637039626 4.62541896381e-05 0.999527596236 3.0
0.0369263112813 0.999604255426 4.62541896381e-05 0.999528635782 3.0
0.0375687487209 0.999610807484 4.62541896381e-05 0.999529699449 3.0
0.0382111861606 0.999497115852 4.62541896381e-05 0.999530787637 3.0
0.0388536236003 0.999573587087 4.62541896381e-05 0.999531900761 3.0
0.0394960610399 0.999457050396 4.62541896381e-05 0.999533039255 3.0
0.0401384984796 0.999557495769 4.62541896381e-05 0.999534203574 3.0
0.0407809359193 0.999515583077 4.62541896381e-05 0.999535394191 3.0
0.0414233733589 0.999546228958 4.62541896381e-05 0.999536611601 3.0
0.0420658107986 0.999567252 4.62541896381e-05 0.999537856323 3.0
0.0427082482383 0.999599606802 4.62541896381e-05 0.999539128897 3.0
0.0433506856779 0.99955081985 4.62541896381e-05 0.999540429892 3.0
0.0439931231176 0.99960125687 4.62541896381e-05 0.999541759901 3.0
0.0446355605573 0.999563685093 4.62541896381e-05 0.999543119548 3.0
0.0452779979969 0.999537623478 4.62541896381e-05 0.999544509487 3.0
0.0459204354366 0.999557602998 4.62541896381e-05 0.999545930403 3.0
0.0465628728763 0.999553854399 4.62541896381e-05 0.999547383018 3.0
0.0472053103159 0.999522235833 4.62541896381e-05 0.999548868091 3.0
0.0478477477556 0.999544575249 4.62541896381e-05 0.999550386419 3.0
0.0484901851953 0.99951985646 4.62541896381e-05 0.999551938842 3.0
0.0491326226349 0.999568640134 4.62541896381e-05 0.999553526248 3.0
0.0497750600746 0.999554573728 4.62541896381e-05 0.999555149572 3.0
0.0504174975143 0.999691090859 4.62541896381e-05 0.999556809801 3.0
0.0510599349539 0.999640604247 4.62541896381e-05 0.999558507983 3.0
0.0517023723936 0.99964623175 4.62541896381e-05 0.999560245223 3.0
0.0523448098333 0.999551804896 4.62541896381e-05 0.999562022697 3.0
0.0529872472729 0.999539233859 4.62541896381e-05 0.999563841651 3.0
0.0536296847126 0.999493377248 4.62541896381e-05 0.99956570341 3.0
0.0542721221523 0.99957231638 4.62541896381e-05 0.999567609386 3.0
0.0549145595919 0.999566251144 4.62541896381e-05 0.999569561083 3.0
0.0555569970316 0.999546997334 4.62541896381e-05 0.99957156011 3.0
0.0561994344713 0.999557039988 4.62541896381e-05 0.999573608185 3.0
0.0568418719109 0.999493466245 4.62541896381e-05 0.999575707154 3.0
0.0574843093506 0.999473498635 4.62541896381e-05 0.999577858996 3.0
0.0581267467903 0.99951188108 4.62541896381e-05 0.999580065842 3.0
0.0587691842299 0.999601022328 4.62541896381e-05 0.999582329993 3.0
0.0594116216696 0.999571113566 4.62541896381e-05 0.999584653935 3.0
0.0600540591093 0.999660900576 4.62541896381e-05 0.999587040362 3.0
0.0606964965489 0.999602411224 4.62541896381e-05 0.999589492203 3.0
0.0613389339886 0.999560425225 4.62541896381e-05 0.999592012651 3.0
0.0619813714283 0.999580179056 4.62541896381e-05 0.999594605198 3.0
0.0626238088679 0.999559925564 4.62541896381e-05 0.999597273675 3.0
0.0632662463076 0.999608002759 4.62541896381e-05 0.999600022298 3.0
0.0639086837473 0.999685123538 4.62541896381e-05 0.999602855733 3.0
0.0645511211869 0.999550893255 4.62541896381e-05 0.999605779154 3.0
0.0651935586266 0.999541537617 4.62541896381e-05 0.999608798336 3.0
0.0658359960663 0.999635362682 4.62541896381e-05 0.999611919752 3.0
0.0664784335059 0.999621972256 4.62541896381e-05 0.999615150698 3.0
0.0671208709456 0.999553078744 4.62541896381e-05 0.99961849945 3.0
0.0677633083853 0.999527550249 4.62541896381e-05 0.999621975458 3.0
0.0684057458249 0.999639248626 4.62541896381e-05 0.999625589593 3.0
0.0690481832646 0.999615968135 4.62541896381e-05 0.999629354468 3.0
0.0696906207043 0.99967734025 4.62541896381e-05 0.999633284853 3.0
0.0703330581439 0.999490634226 4.62541896381e-05 0.999637398235 3.0
0.0709754955836 0.999616479513 4.62541896381e-05 0.99964171557 3.0
0.0716179330233 0.999624543294 4.62541896381e-05 0.999646262348 3.0
0.0722603704629 0.999628872616 4.62541896381e-05 0.999651070128 3.0
0.0729028079026 0.999689105695 4.62541896381e-05 0.999656178867 3.0
0.0735452453423 0.999623242909 4.62541896381e-05 0.999661640687 3.0
0.074187682782 0.999697017173 4.62541896381e-05 0.99966752643 3.0
0.0748301202216 0.99968957473 4.62541896381e-05 0.999673938081 3.0
0.0754725576613 0.99971697868 4.62541896381e-05 0.999681033885 3.0
0.076114995101 0.999749497907 4.62541896381e-05 0.999689079066 3.0
0.0767574325406 0.999725049834 4.62541896381e-05 0.99969858125 3.0
0.0773998699803 0.99963407734 4.62541896381e-05 0.999726233835 2.0
0.07804230742 0.999776578424 4.62541896381e-05 0.999792291142 2.0
0.0786847448596 0.999841142472 4.62541896381e-05 0.999868159432 2.0
0.0793271822993 1.00003686375 4.62541896381e-05 0.999940542939 2.0
0.079969619739 1.00003587213 4.62541896381e-05 0.999996744007 2.0
0.0806120571786 1.00011184229 4.62541896381e-05 1.00001180976 0.0
0.0812544946183 0.999985190058 4.62541896381e-05 1.00001180976 0.0
0.081896932058 1.0000144582 4.62541896381e-05 1.00001180976 0.0
0.0825393694976 1.0000254783 4.62541896381e-05 1.00001180976 0.0
0.0831818069373 1.00006021187 4.62541896381e-05 1.00001180976 0.0
0.083824244377 0.999998379718 4.62541896381e-05 1.00001180976 0.0
0.0844666818166 1.00000299178 4.62541896381e-05 1.00001180976 0.0
0.0851091192563 1.00005169017 4.62541896381e-05 1.00001180976 0.0
0.085751556696 1.00000622501 4.62541896381e-05 1.00001180976 0.0
0.0863939941356 0.999964639605 4.62541896381e-05 1.00001180976 0.0
0.0870364315753 1.000007318 4.62541896381e-05 1.00001180976 0.0
0.087678869015 0.999934249229 4.62541896381e-05 1.00001180976 0.0
0.0883213064546 1.00003679616 4.62541896381e-05 1.00001180976 0.0
0.0889637438943 0.999935633335 4.62541896381e-05 1.00001180976 0.0
0.089606181334 1.00012925704 4.62541896381e-05 1.00001180976 0.0
0.0902486187736 1.00005276608 4.62541896381e-05 1.00001180976 0.0
0.0908910562133 1.00004730594 4.62541896381e-05 1.00001180976 0.0
0.091533493653 1.00001097669 4.62541896381e-05 1.00001180976 0.0
0.0921759310926 1.00000764859 4.62541896381e-05 1.00001180976 0.0
0.0928183685323 1.00003083056 4.62541896381e-05 1.00001180976 0.0
0.093460805972 1.00000342093 4.62541896381e-05 1.00001180976 0.0
0.0941032434116 0.9999696598 4.62541896381e-05 1.00001180976 0.0
0.0947456808513 0.999944369623 4.62541896381e-05 1.00001180976 0.0
0.095388118291 1.00006040786 4.62541896381e-05 1.00001180976 0.0
0.0960305557306 1.00009903707 4.62541896381e-05 1.00001180976 0.0
