-0.150274515722 1.00029477779 0.000485190934168 0.999959120678 0.0
-0.149270419396 1.00002110918 0.000485190934168 0.999959120678 0.0
-0.14826632307 0.999851568052 0.000485190934168 0.999959120678 0.0
-0.147262226744 0.999707174995 0.000485190934168 0.999959120678 0.0
-0.146258130418 0.999649969508 0.000485190934168 0.999959120678 0.0
-0.145254034092 0.999917792167 0.000485190934168 0.999959120678 0.0
-0.144249937766 0.999797680117 0.000485190934168 0.999959120678 0.0
-0.14324584144 0.999443620516 0.000485190934168 0.999959120678 0.0
-0.142241745114 0.999619178362 0.000485190934168 0.999959120678 0.0
-0.141237648788 0.999980910818 0.000485190934168 0.999959120678 0.0
-0.140233552462 1.00015012982 0.000485190934168 0.999959120678 0.0
-0.139229456136 0.999051705495 0.000485190934168 0.999959120678 0.0
-0.138225359809 1.00066612142 0.000485190934168 0.999959120678 0.0
-0.137221263483 1.00078001485 0.000485190934168 0.999959120678 0.0
-0.136217167157 0.99957830585 0.000485190934168 0.999959120678 0.0
-0.135213070831 0.999855372024 0.000485190934168 0.999959120678 0.0
-0.134208974505 0.999565063598 0.000485190934168 0.999959120678 0.0
-0.133204878179 0.999838586294 0.000485190934168 0.999959120678 0.0
-0.132200781853 1.00008512906 0.000485190934168 0.999959120678 0.0
-0.131196685527 1.00010833258 0.000485190934168 0.999959120678 0.0
-0.130192589201 0.999527632336 0.000485190934168 0.999959120678 0.0
-0.129188492875 0.999645199672 0.000485190934168 0.999959120678 0.0
-0.128184396549 1.00007012262 0.000485190934168 0.999959120678 0.0
-0.127180300223 1.0000214213 0.000485190934168 0.999959120678 0.0
-0.126176203896 1.00030247805 0.000485190934168 0.999959120678 0.0
-0.12517210757 0.999886405373 0.000485190934168 0.999932069317 1.0
-0.124168011244 0.999877677732 0.000485190934168 0.999825280761 1.0
-0.123163914918 1.00052057027 0.000485190934168 0.999665188978 1.0
-0.122159818592 0.999213522107 0.000485190934168 0.999461008853 1.0
-0.121155722266 0.999248551417 0.000485190934168 0.999218004712 1.0
-0.12015162594 0.998806348081 0.000485190934168 0.998939932128 1.0
-0.119147529614 0.998536203094 0.000485190934168 0.998629774073 1.0
-0.118143433288 0.998364717581 0.000485190934168 0.998290057975 1.0
-0.117139336962 0.9973886818 0.000485190934168 0.997923019883 1.0
-0.116135240636 0.997552374332 0.000485190934168 0.997530700207 1.0
-0.11513114431 0.996696193787 0.000485190934168 0.997115004619 1.0
-0.114127047983 0.997238644652 0.000485190934168 0.996677745554 1.0
-0.113122951657 0.996259355312 0.000485190934168 0.996220672224 1.0
-0.112118855331 0.995321544693 0.000485190934168 0.995745493543 1.0
-0.111114759005 0.995904152217 0.000485190934168 0.995253896581 1.0
-0.110110662679 0.994538465723 0.000485190934168 0.994747562229 1.0
-0.109106566353 0.994487008031 0.000485190934168 0.994228179223 1.0
-0.108102470027 0.992406587585 0.000485190934168 0.993697457384 1.0
-0.107098373701 0.993490500316 0.000485190934168 0.993157140802 1.0
-0.106094277375 0.992927299952 0.000485190934168 0.992609021615 1.0
-0.105090181049 0.992395472364 0.000485190934168 0.992054955121 1.0
-0.104086084723 0.992105553902 0.000485190934168 0.991496877056 1.0
-0.103081988396 0.990764827955 0.000485190934168 0.990936824162 1.0
-0.10207789207 0.990226205376 0.000485190934168 0.99037695958 1.0
-0.101073795744 0.988739890177 0.000485190934168 0.989819605396 1.0
-0.100069699418 0.98952343089 0.000485190934168 0.989267285927 1.0
-0.0990656030922 0.988226914206 0.000485190934168 0.98872278769 1.0
-0.0980615067661 0.988746257506 0.000485190934168 0.98818924649 1.0
-0.09705741044 0.987818666705 0.000485190934168 0.98767028128 1.0
-0.0960533141139 0.98730386164 0.000485190934168 0.987170215649 1.0
-0.0950492177878 0.986681131702 0.000485190934168 0.986694483621 1.0
-0.0940451214617 0.986533342 0.000485190934168 0.986250498676 1.0
-0.0930410251356 0.985951003732 0.000485190934168 0.985850129125 1.0
-0.0920369288096 0.986127672198 0.000485190934168 0.9855272268 3.0
-0.0910328324835 0.985024187811 0.000485190934168 0.985273824362 3.0
-0.0900287361574 0.984097138382 0.000485190934168 0.985038724055 3.0
-0.0890246398313 0.985061658628 0.000485190934168 0.984817612706 3.0
-0.0880205435052 0.984094907293 0.000485190934168 0.984608132909 3.0
-0.0870164471791 0.984135632437 0.000485190934168 0.984408701319 3.0
-0.0860123508531 0.984256540324 0.000485190934168 0.984218153301 3.0
-0.085008254527 0.9849181461 0.000485190934168 0.984035584599 3.0
-0.0840041582009 0.983945162255 0.000485190934168 0.983860267129 3.0
-0.0830000618748 0.984268296104 0.000485190934168 0.983691599061 3.0
-0.0819959655487 0.983271290324 0.000485190934168 0.983529072937 3.0
-0.0809918692226 0.983746190744 0.000485190934168 0.983372254131 3.0
-0.0799877728965 0.983182181938 0.000485190934168 0.983220765671 3.0
-0.0789836765705 0.982490885727 0.000485190934168 0.98307427716 3.0
-0.0779795802444 0.982767608547 0.000485190934168 0.982932496466 3.0
-0.0769754839183 0.982970969739 0.000485190934168 0.982795163346 3.0
-0.0759713875922 0.982211490468 0.000485190934168 0.982662044449 3.0
-0.0749672912661 0.982776780677 0.000485190934168 0.982532929343 3.0
-0.07396319494 0.982958974709 0.000485190934168 0.982407627301 3.0
-0.072959098614 0.98239204557 0.000485190934168 0.982285964682 3.0
-0.0719550022879 0.98219386145 0.000485190934168 0.98216778276 3.0
-0.0709509059618 0.981671813601 0.000485190934168 0.982052935912 3.0
-0.0699468096357 0.981925394537 0.000485190934168 0.981941290096 3.0
-0.0689427133096 0.981739585039 0.000485190934168 0.981832721558 3.0
-0.0679386169835 0.981820761227 0.000485190934168 0.981727115725 3.0
-0.0669345206574 0.981289508125 0.000485190934168 0.981624366256 3.0
-0.0659304243314 0.981795416365 0.000485190934168 0.981524374221 3.0
-0.0649263280053 0.981759391456 0.000485190934168 0.981427047385 3.0
-0.0639222316792 0.981590931702 0.000485190934168 0.981332299583 3.0
-0.0629181353531 0.981231411786 0.000485190934168 0.981240050173 3.0
-0.061914039027 0.981342547282 0.000485190934168 0.981150223551 3.0
-0.0609099427009 0.981478650928 0.000485190934168 0.981062748723 3.0
-0.0599058463749 0.981210284807 0.000485190934168 0.980977558926 3.0
-0.0589017500488 0.981527133655 0.000485190934168 0.980894591287 3.0
-0.0578976537227 0.980487535694 0.000485190934168 0.98081378652 3.0
-0.0568935573966 0.980380602289 0.000485190934168 0.980735088656 3.0
-0.0558894610705 0.980277704824 0.000485190934168 0.980658444794 3.0
-0.0548853647444 0.981214773295 0.000485190934168 0.980583804885 3.0
-0.0538812684183 0.980277111933 0.000485190934168 0.980511121528 3.0
-0.0528771720923 0.98013900108 0.000485190934168 0.980440349791 3.0
-0.0518730757662 0.980114534834 0.000485190934168 0.980371447045 3.0
-0.0508689794401 0.979589876191 0.000485190934168 0.980304372816 3.0
-0.049864883114 0.979808843311 0.000485190934168 0.980239088646 3.0
-0.0488607867879 0.97977823097 0.000485190934168 0.98017555797 3.0
-0.0478566904618 0.980407710992 0.000485190934168 0.980113746 3.0
-0.0468525941358 0.979773873446 0.000485190934168 0.98005361962 3.0
-0.0458484978097 0.97958138206 0.000485190934168 0.979995147289 3.0
-0.0448444014836 0.981013664369 0.000485190934168 0.979938298954 3.0
-0.0438403051575 0.979755821584 0.000485190934168 0.979883045965 3.0
-0.0428362088314 0.980351654383 0.000485190934168 0.979829361003 3.0
-0.0418321125053 0.979991908039 0.000485190934168 0.979777218005 3.0
-0.0408280161792 0.979484768472 0.000485190934168 0.979726592105 3.0
-0.0398239198532 0.979776554296 0.000485190934168 0.97967745957 3.0
-0.0388198235271 0.979678849488 0.000485190934168 0.979629797747 3.0
-0.037815727201 0.979516319169 0.000485190934168 0.979583585006 3.0
-0.0368116308749 0.979020636544 0.000485190934168 0.979538800701 3.0
-0.0358075345488 0.979479127034 0.000485190934168 0.979495425117 3.0
-0.0348034382227 0.979535759926 0.000485190934168 0.979453439431 3.0
-0.0337993418967 0.979684486556 0.000485190934168 0.979412825677 3.0
-0.0327952455706 0.979492952873 0.000485190934168 0.979373566705 3.0
-0.0317911492445 0.978868504311 0.000485190934168 0.979335646147 3.0
-0.0307870529184 0.978716135346 0.000485190934168 0.97929904839 3.0
-0.0297829565923 0.979146822923 0.000485190934168 0.979263758545 3.0
-0.0287788602662 0.978453547317 0.000485190934168 0.979229762415 3.0
-0.0277747639402 0.979616016589 0.000485190934168 0.979197046477 3.0
-0.0267706676141 0.980347434796 0.000485190934168 0.979165597851 3.0
-0.025766571288 0.979559856097 0.000485190934168 0.979135404282 3.0
-0.0247624749619 0.978351650203 0.000485190934168 0.979106454119 3.0
-0.0237583786358 0.979145939444 0.000485190934168 0.979078736291 3.0
-0.0227542823097 0.978878508137 0.000485190934168 0.979052240293 3.0
-0.0217501859836 0.978882673053 0.000485190934168 0.97902695617 3.0
-0.0207460896576 0.97912176326 0.000485190934168 0.979002874496 3.0
-0.0197419933315 0.978067690741 0.000485190934168 0.978979986363 3.0
-0.0187378970054 0.979163099136 0.000485190934168 0.978958283365 3.0
-0.0177338006793 0.979099931577 0.000485190934168 0.978937757588 3.0
-0.0167297043532 0.979005565208 0.000485190934168 0.978918401593 3.0
-0.0157256080271 0.97959764254 0.000485190934168 0.978900208411 3.0
-0.0147215117011 0.979490610869 0.000485190934168 0.978883171528 3.0
-0.013717415375 0.978537647437 0.000485190934168 0.978867284877 3.0
-0.0127133190489 0.978837939798 0.000485190934168 0.978852542829 3.0
-0.0117092227228 0.979829034233 0.000485190934168 0.978838940185 3.0
-0.0107051263967 0.978736572714 0.000485190934168 0.978826472169 3.0
-0.00970103007063 0.979090499325 0.000485190934168 0.978815134421 3.0
-0.00869693374455 0.978629444607 0.000485190934168 0.97880492299 3.0
-0.00769283741846 0.979248478976 0.000485190934168 0.978795834329 3.0
-0.00668874109238 0.978897422625 0.000485190934168 0.978787865291 3.0
-0.00568464476629 0.978081054686 0.000485190934168 0.978781013124 3.0
-0.00468054844021 0.977984721613 0.000485190934168 0.978775275467 3.0
-0.00367645211412 0.97931345577 0.000485190934168 0.978770650344 3.0
-0.00267235578804 0.978536358883 0.000485190934168 0.97876713617 3.0
-0.00166825946195 0.978897948934 0.000485190934168 0.978764731737 3.0
-0.000664163135869 0.978870350995 0.000485190934168 0.978763436222 3.0
0.000339933190215 0.979213484984 0.000485190934168 0.978763249182 3.0
0.0013440295163 0.977768335296 0.000485190934168 0.978764170552 3.0
0.00234812584238 0.979213037272 0.000485190934168 0.978766200648 3.0
0.00335222216847 0.97921638039 0.000485190934168 0.978769340165 3.0
0.00435631849455 0.97880507147 0.000485190934168 0.978773590181 3.0
0.00536041482064 0.977823808367 0.000485190934168 0.978778952153 3.0
0.00636451114672 0.978610497797 0.000485190934168 0.978785427924 3.0
0.00736860747281 0.978665223964 0.000485190934168 0.978793019726 3.0
0.00837270379889 0.978548187034 0.000485190934168 0.978801730178 3.0
0.00937680012498 0.978608750261 0.000485190934168 0.978811562294 3.0
0.0103808964511 0.97813971848 0.000485190934168 0.978822519485 3.0
0.0113849927771 0.979113646048 0.000485190934168 0.978834605564 3.0
0.0123890891032 0.978484694459 0.000485190934168 0.978847824754 3.0
0.0133931854293 0.978750217759 0.000485190934168 0.97886218169 3.0
0.0143972817554 0.97954833002 0.000485190934168 0.978877681426 3.0
0.0154013780815 0.979130250418 0.000485190934168 0.978894329445 3.0
0.0164054744076 0.979336567074 0.000485190934168 0.978912131667 3.0
0.0174095707337 0.978741635923 0.000485190934168 0.978931094452 3.0
0.0184136670597 0.978551369921 0.000485190934168 0.978951224616 3.0
0.0194177633858 0.979544676298 0.000485190934168 0.978972529437 3.0
0.0204218597119 0.978048218023 0.000485190934168 0.978995016668 3.0
0.021425956038 0.979283286593 0.000485190934168 0.979018694547 3.0
0.0224300523641 0.97970541408 0.000485190934168 0.979043571812 3.0
0.0234341486902 0.979177439882 0.000485190934168 0.979069657711 3.0
0.0244382450162 0.980101501631 0.000485190934168 0.979096962021 3.0
0.0254423413423 0.97850341417 0.000485190934168 0.979125495058 3.0
0.0264464376684 0.978978062614 0.000485190934168 0.9791552677 3.0
0.0274505339945 0.979279253339 0.000485190934168 0.9791862914 3.0
0.0284546303206 0.97837120294 0.000485190934168 0.979218578208 3.0
0.0294587266467 0.979689094112 0.000485190934168 0.979252140789 3.0
0.0304628229728 0.97858138281 0.000485190934168 0.979286992448 3.0
0.0314669192988 0.979033591271 0.000485190934168 0.979323147151 3.0
0.0324710156249 0.979738181467 0.000485190934168 0.97936061955 3.0
0.033475111951 0.97950412068 0.000485190934168 0.979399425011 3.0
0.0344792082771 0.979482639512 0.000485190934168 0.979439579645 3.0
0.0354833046032 0.980236938336 0.000485190934168 0.979481100331 3.0
0.0364874009293 0.979680568825 0.000485190934168 0.979524004759 3.0
0.0374914972553 0.978751922112 0.000485190934168 0.979568311457 3.0
0.0384955935814 0.980627377426 0.000485190934168 0.979614039835 3.0
0.0394996899075 0.979283451823 0.000485190934168 0.97966121022 3.0
0.0405037862336 0.979932250808 0.000485190934168 0.979709843904 3.0
0.0415078825597 0.979975728485 0.000485190934168 0.97975996319 3.0
0.0425119788858 0.979847305711 0.000485190934168 0.97981159144 3.0
0.0435160752118 0.979986612954 0.000485190934168 0.979864753131 3.0
0.0445201715379 0.980010928874 0.000485190934168 0.979919473916 3.0
0.045524267864 0.979879408263 0.000485190934168 0.979975780681 3.0
0.0465283641901 0.979772982633 0.000485190934168 0.98003370162 3.0
0.0475324605162 0.979936356719 0.000485190934168 0.980093266302 3.0
0.0485365568423 0.979826624414 0.000485190934168 0.980154505758 3.0
0.0495406531684 0.980419281723 0.000485190934168 0.980217452561 3.0
0.0505447494944 0.980040266509 0.000485190934168 0.980282140923 3.0
0.0515488458205 0.980250983247 0.000485190934168 0.980348606798 3.0
0.0525529421466 0.980754743329 0.000485190934168 0.980416887992 3.0
0.0535570384727 0.980408324071 0.000485190934168 0.980487024283 3.0
0.0545611347988 0.980600040054 0.000485190934168 0.980559057557 3.0
0.0555652311249 0.981225360012 0.000485190934168 0.98063303195 3.0
0.0565693274509 0.981776508088 0.000485190934168 0.980708994012 3.0
0.057573423777 0.981010997357 0.000485190934168 0.980786992876 3.0
0.0585775201031 0.980860700498 0.000485190934168 0.980867080456 3.0
0.0595816164292 0.98103015521 0.000485190934168 0.980949311661 3.0
0.0605857127553 0.980637708539 0.000485190934168 0.981033744628 3.0
0.0615898090814 0.981064846393 0.000485190934168 0.981120440987 3.0
0.0625939054075 0.981189762835 0.000485190934168 0.981209466152 3.0
0.0635980017335 0.981382378749 0.000485190934168 0.981300889649 3.0
0.0646020980596 0.980907461578 0.000485190934168 0.98139478548 3.0
0.0656061943857 0.981421289405 0.000485190934168 0.981491232536 3.0
0.0666102907118 0.981892556605 0.000485190934168 0.98159031506 3.0
0.0676143870379 0.981089575402 0.000485190934168 0.981692123173 3.0
0.068618483364 0.981230922281 0.000485190934168 0.981796753471 3.0
0.06962257969 0.982248918229 0.000485190934168 0.981904309705 3.0
0.0706266760161 0.982278105352 0.000485190934168 0.982014903573 3.0
0.0716307723422 0.981320609462 0.000485190934168 0.982128655614 3.0
0.0726348686683 0.982233558491 0.000485190934168 0.982245696263 3.0
0.0736389649944 0.98191441562 0.000485190934168 0.982366167077 3.0
0.0746430613205 0.98290976549 0.000485190934168 0.982490222173 3.0
0.0756471576466 0.982052413087 0.000485190934168 0.982618029936 3.0
0.0766512539726 0.982317087501 0.000485190934168 0.982749775056 3.0
0.0776553502987 0.98349384558 0.000485190934168 0.98288566099 3.0
0.0786594466248 0.982782009211 0.000485190934168 0.983025912951 3.0
0.0796635429509 0.982688042755 0.000485190934168 0.983170781604 3.0
0.080667639277 0.983713324482 0.000485190934168 0.983320547685 3.0
0.0816717356031 0.983276702233 0.000485190934168 0.983475527856 3.0
0.0826758319291 0.984334534716 0.000485190934168 0.983636082292 3.0
0.0836799282552 0.984287774842 0.000485190934168 0.983802624703 3.0
0.0846840245813 0.984469870613 0.000485190934168 0.983975635936 3.0
0.0856881209074 0.983775072215 0.000485190934168 0.984155683031 3.0
0.0866922172335 0.984011764559 0.000485190934168 0.984343447002 3.0
0.0876963135596 0.984082126741 0.000485190934168 0.984539765433 3.0
0.0887004098857 0.985059796022 0.000485190934168 0.984745702358 3.0
0.0897045062117 0.984734895421 0.000485190934168 0.984962674274 3.0
0.0907086025378 0.984878911165 0.000485190934168 0.985192713405 3.0
0.0917126988639 0.986024541987 0.000485190934168 0.985439196302 3.0
0.09271679519 0.985684382892 0.000485190934168 0.985728714864 2.0
0.0937208915161 0.986303608013 0.000485190934168 0.986109665406 2.0
0.0947249878422 0.986047112048 0.000485190934168 0.986540630218 2.0
0.0957290841682 0.987496809642 0.000485190934168 0.98700661826 2.0
0.0967331804943 0.986974737383 0.000485190934168 0.987499152147 2.0
0.0977372768204 0.988347440787 0.000485190934168 0.988012266343 2.0
0.0987413731465 0.988947406361 0.000485190934168 0.988541322031 2.0
0.0997454694726 0.989164079487 0.000485190934168 0.989082493506 2.0
0.100749565799 0.988856198248 0.000485190934168 0.989632500073 2.0
0.101753662125 0.989864784193 0.000485190934168 0.990188448857 2.0
0.102757758451 0.991413584192 0.000485190934168 0.990747734828 2.0
0.103761854777 0.991765742437 0.000485190934168 0.991307973163 2.0
0.104765951103 0.992018866456 0.000485190934168 0.991866951158 2.0
0.105770047429 0.991815528342 0.000485190934168 0.992422592551 2.0
0.106774143755 0.992845601824 0.000485190934168 0.992972930017 2.0
0.107778240081 0.993083090126 0.000485190934168 0.993516083179 2.0
0.108782336407 0.99420869351 0.000485190934168 0.994050240361 2.0
0.109786432733 0.994893901338 0.000485190934168 0.994573642847 2.0
0.11079052906 0.994368081229 0.000485190934168 0.995084570741 2.0
0.111794625386 0.994932511929 0.000485190934168 0.995581329652 2.0
0.112798721712 0.996078578204 0.000485190934168 0.996062237557 2.0
0.113802818038 0.99756033279 0.000485190934168 0.996525611118 2.0
0.114806914364 0.997750725212 0.000485190934168 0.996969750691 2.0
0.11581101069 0.996934477041 0.000485190934168 0.997392922961 2.0
0.116815107016 0.997355971116 0.000485190934168 0.997793339764 2.0
0.117819203342 0.998741225618 0.000485190934168 0.998169130846 2.0
0.118823299668 0.998242817688 0.000485190934168 0.998518306889 2.0
0.119827395994 0.999755832444 0.000485190934168 0.998838706392 2.0
0.12083149232 0.998753890291 0.000485190934168 0.999127914184 2.0
0.121835588646 0.999938517866 0.000485190934168 0.999383126116 2.0
0.122839684973 0.999559615392 0.000485190934168 0.999600899262 2.0
0.123843781299 0.999552997622 0.000485190934168 0.999776612828 2.0
0.124847877625 0.998868699764 0.000485190934168 0.999902937952 2.0
0.125851973951 1.00024421031 0.000485190934168 0.999959120678 0.0
0.126856070277 1.00015512078 0.000485190934168 0.999959120678 0.0
0.127860166603 0.999851694368 0.000485190934168 0.999959120678 0.0
0.128864262929 1.00000671072 0.000485190934168 0.999959120678 0.0
0.129868359255 1.00096508193 0.000485190934168 0.999959120678 0.0
0.130872455581 0.999622964551 0.000485190934168 0.999959120678 0.0
0.131876551907 0.999111788671 0.000485190934168 0.999959120678 0.0
0.132880648233 0.999497838957 0.000485190934168 0.999959120678 0.0
0.133884744559 1.00029878904 0.000485190934168 0.999959120678 0.0
0.134888840886 0.999694906087 0.000485190934168 0.999959120678 0.0
0.135892937212 0.999401905048 0.000485190934168 0.999959120678 0.0
0.136897033538 1.00027981489 0.000485190934168 0.999959120678 0.0
0.137901129864 1.00016669501 0.000485190934168 0.999959120678 0.0
0.13890522619 0.999578980375 0.000485190934168 0.999959120678 0.0
0.139909322516 1.0001530002 0.000485190934168 0.999959120678 0.0
0.140913418842 0.999598073761 0.000485190934168 0.999959120678 0.0
0.141917515168 1.00001913894 0.000485190934168 0.999959120678 0.0
0.142921611494 1.00066334217 0.000485190934168 0.999959120678 0.0
0.14392570782 1.00059950636 0.000485190934168 0.999959120678 0.0
0.144929804146 0.999344026135 0.000485190934168 0.999959120678 0.0
0.145933900472 1.00013835855 0.000485190934168 0.999959120678 0.0
0.146937996799 1.00029289843 0.000485190934168 0.999959120678 0.0
0.147942093125 1.00035081774 0.000485190934168 0.999959120678 0.0
0.148946189451 0.999990685584 0.000485190934168 0.999959120678 0.0
0.149950285777 1.00065165106 0.000485190934168 0.999959120678 0.0
