-0.104227079235 0.99977105846 0.000354019623089 0.999951079549 0.0
-0.103528148335 0.999838879583 0.000354019623089 0.999951079549 0.0
-0.102829217436 0.999869037393 0.000354019623089 0.999951079549 0.0
-0.102130286537 0.999584736341 0.000354019623089 0.999951079549 0.0
-0.101431355637 1.00053322964 0.000354019623089 0.999951079549 0.0
-0.100732424738 0.998946891798 0.000354019623089 0.999951079549 0.0
-0.100033493838 0.999302968294 0.000354019623089 0.999951079549 0.0
-0.0993345629388 1.00086410872 0.000354019623089 0.999951079549 0.0
-0.0986356320393 1.00006839164 0.000354019623089 0.999951079549 0.0
-0.0979367011399 0.999936576467 0.000354019623089 0.999951079549 0.0
-0.0972377702405 0.999760400534 0.000354019623089 0.999951079549 0.0
-0.096538839341 1.00033034851 0.000354019623089 0.999951079549 0.0
-0.0958399084416 1.00070363146 0.000354019623089 0.999951079549 0.0
-0.0951409775421 0.999972783928 0.000354019623089 0.999951079549 0.0
-0.0944420466427 0.999904119677 0.000354019623089 0.999951079549 0.0
-0.0937431157433 0.999693946211 0.000354019623089 0.999951079549 0.0
-0.0930441848438 0.99998922967 0.000354019623089 0.999951079549 0.0
-0.0923452539444 0.999897042952 0.000354019623089 0.999951079549 0.0
-0.0916463230449 0.999469544928 0.000354019623089 0.999951079549 0.0
-0.0909473921455 1.00024265597 0.000354019623089 0.999951079549 0.0
-0.0902484612461 0.999731426286 0.000354019623089 0.999951079549 0.0
-0.0895495303466 0.999884063876 0.000354019623089 0.999951079549 0.0
-0.0888505994472 1.00006339772 0.000354019623089 0.999951079549 0.0
-0.0881516685477 1.00007026886 0.000354019623089 0.999951079549 0.0
-0.0874527376483 1.00063855235 0.000354019623089 0.999951079549 0.0
-0.0867538067489 0.999627002235 0.000354019623089 0.99994871738 1.0
-0.0860548758494 1.00008227526 0.000354019623089 0.999892006003 1.0
-0.08535594495 0.999455733082 0.000354019623089 0.99979083328 1.0
-0.0846570140505 0.999671058891 0.000354019623089 0.999655474278 1.0
-0.0839580831511 0.999168144149 0.000354019623089 0.999490771678 1.0
-0.0832591522517 0.998956441639 0.000354019623089 0.999299979699 1.0
-0.0825602213522 0.999242910613 0.000354019623089 0.999085602786 1.0
-0.0818612904528 0.999302083333 0.000354019623089 0.998849718249 1.0
-0.0811623595533 0.998444509078 0.000354019623089 0.998594132939 1.0
-0.0804634286539 0.998211125536 0.000354019623089 0.998320470687 1.0
-0.0797644977545 0.998304032265 0.000354019623089 0.998030225996 1.0
-0.079065566855 0.998013462185 0.000354019623089 0.997724799469 1.0
-0.0783666359556 0.997378762956 0.000354019623089 0.997405522585 1.0
-0.0776677050561 0.99663055709 0.000354019623089 0.997073675899 1.0
-0.0769687741567 0.996993937068 0.000354019623089 0.996730503042 1.0
-0.0762698432573 0.996105195831 0.000354019623089 0.996377221967 1.0
-0.0755709123578 0.996028442025 0.000354019623089 0.996015034377 1.0
-0.0748719814584 0.995842877702 0.000354019623089 0.995645133999 1.0
-0.0741730505589 0.995549417334 0.000354019623089 0.995268714174 1.0
-0.0734741196595 0.995273065373 0.000354019623089 0.994886975172 1.0
-0.0727751887601 0.994292530065 0.000354019623089 0.994501131553 1.0
-0.0720762578606 0.993582393413 0.000354019623089 0.99411241996 1.0
-0.0713773269612 0.993636886298 0.000354019623089 0.993722107698 1.0
-0.0706783960617 0.993302794453 0.000354019623089 0.993331502608 1.0
-0.0699794651623 0.99340720943 0.000354019623089 0.992941964863 1.0
-0.0692805342629 0.992906391506 0.000354019623089 0.99255492158 1.0
-0.0685816033634 0.992166091074 0.000354019623089 0.992171885604 1.0
-0.067882672464 0.991368839288 0.000354019623089 0.991794480523 1.0
-0.0671837415645 0.99163870783 0.000354019623089 0.991424475343 1.0
-0.0664848106651 0.991365531193 0.000354019623089 0.99106383474 1.0
-0.0657858797657 0.990921101325 0.000354019623089 0.990714795904 1.0
-0.0650869488662 0.989800526289 0.000354019623089 0.990379994415 1.0
-0.0643880179668 0.989737226258 0.000354019623089 0.990062690788 1.0
-0.0636890870674 0.989227336227 0.000354019623089 0.989767240049 1.0
-0.0629901561679 0.989781985878 0.000354019623089 0.989500338223 1.0
-0.0622912252685 0.989336925321 0.000354019623089 0.989281791233 3.0
-0.061592294369 0.989409210065 0.000354019623089 0.989113236821 3.0
-0.0608933634696 0.988747538441 0.000354019623089 0.988962184276 3.0
-0.0601944325702 0.988487009868 0.000354019623089 0.988821352462 3.0
-0.0594955016707 0.988589791242 0.000354019623089 0.988688939135 3.0
-0.0587965707713 0.988698107549 0.000354019623089 0.988563754193 3.0
-0.0580976398718 0.988233237574 0.000354019623089 0.988444928987 3.0
-0.0573987089724 0.988435196353 0.000354019623089 0.988331791764 3.0
-0.056699778073 0.987360724519 0.000354019623089 0.988223802746 3.0
-0.0560008471735 0.988316020983 0.000354019623089 0.988120516138 3.0
-0.0553019162741 0.987733234444 0.000354019623089 0.988021556096 3.0
-0.0546029853746 0.988447304979 0.000354019623089 0.987926600606 3.0
-0.0539040544752 0.988081769633 0.000354019623089 0.987835370191 3.0
-0.0532051235758 0.988051770453 0.000354019623089 0.987747619702 3.0
-0.0525061926763 0.987841651798 0.000354019623089 0.987663132181 3.0
-0.0518072617769 0.987444465886 0.000354019623089 0.987581714166 3.0
-0.0511083308774 0.987483789932 0.000354019623089 0.987503192014 3.0
-0.050409399978 0.987368233329 0.000354019623089 0.98742740898 3.0
-0.0497104690786 0.987018171497 0.000354019623089 0.987354222866 3.0
-0.0490115381791 0.98697305003 0.000354019623089 0.987283504089 3.0
-0.0483126072797 0.98759598127 0.000354019623089 0.987215134091 3.0
-0.0476136763802 0.986951266339 0.000354019623089 0.987149004013 3.0
-0.0469147454808 0.986836987903 0.000354019623089 0.98708501357 3.0
-0.0462158145814 0.986636025165 0.000354019623089 0.987023070105 3.0
-0.0455168836819 0.986952800797 0.000354019623089 0.986963087775 3.0
-0.0448179527825 0.986778248893 0.000354019623089 0.986904986851 3.0
-0.044119021883 0.9872950752 0.000354019623089 0.986848693116 3.0
-0.0434200909836 0.986996242697 0.000354019623089 0.986794137334 3.0
-0.0427211600842 0.986291396946 0.000354019623089 0.986741254792 3.0
-0.0420222291847 0.987381297624 0.000354019623089 0.986689984892 3.0
-0.0413232982853 0.987252192765 0.000354019623089 0.986640270801 3.0
-0.0406243673858 0.986478304475 0.000354019623089 0.986592059126 3.0
-0.0399254364864 0.987075383896 0.000354019623089 0.986545299638 3.0
-0.039226505587 0.986615422112 0.000354019623089 0.986499945019 3.0
-0.0385275746875 0.986276370765 0.000354019623089 0.986455950638 3.0
-0.0378286437881 0.986477076329 0.000354019623089 0.98641327435 3.0
-0.0371297128886 0.98627858112 0.000354019623089 0.986371876313 3.0
-0.0364307819892 0.986866732172 0.000354019623089 0.986331718823 3.0
-0.0357318510898 0.986032990305 0.000354019623089 0.986292766171 3.0
-0.0350329201903 0.985910037251 0.000354019623089 0.9862549845 3.0
-0.0343339892909 0.986017961693 0.000354019623089 0.986218341692 3.0
-0.0336350583914 0.986252554244 0.000354019623089 0.986182807249 3.0
-0.032936127492 0.986333493721 0.000354019623089 0.986148352195 3.0
-0.0322371965926 0.986051987249 0.000354019623089 0.986114948982 3.0
-0.0315382656931 0.986613683646 0.000354019623089 0.986082571405 3.0
-0.0308393347937 0.985922572897 0.000354019623089 0.986051194524 3.0
-0.0301404038942 0.986029559777 0.000354019623089 0.986020794589 3.0
-0.0294414729948 0.986090425591 0.000354019623089 0.985991348979 3.0
-0.0287425420954 0.98623892255 0.000354019623089 0.985962836137 3.0
-0.0280436111959 0.986077130314 0.000354019623089 0.985935235515 3.0
-0.0273446802965 0.986118986423 0.000354019623089 0.985908527522 3.0
-0.026645749397 0.986238467386 0.000354019623089 0.985882693473 3.0
-0.0259468184976 0.986301858214 0.000354019623089 0.985857715549 3.0
-0.0252478875982 0.986257695864 0.000354019623089 0.985833576753 3.0
-0.0245489566987 0.985578838804 0.000354019623089 0.98581026087 3.0
-0.0238500257993 0.986242254665 0.000354019623089 0.985787752433 3.0
-0.0231510948998 0.985872225162 0.000354019623089 0.985766036691 3.0
-0.0224521640004 0.986128383611 0.000354019623089 0.985745099575 3.0
-0.021753233101 0.985948442927 0.000354019623089 0.985724927671 3.0
-0.0210543022015 0.985663122445 0.000354019623089 0.985705508193 3.0
-0.0203553713021 0.986060373154 0.000354019623089 0.985686828956 3.0
-0.0196564404026 0.98602280784 0.000354019623089 0.985668878356 3.0
-0.0189575095032 0.984728070525 0.000354019623089 0.985651645347 3.0
-0.0182585786038 0.985792782198 0.000354019623089 0.985635119417 3.0
-0.0175596477043 0.985566666828 0.000354019623089 0.985619290574 3.0
-0.0168607168049 0.985379614707 0.000354019623089 0.985604149328 3.0
-0.0161617859054 0.985496913122 0.000354019623089 0.985589686668 3.0
-0.015462855006 0.985737797495 0.000354019623089 0.985575894055 3.0
-0.0147639241066 0.985223417213 0.000354019623089 0.985562763404 3.0
-0.0140649932071 0.985682589367 0.000354019623089 0.985550287067 3.0
-0.0133660623077 0.986230804037 0.000354019623089 0.985538457826 3.0
-0.0126671314082 0.984958278765 0.000354019623089 0.98552726888 3.0
-0.0119682005088 0.984869121625 0.000354019623089 0.985516713832 3.0
-0.0112692696094 0.985856270636 0.000354019623089 0.98550678668 3.0
-0.0105703387099 0.985353345285 0.000354019623089 0.985497481809 3.0
-0.00987140781049 0.985538134448 0.000354019623089 0.985488793979 3.0
-0.00917247691105 0.985569444363 0.000354019623089 0.985480718324 3.0
-0.00847354601161 0.984841300924 0.000354019623089 0.985473250334 3.0
-0.00777461511217 0.985133683686 0.000354019623089 0.985466385859 3.0
-0.00707568421273 0.985260982887 0.000354019623089 0.985460121095 3.0
-0.00637675331329 0.986038665173 0.000354019623089 0.985454452584 3.0
-0.00567782241385 0.98524260892 0.000354019623089 0.985449377205 3.0
-0.00497889151441 0.985598409393 0.000354019623089 0.98544489217 3.0
-0.00427996061497 0.985370158283 0.000354019623089 0.985440995025 3.0
-0.00358102971553 0.985378272726 0.000354019623089 0.985437683637 3.0
-0.00288209881609 0.984736414002 0.000354019623089 0.985434956201 3.0
-0.00218316791665 0.985378983163 0.000354019623089 0.985432811229 3.0
-0.00148423701721 0.986219807923 0.000354019623089 0.985431247556 3.0
-0.000785306117769 0.98567433954 0.000354019623089 0.98543026433 3.0
-8.63752183295e-05 0.985434574028 0.000354019623089 0.985429861019 3.0
0.00061255568111 0.985801350995 0.000354019623089 0.985430037401 3.0
0.00131148658055 0.985154615681 0.000354019623089 0.985430793574 3.0
0.00201041747999 0.985414411514 0.000354019623089 0.985432129948 3.0
0.00270934837943 0.986135774044 0.000354019623089 0.985434047249 3.0
0.00340827927887 0.985485653558 0.000354019623089 0.985436546521 3.0
0.00410721017831 0.984841982321 0.000354019623089 0.985439629125 3.0
0.00480614107775 0.985625568324 0.000354019623089 0.98544329674 3.0
0.00550507197719 0.985039331597 0.000354019623089 0.985447551372 3.0
0.00620400287663 0.984851172712 0.000354019623089 0.985452395348 3.0
0.00690293377607 0.985736779801 0.000354019623089 0.985457831325 3.0
0.00760186467551 0.985888622168 0.000354019623089 0.985463862293 3.0
0.00830079557495 0.985653672954 0.000354019623089 0.985470491578 3.0
0.00899972647439 0.985835630347 0.000354019623089 0.985477722848 3.0
0.00969865737383 0.98494060251 0.000354019623089 0.985485560116 3.0
0.0103975882733 0.985222692991 0.000354019623089 0.985494007751 3.0
0.0110965191727 0.985081979032 0.000354019623089 0.985503070479 3.0
0.0117954500721 0.985568111702 0.000354019623089 0.985512753392 3.0
0.0124943809716 0.985785055667 0.000354019623089 0.985523061958 3.0
0.013193311871 0.985217939796 0.000354019623089 0.985534002026 3.0
0.0138922427705 0.985333343634 0.000354019623089 0.985545579836 3.0
0.0145911736699 0.985634168053 0.000354019623089 0.985557802031 3.0
0.0152901045693 0.985586312338 0.000354019623089 0.985570675666 3.0
0.0159890354688 0.986256299985 0.000354019623089 0.985584208216 3.0
0.0166879663682 0.985518491324 0.000354019623089 0.985598407595 3.0
0.0173868972677 0.985785059911 0.000354019623089 0.985613282162 3.0
0.0180858281671 0.985696381786 0.000354019623089 0.985628840743 3.0
0.0187847590665 0.98583389506 0.000354019623089 0.985645092637 3.0
0.019483689966 0.986062430363 0.000354019623089 0.985662047638 3.0
0.0201826208654 0.985712135004 0.000354019623089 0.985679716052 3.0
0.0208815517649 0.985655544742 0.000354019623089 0.985698108714 3.0
0.0215804826643 0.985842134939 0.000354019623089 0.985717237007 3.0
0.0222794135637 0.984579406107 0.000354019623089 0.985737112886 3.0
0.0229783444632 0.985991787219 0.000354019623089 0.985757748898 3.0
0.0236772753626 0.985587760074 0.000354019623089 0.985779158209 3.0
0.0243762062621 0.985773411393 0.000354019623089 0.985801354628 3.0
0.0250751371615 0.985322418329 0.000354019623089 0.985824352635 3.0
0.0257740680609 0.98592337762 0.000354019623089 0.985848167414 3.0
0.0264729989604 0.986283175982 0.000354019623089 0.985872814882 3.0
0.0271719298598 0.985695848255 0.000354019623089 0.985898311725 3.0
0.0278708607593 0.985752602961 0.000354019623089 0.985924675438 3.0
0.0285697916587 0.985871454048 0.000354019623089 0.985951924359 3.0
0.0292687225581 0.985853776181 0.000354019623089 0.98598007772 3.0
0.0299676534576 0.986026502624 0.000354019623089 0.986009155688 3.0
0.030666584357 0.986052636877 0.000354019623089 0.986039179419 3.0
0.0313655152565 0.985968155715 0.000354019623089 0.986070171112 3.0
0.0320644461559 0.985902062476 0.000354019623089 0.986102154064 3.0
0.0327633770553 0.985518851147 0.000354019623089 0.986135152744 3.0
0.0334623079548 0.986231824313 0.000354019623089 0.986169192851 3.0
0.0341612388542 0.98585412618 0.000354019623089 0.986204301398 3.0
0.0348601697537 0.98609606892 0.000354019623089 0.986240506792 3.0
0.0355591006531 0.985844685053 0.000354019623089 0.986277838922 3.0
0.0362580315525 0.985560282526 0.000354019623089 0.986316329261 3.0
0.036956962452 0.986778043746 0.000354019623089 0.986356010971 3.0
0.0376558933514 0.9866028073 0.000354019623089 0.98639691902 3.0
0.0383548242509 0.986022814214 0.000354019623089 0.986439090315 3.0
0.0390537551503 0.987090203765 0.000354019623089 0.986482563841 3.0
0.0397526860497 0.985924492203 0.000354019623089 0.986527380822 3.0
0.0404516169492 0.987140585015 0.000354019623089 0.986573584893 3.0
0.0411505478486 0.987481634036 0.000354019623089 0.986621222295 3.0
0.0418494787481 0.986533843697 0.000354019623089 0.986670342088 3.0
0.0425484096475 0.986478515982 0.000354019623089 0.986720996396 3.0
0.0432473405469 0.986275470846 0.000354019623089 0.986773240669 3.0
0.0439462714464 0.986717517942 0.000354019623089 0.986827133992 3.0
0.0446452023458 0.986706325179 0.000354019623089 0.98688273942 3.0
0.0453441332453 0.986740873752 0.000354019623089 0.986940124368 3.0
0.0460430641447 0.98708024235 0.000354019623089 0.986999361044 3.0
0.0467419950441 0.98706099842 0.000354019623089 0.987060526953 3.0
0.0474409259436 0.987533950805 0.000354019623089 0.987123705466 3.0
0.048139856843 0.987232869741 0.000354019623089 0.987188986483 3.0
0.0488387877425 0.987544149023 0.000354019623089 0.987256467198 3.0
0.0495377186419 0.9870392789 0.000354019623089 0.98732625299 3.0
0.0502366495413 0.987364537219 0.000354019623089 0.987398458476 3.0
0.0509355804408 0.987804017203 0.000354019623089 0.987473208747 3.0
0.0516345113402 0.98680969651 0.000354019623089 0.987550640856 3.0
0.0523334422397 0.98801577036 0.000354019623089 0.987630905599 3.0
0.0530323731391 0.987437256588 0.000354019623089 0.98771416969 3.0
0.0537313040385 0.987665622721 0.000354019623089 0.987800618443 3.0
0.054430234938 0.988130033032 0.000354019623089 0.987890459122 3.0
0.0551291658374 0.988010176175 0.000354019623089 0.987983925201 3.0
0.0558280967369 0.987930968435 0.000354019623089 0.988081281874 3.0
0.0565270276363 0.988540070567 0.000354019623089 0.988182833358 3.0
0.0572259585357 0.987917506272 0.000354019623089 0.988288932821 3.0
0.0579248894352 0.98861016061 0.000354019623089 0.988399996343 3.0
0.0586238203346 0.988457518963 0.000354019623089 0.988516523344 3.0
0.0593227512341 0.988506517511 0.000354019623089 0.988639128093 3.0
0.0600216821335 0.988654555854 0.000354019623089 0.988768591752 3.0
0.0607206130329 0.988873868942 0.000354019623089 0.988905957246 3.0
0.0614195439324 0.989116931929 0.000354019623089 0.98905273119 3.0
0.0621184748318 0.989602847647 0.000354019623089 0.989211473613 3.0
0.0628174057313 0.990013693861 0.000354019623089 0.989406172263 2.0
0.0635163366307 0.989662711736 0.000354019623089 0.989658852958 2.0
0.0642152675301 0.990258374573 0.000354019623089 0.989944138669 2.0
0.0649141984296 0.99020808824 0.000354019623089 0.990253493377 2.0
0.065613129329 0.990222658768 0.000354019623089 0.990581879608 2.0
0.0663120602285 0.99084963711 0.000354019623089 0.990925687083 2.0
0.0670109911279 0.991235291715 0.000354019623089 0.991282071142 2.0
0.0677099220273 0.992157410837 0.000354019623089 0.991648657547 2.0
0.0684088529268 0.992080969497 0.000354019623089 0.992023386128 2.0
0.0691077838262 0.992450959012 0.000354019623089 0.992404418413 2.0
0.0698067147256 0.99271898511 0.000354019623089 0.992790078713 2.0
0.0705056456251 0.993143620785 0.000354019623089 0.99317881425 2.0
0.0712045765245 0.992854870162 0.000354019623089 0.993569166873 2.0
0.071903507424 0.994152164365 0.000354019623089 0.993959752141 2.0
0.0726024383234 0.994400544523 0.000354019623089 0.994349243264 2.0
0.0733013692228 0.994842125549 0.000354019623089 0.994736358334 2.0
0.0740003001223 0.994733153378 0.000354019623089 0.995119849788 2.0
0.0746992310217 0.995866118421 0.000354019623089 0.995498495383 2.0
0.0753981619212 0.995757583892 0.000354019623089 0.995871090148 2.0
0.0760970928206 0.996209075519 0.000354019623089 0.996236438896 2.0
0.07679602372 0.996901057041 0.000354019623089 0.996593348933 2.0
0.0774949546195 0.996507415013 0.000354019623089 0.996940622615 2.0
0.0781938855189 0.997265939154 0.000354019623089 0.997277049398 2.0
0.0788928164184 0.997998558182 0.000354019623089 0.997601396923 2.0
0.0795917473178 0.997978102834 0.000354019623089 0.99791240058 2.0
0.0802906782172 0.998029521634 0.000354019623089 0.998208750719 2.0
0.0809896091167 0.998687289331 0.000354019623089 0.998489076317 2.0
0.0816885400161 0.998214174093 0.000354019623089 0.998751923139 2.0
0.0823874709156 0.999361526836 0.000354019623089 0.998995723134 2.0
0.083086401815 0.998333003923 0.000354019623089 0.999218749159 2.0
0.0837853327144 0.999767668035 0.000354019623089 0.999419043431 2.0
0.0844842636139 0.999497484432 0.000354019623089 0.999594294515 2.0
0.0851831945133 1.00038969248 0.000354019623089 0.999741599148 2.0
0.0858821254128 0.999968398186 0.000354019623089 0.999856906842 2.0
0.0865810563122 1.00006118444 0.000354019623089 0.999933152379 2.0
0.0872799872116 1.00057228643 0.000354019623089 0.999951079549 0.0
0.0879789181111 0.999444519867 0.000354019623089 0.999951079549 0.0
0.0886778490105 0.999705895939 0.000354019623089 0.999951079549 0.0
0.08937677991 0.999971797413 0.000354019623089 0.999951079549 0.0
0.0900757108094 0.999358641361 0.000354019623089 0.999951079549 0.0
0.0907746417088 1.00016427971 0.000354019623089 0.999951079549 0.0
0.0914735726083 1.00033427724 0.000354019623089 0.999951079549 0.0
0.0921725035077 1.00010183054 0.000354019623089 0.999951079549 0.0
0.0928714344072 1.00017515822 0.000354019623089 0.999951079549 0.0
0.0935703653066 0.999602976382 0.000354019623089 0.999951079549 0.0
0.094269296206 0.999441428291 0.000354019623089 0.999951079549 0.0
0.0949682271055 1.00006222 0.000354019623089 0.999951079549 0.0
0.0956671580049 0.999729408468 0.000354019623089 0.999951079549 0.0
0.0963660889044 0.999799550192 0.000354019623089 0.999951079549 0.0
0.0970650198038 1.00075557748 0.000354019623089 0.999951079549 0.0
0.0977639507032 0.999568540285 0.000354019623089 0.999951079549 0.0
0.0984628816027 0.999636805 0.000354019623089 0.999951079549 0.0
0.0991618125021 0.999602780034 0.000354019623089 0.999951079549 0.0
0.0998607434016 1.00049823865 0.000354019623089 0.999951079549 0.0
0.100559674301 0.999852462605 0.000354019623089 0.999951079549 0.0
0.1012586052 1.00011960039 0.000354019623089 0.999951079549 0.0
0.1019575361 0.999618859796 0.000354019623089 0.999951079549 0.0
0.102656466999 0.999652793828 0.000354019623089 0.999951079549 0.0
0.103355397899 1.00042647251 0.000354019623089 0.999951079549 0.0
0.104054328798 1.00013360122 0.000354019623089 0.999951079549 0.0
0.104753259698 1.00019730006 0.000354019623089 0.999951079549 0.0
