-0.125186738371 1.00058735798 0.000266745965644 1.00001594833 0.0
-0.124348413813 1.00041640791 0.000266745965644 1.00001594833 0.0
-0.123510089256 1.00002070475 0.000266745965644 1.00001594833 0.0
-0.122671764698 0.999865645324 0.000266745965644 1.00001594833 0.0
-0.12183344014 1.00032072293 0.000266745965644 1.00001594833 0.0
-0.120995115582 1.00034370546 0.000266745965644 1.00001594833 0.0
-0.120156791025 0.999766797721 0.000266745965644 1.00001594833 0.0
-0.119318466467 0.999661277388 0.000266745965644 1.00001594833 0.0
-0.118480141909 1.0004736941 0.000266745965644 1.00001594833 0.0
-0.117641817351 0.999739278753 0.000266745965644 1.00001594833 0.0
-0.116803492794 0.999915411708 0.000266745965644 1.00001594833 0.0
-0.115965168236 1.0000637451 0.000266745965644 1.00001594833 0.0
-0.115126843678 1.0000355364 0.000266745965644 1.00001594833 0.0
-0.11428851912 0.999654343202 0.000266745965644 1.00001594833 0.0
-0.113450194563 0.999744304589 0.000266745965644 1.00001594833 0.0
-0.112611870005 1.00030720569 0.000266745965644 1.00001594833 0.0
-0.111773545447 0.999740498167 0.000266745965644 1.00001594833 0.0
-0.110935220889 1.00010278062 0.000266745965644 1.00001594833 0.0
-0.110096896332 1.00036473349 0.000266745965644 1.00001594833 0.0
-0.109258571774 0.999734088678 0.000266745965644 1.00001594833 0.0
-0.108420247216 1.00024294658 0.000266745965644 1.00001594833 0.0
-0.107581922658 0.999339282882 0.000266745965644 1.00001594833 0.0
-0.106743598101 0.999965697165 0.000266745965644 1.00001594833 0.0
-0.105905273543 0.999982755929 0.000266745965644 1.00001594833 0.0
-0.105066948985 0.999580624894 0.000266745965644 1.00001594833 0.0
-0.104228624427 1.00006139918 0.000266745965644 0.999991190876 1.0
-0.10339029987 1.00007182728 0.000266745965644 0.999845648353 1.0
-0.102551975312 0.999173024641 0.000266745965644 0.999621321279 1.0
-0.101713650754 0.999220201953 0.000266745965644 0.999335038088 1.0
-0.100875326196 0.998766402637 0.000266745965644 0.998995656128 1.0
-0.100037001639 0.99879750936 0.000266745965644 0.998609242335 1.0
-0.0991986770808 0.998190035522 0.000266745965644 0.998180484036 1.0
-0.0983603525231 0.997609097562 0.000266745965644 0.997713272045 1.0
-0.0975220279653 0.996897869908 0.000266745965644 0.997210995594 1.0
-0.0966837034076 0.996688046845 0.000266745965644 0.996676711907 1.0
-0.0958453788498 0.996324754588 0.000266745965644 0.996113253199 1.0
-0.0950070542921 0.995874408057 0.000266745965644 0.995523299428 1.0
-0.0941687297343 0.995103519593 0.000266745965644 0.99490943111 1.0
-0.0933304051766 0.993961546125 0.000266745965644 0.994274170088 1.0
-0.0924920806188 0.993200341408 0.000266745965644 0.993620012986 1.0
-0.0916537560611 0.993094396986 0.000266745965644 0.992949460391 1.0
-0.0908154315034 0.992659465026 0.000266745965644 0.992265043962 1.0
-0.0899771069456 0.991786973449 0.000266745965644 0.991569353173 1.0
-0.0891387823879 0.991027081392 0.000266745965644 0.990865063303 1.0
-0.0883004578301 0.989952837252 0.000266745965644 0.990154966345 1.0
-0.0874621332724 0.989206520732 0.000266745965644 0.989442006873 1.0
-0.0866238087146 0.98853300208 0.000266745965644 0.988729325604 1.0
-0.0857854841569 0.988250982374 0.000266745965644 0.988020314609 1.0
-0.0849471595991 0.987625827825 0.000266745965644 0.987318690377 1.0
-0.0841088350414 0.98679115468 0.000266745965644 0.98662859491 1.0
-0.0832705104836 0.985758795361 0.000266745965644 0.985954742951 1.0
-0.0824321859259 0.984988815186 0.000266745965644 0.985302649853 1.0
-0.0815938613681 0.984544432652 0.000266745965644 0.984679013172 1.0
-0.0807555368104 0.984481840792 0.000266745965644 0.984092425541 1.0
-0.0799172122526 0.983484627865 0.000266745965644 0.983554952276 1.0
-0.0790788876949 0.983347656447 0.000266745965644 0.983086942881 1.0
-0.0782405631371 0.982501000279 0.000266745965644 0.982750003173 3.0
-0.0774022385794 0.98255466942 0.000266745965644 0.982498048675 3.0
-0.0765639140216 0.981978623315 0.000266745965644 0.982265504873 3.0
-0.0757255894639 0.982200036987 0.000266745965644 0.98204786743 3.0
-0.0748872649061 0.981911303813 0.000266745965644 0.981842591207 3.0
-0.0740489403484 0.981824699332 0.000266745965644 0.981647952188 3.0
-0.0732106157906 0.981326773584 0.000266745965644 0.981462678257 3.0
-0.0723722912329 0.981424131465 0.000266745965644 0.981285780719 3.0
-0.0715339666751 0.980846625852 0.000266745965644 0.981116463583 3.0
-0.0706956421174 0.980973206299 0.000266745965644 0.980954069368 3.0
-0.0698573175596 0.981118461354 0.000266745965644 0.980798044296 3.0
-0.0690189930019 0.981063843216 0.000266745965644 0.980647914687 3.0
-0.0681806684441 0.980628101503 0.000266745965644 0.980503270277 3.0
-0.0673423438864 0.980169674744 0.000266745965644 0.980363752013 3.0
-0.0665040193287 0.980446067532 0.000266745965644 0.980229042898 3.0
-0.0656656947709 0.979993797248 0.000266745965644 0.980098860943 3.0
-0.0648273702132 0.980074260903 0.000266745965644 0.979972953657 3.0
-0.0639890456554 0.979944815847 0.000266745965644 0.979851093656 3.0
-0.0631507210977 0.979722068335 0.000266745965644 0.979733075122 3.0
-0.0623123965399 0.97940540855 0.000266745965644 0.979618710907 3.0
-0.0614740719822 0.979598357192 0.000266745965644 0.979507830144 3.0
-0.0606357474244 0.979470949891 0.000266745965644 0.979400276249 3.0
-0.0597974228667 0.979259553861 0.000266745965644 0.979295905247 3.0
-0.0589590983089 0.979361255355 0.000266745965644 0.979194584349 3.0
-0.0581207737512 0.979122141588 0.000266745965644 0.979096190738 3.0
-0.0572824491934 0.979133416557 0.000266745965644 0.979000610527 3.0
-0.0564441246357 0.979089836509 0.000266745965644 0.978907737856 3.0
-0.0556058000779 0.978745110678 0.000266745965644 0.978817474115 3.0
-0.0547674755202 0.978903229929 0.000266745965644 0.978729727251 3.0
-0.0539291509624 0.978591572498 0.000266745965644 0.978644411178 3.0
-0.0530908264047 0.978438256503 0.000266745965644 0.978561445243 3.0
-0.0522525018469 0.978154386124 0.000266745965644 0.97848075376 3.0
-0.0514141772892 0.978377971279 0.000266745965644 0.978402265599 3.0
-0.0505758527314 0.978440847804 0.000266745965644 0.978325913812 3.0
-0.0497375281737 0.978316108967 0.000266745965644 0.978251635305 3.0
-0.0488992036159 0.977874431633 0.000266745965644 0.978179370542 3.0
-0.0480608790582 0.977510981887 0.000266745965644 0.978109063279 3.0
-0.0472225545004 0.978034903923 0.000266745965644 0.978040660326 3.0
-0.0463842299427 0.977761307171 0.000266745965644 0.977974111326 3.0
-0.0455459053849 0.977046027503 0.000266745965644 0.977909368562 3.0
-0.0447075808272 0.977512354449 0.000266745965644 0.977846386779 3.0
-0.0438692562694 0.977476806116 0.000266745965644 0.977785123019 3.0
-0.0430309317117 0.977134766736 0.000266745965644 0.977725536476 3.0
-0.042192607154 0.977645893818 0.000266745965644 0.977667588359 3.0
-0.0413542825962 0.977513172206 0.000266745965644 0.977611241767 3.0
-0.0405159580385 0.977028821782 0.000266745965644 0.97755646158 3.0
-0.0396776334807 0.977154566281 0.000266745965644 0.977503214351 3.0
-0.038839308923 0.9772505461 0.000266745965644 0.977451468209 3.0
-0.0380009843652 0.977278457992 0.000266745965644 0.977401192774 3.0
-0.0371626598075 0.97724828253 0.000266745965644 0.977352359075 3.0
-0.0363243352497 0.976880116828 0.000266745965644 0.977304939472 3.0
-0.035486010692 0.977430727182 0.000266745965644 0.977258907588 3.0
-0.0346476861342 0.977740389628 0.000266745965644 0.977214238245 3.0
-0.0338093615765 0.976931236737 0.000266745965644 0.977170907405 3.0
-0.0329710370187 0.977031715263 0.000266745965644 0.977128892109 3.0
-0.032132712461 0.977300903555 0.000266745965644 0.977088170433 3.0
-0.0312943879032 0.977333752575 0.000266745965644 0.977048721435 3.0
-0.0304560633455 0.97703439267 0.000266745965644 0.97701052511 3.0
-0.0296177387877 0.97725103589 0.000266745965644 0.976973562351 3.0
-0.02877941423 0.977409406765 0.000266745965644 0.97693781491 3.0
-0.0279410896722 0.976733214853 0.000266745965644 0.976903265358 3.0
-0.0271027651145 0.976767719287 0.000266745965644 0.976869897058 3.0
-0.0262644405567 0.97656981304 0.000266745965644 0.976837694125 3.0
-0.025426115999 0.976687955571 0.000266745965644 0.976806641402 3.0
-0.0245877914412 0.976820881382 0.000266745965644 0.976776724434 3.0
-0.0237494668835 0.976828004518 0.000266745965644 0.976747929435 3.0
-0.0229111423257 0.976428861804 0.000266745965644 0.976720243271 3.0
-0.022072817768 0.976985874384 0.000266745965644 0.976693653433 3.0
-0.0212344932102 0.97690026408 0.000266745965644 0.976668148019 3.0
-0.0203961686525 0.97687371753 0.000266745965644 0.976643715711 3.0
-0.0195578440947 0.976673882778 0.000266745965644 0.97662034576 3.0
-0.018719519537 0.976229422953 0.000266745965644 0.976598027964 3.0
-0.0178811949792 0.976625450866 0.000266745965644 0.976576752658 3.0
-0.0170428704215 0.976562582701 0.000266745965644 0.976556510694 3.0
-0.0162045458638 0.976688450861 0.000266745965644 0.976537293428 3.0
-0.015366221306 0.976418712046 0.000266745965644 0.976519092709 3.0
-0.0145278967483 0.976045133391 0.000266745965644 0.976501900864 3.0
-0.0136895721905 0.976654049624 0.000266745965644 0.976485710688 3.0
-0.0128512476328 0.975956952095 0.000266745965644 0.976470515434 3.0
-0.012012923075 0.976213854199 0.000266745965644 0.976456308803 3.0
-0.0111745985173 0.976384530846 0.000266745965644 0.976443084932 3.0
-0.0103362739595 0.976421364369 0.000266745965644 0.976430838392 3.0
-0.00949794940177 0.97639971545 0.000266745965644 0.976419564172 3.0
-0.00865962484402 0.975902514836 0.000266745965644 0.976409257682 3.0
-0.00782130028627 0.976347053188 0.000266745965644 0.976399914736 3.0
-0.00698297572852 0.975912415645 0.000266745965644 0.976391531556 3.0
-0.00614465117077 0.97636405259 0.000266745965644 0.97638410476 3.0
-0.00530632661303 0.976054603062 0.000266745965644 0.976377618303 3.0
-0.00446800205528 0.976194507514 0.000266745965644 0.976372095701 3.0
-0.00362967749753 0.976213425344 0.000266745965644 0.976367521685 3.0
-0.00279135293978 0.976766272202 0.000266745965644 0.976363894426 3.0
-0.00195302838203 0.976117870776 0.000266745965644 0.976361212477 3.0
-0.00111470382428 0.976017175628 0.000266745965644 0.976359474769 3.0
-0.000276379266536 0.976338307416 0.000266745965644 0.976358680608 3.0
0.000561945291213 0.976124752226 0.000266745965644 0.976358829678 3.0
0.00140026984896 0.97630376017 0.000266745965644 0.97635992204 3.0
0.00223859440671 0.976761614367 0.000266745965644 0.976361958127 3.0
0.00307691896446 0.975763462913 0.000266745965644 0.976364938752 3.0
0.00391524352221 0.976529469206 0.000266745965644 0.976368865103 3.0
0.00475356807995 0.975983089105 0.000266745965644 0.976373738749 3.0
0.0055918926377 0.976331542324 0.000266745965644 0.976379561638 3.0
0.00643021719545 0.975795365888 0.000266745965644 0.976386349162 3.0
0.0072685417532 0.976633446343 0.000266745965644 0.976394077926 3.0
0.00810686631095 0.976203736221 0.000266745965644 0.976402764101 3.0
0.0089451908687 0.97678940165 0.000266745965644 0.976412411193 3.0
0.00978351542644 0.976621919667 0.000266745965644 0.976423023108 3.0
0.0106218399842 0.976767002657 0.000266745965644 0.976434604159 3.0
0.0114601645419 0.976179274009 0.000266745965644 0.976447159069 3.0
0.0122984890997 0.976767633141 0.000266745965644 0.97646069298 3.0
0.0131368136574 0.97614497107 0.000266745965644 0.976475211458 3.0
0.0139751382152 0.976342117856 0.000266745965644 0.976490720502 3.0
0.0148134627729 0.976918200806 0.000266745965644 0.976507226551 3.0
0.0156517873307 0.976901626791 0.000266745965644 0.976524736498 3.0
0.0164901118884 0.976840680868 0.000266745965644 0.976543257692 3.0
0.0173284364462 0.976259317175 0.000266745965644 0.976562797958 3.0
0.0181667610039 0.976485422175 0.000266745965644 0.976583365601 3.0
0.0190050855617 0.97688943894 0.000266745965644 0.976604969421 3.0
0.0198434101194 0.976539973662 0.000266745965644 0.976627618731 3.0
0.0206817346772 0.977111516085 0.000266745965644 0.976651323362 3.0
0.0215200592349 0.977283415072 0.000266745965644 0.976676093687 3.0
0.0223583837927 0.977200812764 0.000266745965644 0.976701940633 3.0
0.0231967083504 0.976906025981 0.000266745965644 0.976728875701 3.0
0.0240350329082 0.977431447093 0.000266745965644 0.976756910983 3.0
0.0248733574659 0.977214707047 0.000266745965644 0.976786059183 3.0
0.0257116820237 0.976841957939 0.000266745965644 0.976816333639 3.0
0.0265500065814 0.976643240568 0.000266745965644 0.976847748344 3.0
0.0273883311392 0.976872068823 0.000266745965644 0.976880317974 3.0
0.0282266556969 0.976773975065 0.000266745965644 0.976914057912 3.0
0.0290649802547 0.976940880906 0.000266745965644 0.976948984278 3.0
0.0299033048124 0.977246449367 0.000266745965644 0.976985113955 3.0
0.0307416293702 0.977198041782 0.000266745965644 0.977022464628 3.0
0.0315799539279 0.977023483068 0.000266745965644 0.977061054813 3.0
0.0324182784856 0.977033898972 0.000266745965644 0.977100903895 3.0
0.0332566030434 0.97727564507 0.000266745965644 0.977142032171 3.0
0.0340949276011 0.977604853082 0.000266745965644 0.977184460888 3.0
0.0349332521589 0.977692208998 0.000266745965644 0.977228212293 3.0
0.0357715767166 0.97725425573 0.000266745965644 0.97727330968 3.0
0.0366099012744 0.977353608002 0.000266745965644 0.97731977744 3.0
0.0374482258321 0.978052376615 0.000266745965644 0.977367641126 3.0
0.0382865503899 0.977148841696 0.000266745965644 0.977416927504 3.0
0.0391248749476 0.977733948807 0.000266745965644 0.977467664628 3.0
0.0399631995054 0.977416951037 0.000266745965644 0.977519881906 3.0
0.0408015240631 0.977545097224 0.000266745965644 0.977573610181 3.0
0.0416398486209 0.978162381547 0.000266745965644 0.977628881811 3.0
0.0424781731786 0.977771602962 0.000266745965644 0.977685730762 3.0
0.0433164977364 0.977888410327 0.000266745965644 0.977744192705 3.0
0.0441548222941 0.978264535987 0.000266745965644 0.977804305125 3.0
0.0449931468519 0.978299752018 0.000266745965644 0.977866107437 3.0
0.0458314714096 0.977755654291 0.000266745965644 0.977929641111 3.0
0.0466697959674 0.977698315328 0.000266745965644 0.977994949816 3.0
0.0475081205251 0.977668255489 0.000266745965644 0.978062079566 3.0
0.0483464450829 0.978674967456 0.000266745965644 0.978131078893 3.0
0.0491847696406 0.978186543993 0.000266745965644 0.978201999026 3.0
0.0500230941984 0.978521448876 0.000266745965644 0.978274894097 3.0
0.0508614187561 0.978471290799 0.000266745965644 0.978349821363 3.0
0.0516997433139 0.978835811337 0.000266745965644 0.978426841455 3.0
0.0525380678716 0.978901834661 0.000266745965644 0.978506018651 3.0
0.0533763924294 0.978996008557 0.000266745965644 0.978587421185 3.0
0.0542147169871 0.978679068219 0.000266745965644 0.978671121584 3.0
0.0550530415449 0.978654835449 0.000266745965644 0.978757197057 3.0
0.0558913661026 0.978552177512 0.000266745965644 0.978845729922 3.0
0.0567296906603 0.978882456617 0.000266745965644 0.978936808089 3.0
0.0575680152181 0.979056418424 0.000266745965644 0.979030525617 3.0
0.0584063397758 0.979397818014 0.000266745965644 0.979126983329 3.0
0.0592446643336 0.979573108247 0.000266745965644 0.979226289532 3.0
0.0600829888913 0.978961203009 0.000266745965644 0.979328560833 3.0
0.0609213134491 0.979794064796 0.000266745965644 0.97943392308 3.0
0.0617596380068 0.979413398863 0.000266745965644 0.979542512459 3.0
0.0625979625646 0.979402353265 0.000266745965644 0.979654476764 3.0
0.0634362871223 0.979312731691 0.000266745965644 0.9797699769 3.0
0.0642746116801 0.979836778733 0.000266745965644 0.979889188648 3.0
0.0651129362378 0.97977934942 0.000266745965644 0.980012304778 3.0
0.0659512607956 0.979674700627 0.000266745965644 0.980139537583 3.0
0.0667895853533 0.98002240996 0.000266745965644 0.980271121966 3.0
0.0676279099111 0.97972323872 0.000266745965644 0.98040731922 3.0
0.0684662344688 0.981448110134 0.000266745965644 0.980548421742 3.0
0.0693045590266 0.980757973729 0.000266745965644 0.980694758975 3.0
0.0701428835843 0.98091797867 0.000266745965644 0.980846705047 3.0
0.0709812081421 0.980922632238 0.000266745965644 0.981004688772 3.0
0.0718195326998 0.981064288577 0.000266745965644 0.981169207078 3.0
0.0726578572576 0.981343549085 0.000266745965644 0.981340843551 3.0
0.0734961818153 0.981305246701 0.000266745965644 0.981520294988 3.0
0.0743345063731 0.981437303145 0.000266745965644 0.981708411172 3.0
0.0751728309308 0.981592789079 0.000266745965644 0.981906258081 3.0
0.0760111554886 0.982579903487 0.000266745965644 0.982115226759 3.0
0.0768494800463 0.982714349637 0.000266745965644 0.982337244436 3.0
0.0776878046041 0.982643794154 0.000266745965644 0.982575274363 3.0
0.0785261291618 0.982765059406 0.000266745965644 0.982835288032 3.0
0.0793644537196 0.983088800019 0.000266745965644 0.98322539983 2.0
0.0802027782773 0.983618702706 0.000266745965644 0.983718568747 2.0
0.081041102835 0.984577016666 0.000266745965644 0.984273204407 2.0
0.0818794273928 0.984237846021 0.000266745965644 0.984872594776 2.0
0.0827177519505 0.985807348863 0.000266745965644 0.9855060455 2.0
0.0835560765083 0.986161302757 0.000266745965644 0.986165674337 2.0
0.084394401066 0.986683571014 0.000266745965644 0.986845213247 2.0
0.0852327256238 0.987069350708 0.000266745965644 0.987539431773 2.0
0.0860710501815 0.988369681178 0.000266745965644 0.988243816057 2.0
0.0869093747393 0.988967450577 0.000266745965644 0.98895437184 2.0
0.087747699297 0.989853085077 0.000266745965644 0.989667494517 2.0
0.0885860238548 0.990641642747 0.000266745965644 0.990379878361 2.0
0.0894243484125 0.990997597863 0.000266745965644 0.991088449975 2.0
0.0902626729703 0.991482456741 0.000266745965644 0.991790317292 2.0
0.091100997528 0.992823588967 0.000266745965644 0.992482728809 2.0
0.0919393220858 0.993350204921 0.000266745965644 0.993163039535 2.0
0.0927776466435 0.993738547864 0.000266745965644 0.993828681207 2.0
0.0936159712013 0.994745892214 0.000266745965644 0.994477134864 2.0
0.094454295759 0.994765136065 0.000266745965644 0.99510590416 2.0
0.0952926203168 0.995628028105 0.000266745965644 0.995712487809 2.0
0.0961309448745 0.996471780807 0.000266745965644 0.996294349312 2.0
0.0969692694323 0.996473192671 0.000266745965644 0.996848881583 2.0
0.09780759399 0.997229271593 0.000266745965644 0.99737336299 2.0
0.0986459185478 0.998174572574 0.000266745965644 0.997864899312 2.0
0.0994842431055 0.998585534306 0.000266745965644 0.998320342152 2.0
0.100322567663 0.998713438815 0.000266745965644 0.99873616625 2.0
0.101160892221 0.999539355669 0.000266745965644 0.999108269752 2.0
0.101999216779 0.998773149539 0.000266745965644 0.999431614263 2.0
0.102837541337 0.999738484263 0.000266745965644 0.999699474624 2.0
0.103675865894 0.999927967888 0.000266745965644 0.999901444442 2.0
0.104514190452 0.999631217859 0.000266745965644 1.00001354996 2.0
0.10535251501 1.00019334659 0.000266745965644 1.00001594833 0.0
0.106190839567 1.00008314807 0.000266745965644 1.00001594833 0.0
0.107029164125 0.999940477649 0.000266745965644 1.00001594833 0.0
0.107867488683 0.999820010746 0.000266745965644 1.00001594833 0.0
0.108705813241 0.999626461942 0.000266745965644 1.00001594833 0.0
0.109544137798 1.00035599708 0.000266745965644 1.00001594833 0.0
0.110382462356 0.999941029417 0.000266745965644 1.00001594833 0.0
0.111220786914 1.00052173673 0.000266745965644 1.00001594833 0.0
0.112059111472 1.00002119682 0.000266745965644 1.00001594833 0.0
0.112897436029 0.999590566104 0.000266745965644 1.00001594833 0.0
0.113735760587 1.00005772918 0.000266745965644 1.00001594833 0.0
0.114574085145 1.00056344443 0.000266745965644 1.00001594833 0.0
0.115412409703 0.9999481034 0.000266745965644 1.00001594833 0.0
0.11625073426 0.999845976624 0.000266745965644 1.00001594833 0.0
0.117089058818 1.00049482156 0.000266745965644 1.00001594833 0.0
0.117927383376 1.00009711332 0.000266745965644 1.00001594833 0.0
0.118765707934 0.99982715858 0.000266745965644 1.00001594833 0.0
0.119604032491 0.999995414109 0.000266745965644 1.00001594833 0.0
0.120442357049 1.00005856371 0.000266745965644 1.00001594833 0.0
0.121280681607 0.999813523836 0.000266745965644 1.00001594833 0.0
0.122119006165 0.999418174018 0.000266745965644 1.00001594833 0.0
0.122957330722 1.00016407047 0.000266745965644 1.00001594833 0.0
0.12379565528 1.00040129029 0.000266745965644 1.00001594833 0.0
0.124633979838 1.00012408421 0.000266745965644 1.00001594833 0.0
0.125472304396 1.00048809863 0.000266745965644 1.00001594833 0.0
