-0.0731545177451 1.00016250865 0.000131016231016 1.00000016655 0.0
-0.072665647697 0.999816109781 0.000131016231016 1.00000016655 0.0
-0.072176777649 0.9997754292 0.000131016231016 1.00000016655 0.0
-0.071687907601 1.0000482984 0.000131016231016 1.00000016655 0.0
-0.0711990375529 1.0000376677 0.000131016231016 1.00000016655 0.0
-0.0707101675049 1.00004260185 0.000131016231016 1.00000016655 0.0
-0.0702212974568 1.00014790178 0.000131016231016 1.00000016655 0.0
-0.0697324274088 1.00005560861 0.000131016231016 1.00000016655 0.0
-0.0692435573607 0.999915611233 0.000131016231016 1.00000016655 0.0
-0.0687546873127 0.999740124399 0.000131016231016 1.00000016655 0.0
-0.0682658172647 0.999918352536 0.000131016231016 1.00000016655 0.0
-0.0677769472166 0.999740893818 0.000131016231016 1.00000016655 0.0
-0.0672880771686 0.999900430257 0.000131016231016 1.00000016655 0.0
-0.0667992071205 1.00005500149 0.000131016231016 1.00000016655 0.0
-0.0663103370725 1.00000402621 0.000131016231016 1.00000016655 0.0
-0.0658214670244 0.999944730092 0.000131016231016 1.00000016655 0.0
-0.0653325969764 1.0000342766 0.000131016231016 1.00000016655 0.0
-0.0648437269284 1.00008956088 0.000131016231016 1.00000016655 0.0
-0.0643548568803 0.999914419497 0.000131016231016 1.00000016655 0.0
-0.0638659868323 1.0000662552 0.000131016231016 1.00000016655 0.0
-0.0633771167842 1.00014014482 0.000131016231016 1.00000016655 0.0
-0.0628882467362 0.999991287537 0.000131016231016 1.00000016655 0.0
-0.0623993766881 0.999936354062 0.000131016231016 1.00000016655 0.0
-0.0619105066401 1.00017537702 0.000131016231016 1.00000016655 0.0
-0.0614216365921 0.999930191697 0.000131016231016 1.00000016655 0.0
-0.060932766544 0.999898406391 0.000131016231016 0.999974137435 1.0
-0.060443896496 1.00017510137 0.000131016231016 0.999875891688 1.0
-0.0599550264479 0.999813948409 0.000131016231016 0.999731128669 1.0
-0.0594661563999 0.999420920504 0.000131016231016 0.999548843317 1.0
-0.0589772863519 0.999620717767 0.000131016231016 0.999334326044 1.0
-0.0584884163038 0.998906510657 0.000131016231016 0.999091445366 1.0
-0.0579995462558 0.998768641216 0.000131016231016 0.998823346055 1.0
-0.0575106762077 0.998434366379 0.000131016231016 0.998532753848 1.0
-0.0570218061597 0.998269177657 0.000131016231016 0.998222136116 1.0
-0.0565329361116 0.997987040908 0.000131016231016 0.997893798232 1.0
-0.0560440660636 0.997537375292 0.000131016231016 0.997549947624 1.0
-0.0555551960156 0.997254842252 0.000131016231016 0.997192740481 1.0
-0.0550663259675 0.99699363871 0.000131016231016 0.996824319048 1.0
-0.0545774559195 0.996516435713 0.000131016231016 0.996446844307 1.0
-0.0540885858714 0.996014960493 0.000131016231016 0.996062527407 1.0
-0.0535997158234 0.995600659623 0.000131016231016 0.995673662789 1.0
-0.0531108457753 0.995222109828 0.000131016231016 0.995282666164 1.0
-0.0526219757273 0.994790184606 0.000131016231016 0.994892121547 1.0
-0.0521331056793 0.994308392037 0.000131016231016 0.99450484378 1.0
-0.0516442356312 0.994112399358 0.000131016231016 0.994123967581 1.0
-0.0511553655832 0.993616486641 0.000131016231016 0.99375308397 1.0
-0.0506664955351 0.993435415773 0.000131016231016 0.993396468081 1.0
-0.0501776254871 0.992895751668 0.000131016231016 0.993059505418 1.0
-0.049688755439 0.993008278646 0.000131016231016 0.992749639934 1.0
-0.049199885391 0.992615722305 0.000131016231016 0.992479308511 1.0
-0.048711015343 0.992271707687 0.000131016231016 0.992284862446 3.0
-0.0482221452949 0.992170355573 0.000131016231016 0.992136528829 3.0
-0.0477332752469 0.992026870233 0.000131016231016 0.992000690181 3.0
-0.0472444051988 0.992058524984 0.000131016231016 0.991874350117 3.0
-0.0467555351508 0.991630117024 0.000131016231016 0.991755806368 3.0
-0.0462666651027 0.991645073263 0.000131016231016 0.991643911669 3.0
-0.0457777950547 0.99154159728 0.000131016231016 0.991537824357 3.0
-0.0452889250067 0.991289265404 0.000131016231016 0.991436893802 3.0
-0.0448000549586 0.991579333308 0.000131016231016 0.991340598815 3.0
-0.0443111849106 0.991275637291 0.000131016231016 0.991248510959 3.0
-0.0438223148625 0.991235488062 0.000131016231016 0.991160271048 3.0
-0.0433334448145 0.99099744316 0.000131016231016 0.991075573244 3.0
-0.0428445747664 0.990848103374 0.000131016231016 0.990994153819 3.0
-0.0423557047184 0.990957237399 0.000131016231016 0.990915782957 3.0
-0.0418668346704 0.990906144929 0.000131016231016 0.990840258596 3.0
-0.0413779646223 0.990834183007 0.000131016231016 0.990767401703 3.0
-0.0408890945743 0.990615691006 0.000131016231016 0.990697052585 3.0
-0.0404002245262 0.990730277782 0.000131016231016 0.990629067947 3.0
-0.0399113544782 0.990239082929 0.000131016231016 0.990563318533 3.0
-0.0394224844302 0.990539821712 0.000131016231016 0.990499687197 3.0
-0.0389336143821 0.99064763265 0.000131016231016 0.990438067313 3.0
-0.0384447443341 0.990417212279 0.000131016231016 0.990378361457 3.0
-0.037955874286 0.99028645318 0.000131016231016 0.990320480296 3.0
-0.037467004238 0.990108729947 0.000131016231016 0.990264341656 3.0
-0.0369781341899 0.990200160056 0.000131016231016 0.990209869718 3.0
-0.0364892641419 0.990081192488 0.000131016231016 0.990156994341 3.0
-0.0360003940939 0.990237936037 0.000131016231016 0.990105650473 3.0
-0.0355115240458 0.989993228136 0.000131016231016 0.990055777637 3.0
-0.0350226539978 0.990032525614 0.000131016231016 0.99000731949 3.0
-0.0345337839497 0.990039692954 0.000131016231016 0.989960223436 3.0
-0.0340449139017 0.989640703706 0.000131016231016 0.989914440282 3.0
-0.0335560438536 0.990102786563 0.000131016231016 0.989869923938 3.0
-0.0330671738056 0.989770463389 0.000131016231016 0.989826631151 3.0
-0.0325783037576 0.990101437042 0.000131016231016 0.989784521267 3.0
-0.0320894337095 0.989636039117 0.000131016231016 0.989743556022 3.0
-0.0316005636615 0.989661121955 0.000131016231016 0.989703699352 3.0
-0.0311116936134 0.989807691931 0.000131016231016 0.98966491722 3.0
-0.0306228235654 0.989487522891 0.000131016231016 0.98962717747 3.0
-0.0301339535173 0.989638234102 0.000131016231016 0.989590449684 3.0
-0.0296450834693 0.989451977085 0.000131016231016 0.989554705063 3.0
-0.0291562134213 0.989455084725 0.000131016231016 0.989519916307 3.0
-0.0286673433732 0.989444071614 0.000131016231016 0.989486057519 3.0
-0.0281784733252 0.989615096244 0.000131016231016 0.98945310411 3.0
-0.0276896032771 0.989180041947 0.000131016231016 0.989421032712 3.0
-0.0272007332291 0.989393487923 0.000131016231016 0.989389821103 3.0
-0.026711863181 0.989326715948 0.000131016231016 0.989359448134 3.0
-0.026222993133 0.989344593086 0.000131016231016 0.989329893664 3.0
-0.025734123085 0.989349817054 0.000131016231016 0.989301138501 3.0
-0.0252452530369 0.989225204524 0.000131016231016 0.989273164344 3.0
-0.0247563829889 0.989122003068 0.000131016231016 0.989245953738 3.0
-0.0242675129408 0.989224077482 0.000131016231016 0.98921949002 3.0
-0.0237786428928 0.989129347325 0.000131016231016 0.98919375728 3.0
-0.0232897728448 0.989300636711 0.000131016231016 0.989168740319 3.0
-0.0228009027967 0.989191161417 0.000131016231016 0.989144424613 3.0
-0.0223120327487 0.989038271665 0.000131016231016 0.989120796278 3.0
-0.0218231627006 0.98900057734 0.000131016231016 0.989097842038 3.0
-0.0213342926526 0.989203129599 0.000131016231016 0.989075549193 3.0
-0.0208454226045 0.98889470023 0.000131016231016 0.989053905597 3.0
-0.0203565525565 0.989244671195 0.000131016231016 0.989032899625 3.0
-0.0198676825085 0.988912098298 0.000131016231016 0.989012520153 3.0
-0.0193788124604 0.989002307031 0.000131016231016 0.988992756536 3.0
-0.0188899424124 0.989048318807 0.000131016231016 0.988973598586 3.0
-0.0184010723643 0.989199956336 0.000131016231016 0.988955036549 3.0
-0.0179122023163 0.9889639667 0.000131016231016 0.988937061093 3.0
-0.0174233322682 0.988961122944 0.000131016231016 0.988919663288 3.0
-0.0169344622202 0.989025038105 0.000131016231016 0.988902834586 3.0
-0.0164455921722 0.988828448116 0.000131016231016 0.988886566813 3.0
-0.0159567221241 0.988953227029 0.000131016231016 0.988870852149 3.0
-0.0154678520761 0.988928652925 0.000131016231016 0.988855683119 3.0
-0.014978982028 0.988860114812 0.000131016231016 0.988841052577 3.0
-0.01449011198 0.989046523322 0.000131016231016 0.988826953697 3.0
-0.0140012419319 0.988535904668 0.000131016231016 0.988813379961 3.0
-0.0135123718839 0.988752871452 0.000131016231016 0.988800325148 3.0
-0.0130235018359 0.988771726258 0.000131016231016 0.988787783326 3.0
-0.0125346317878 0.988748831895 0.000131016231016 0.988775748842 3.0
-0.0120457617398 0.988418722641 0.000131016231016 0.988764216314 3.0
-0.0115568916917 0.988690354814 0.000131016231016 0.988753180622 3.0
-0.0110680216437 0.988730238865 0.000131016231016 0.988742636902 3.0
-0.0105791515956 0.988742725622 0.000131016231016 0.988732580537 3.0
-0.0100902815476 0.988737478991 0.000131016231016 0.988723007154 3.0
-0.00960141149956 0.988869030484 0.000131016231016 0.988713912613 3.0
-0.00911254145152 0.988784987473 0.000131016231016 0.988705293006 3.0
-0.00862367140348 0.988753851821 0.000131016231016 0.98869714465 3.0
-0.00813480135543 0.989005071902 0.000131016231016 0.988689464079 3.0
-0.00764593130739 0.988749374064 0.000131016231016 0.988682248043 3.0
-0.00715706125935 0.98872082556 0.000131016231016 0.988675493505 3.0
-0.00666819121131 0.988742546509 0.000131016231016 0.988669197631 3.0
-0.00617932116326 0.988774696657 0.000131016231016 0.988663357793 3.0
-0.00569045111522 0.988816959395 0.000131016231016 0.988657971562 3.0
-0.00520158106718 0.988717015036 0.000131016231016 0.988653036703 3.0
-0.00471271101914 0.988483329792 0.000131016231016 0.988648551178 3.0
-0.00422384097109 0.988577136144 0.000131016231016 0.988644513138 3.0
-0.00373497092305 0.988797337067 0.000131016231016 0.988640920924 3.0
-0.00324610087501 0.988848402682 0.000131016231016 0.988637773064 3.0
-0.00275723082697 0.988819564878 0.000131016231016 0.988635068268 3.0
-0.00226836077892 0.988739061453 0.000131016231016 0.988632805433 3.0
-0.00177949073088 0.988715715353 0.000131016231016 0.988630983636 3.0
-0.00129062068284 0.988412540014 0.000131016231016 0.988629602135 3.0
-0.000801750634798 0.988498142505 0.000131016231016 0.988628660367 3.0
-0.000312880586755 0.988484732632 0.000131016231016 0.98862815795 3.0
0.000175989461287 0.988435767654 0.000131016231016 0.98862809468 3.0
0.00066485950933 0.988633055722 0.000131016231016 0.988628470531 3.0
0.00115372955737 0.988727920963 0.000131016231016 0.988629285655 3.0
0.00164259960541 0.98850360077 0.000131016231016 0.988630540385 3.0
0.00213146965346 0.988494813055 0.000131016231016 0.98863223523 3.0
0.0026203397015 0.988772964237 0.000131016231016 0.98863437088 3.0
0.00310920974954 0.98867997572 0.000131016231016 0.988636948206 3.0
0.00359807979758 0.988598991851 0.000131016231016 0.988639968261 3.0
0.00408694984563 0.988375982088 0.000131016231016 0.988643432278 3.0
0.00457581989367 0.988678661436 0.000131016231016 0.988647341678 3.0
0.00506468994171 0.9886353069 0.000131016231016 0.988651698066 3.0
0.00555355998975 0.988726681991 0.000131016231016 0.988656503235 3.0
0.0060424300378 0.988646157205 0.000131016231016 0.98866175917 3.0
0.00653130008584 0.988455770296 0.000131016231016 0.988667468048 3.0
0.00702017013388 0.988715695068 0.000131016231016 0.98867363224 3.0
0.00750904018192 0.988681109157 0.000131016231016 0.988680254319 3.0
0.00799791022997 0.988679841759 0.000131016231016 0.988687337058 3.0
0.00848678027801 0.988957264384 0.000131016231016 0.988694883436 3.0
0.00897565032605 0.988503894941 0.000131016231016 0.988702896641 3.0
0.00946452037409 0.988835941674 0.000131016231016 0.988711380075 3.0
0.00995339042214 0.98864471623 0.000131016231016 0.988720337358 3.0
0.0104422604702 0.988820832249 0.000131016231016 0.988729772335 3.0
0.0109311305182 0.988871437653 0.000131016231016 0.988739689076 3.0
0.0114200005663 0.988849753821 0.000131016231016 0.988750091888 3.0
0.0119088706143 0.988659635982 0.000131016231016 0.988760985316 3.0
0.0123977406623 0.988650727859 0.000131016231016 0.988772374153 3.0
0.0128866107104 0.988861930362 0.000131016231016 0.988784263443 3.0
0.0133754807584 0.988768229811 0.000131016231016 0.988796658493 3.0
0.0138643508065 0.988969148365 0.000131016231016 0.988809564876 3.0
0.0143532208545 0.988722521879 0.000131016231016 0.988822988444 3.0
0.0148420909026 0.98896749655 0.000131016231016 0.988836935334 3.0
0.0153309609506 0.98885903809 0.000131016231016 0.988851411975 3.0
0.0158198309986 0.988693202234 0.000131016231016 0.988866425105 3.0
0.0163087010467 0.988856951555 0.000131016231016 0.988881981777 3.0
0.0167975710947 0.988878285545 0.000131016231016 0.988898089368 3.0
0.0172864411428 0.988837582246 0.000131016231016 0.9889147556 3.0
0.0177753111908 0.988853380718 0.000131016231016 0.988931988541 3.0
0.0182641812389 0.989176946651 0.000131016231016 0.988949796631 3.0
0.0187530512869 0.988919583209 0.000131016231016 0.988968188688 3.0
0.0192419213349 0.988899367776 0.000131016231016 0.988987173927 3.0
0.019730791383 0.989008014555 0.000131016231016 0.989006761978 3.0
0.020219661431 0.989058386838 0.000131016231016 0.989026962902 3.0
0.0207085314791 0.988979995726 0.000131016231016 0.98904778721 3.0
0.0211974015271 0.988967232057 0.000131016231016 0.989069245887 3.0
0.0216862715752 0.988969356638 0.000131016231016 0.989091350409 3.0
0.0221751416232 0.989047118182 0.000131016231016 0.989114112771 3.0
0.0226640116712 0.989141287374 0.000131016231016 0.98913754551 3.0
0.0231528817193 0.989180276795 0.000131016231016 0.989161661733 3.0
0.0236417517673 0.989187345033 0.000131016231016 0.989186475145 3.0
0.0241306218154 0.988986069793 0.000131016231016 0.989212000084 3.0
0.0246194918634 0.989237090551 0.000131016231016 0.98923825155 3.0
0.0251083619115 0.98949977565 0.000131016231016 0.989265245244 3.0
0.0255972319595 0.989139856363 0.000131016231016 0.989292997606 3.0
0.0260861020075 0.989198734665 0.000131016231016 0.98932152586 3.0
0.0265749720556 0.9890678425 0.000131016231016 0.989350848059 3.0
0.0270638421036 0.989294720138 0.000131016231016 0.98938098313 3.0
0.0275527121517 0.98933834537 0.000131016231016 0.989411950937 3.0
0.0280415821997 0.989180700097 0.000131016231016 0.989443772331 3.0
0.0285304522478 0.989442589737 0.000131016231016 0.989476469217 3.0
0.0290193222958 0.989443438922 0.000131016231016 0.989510064627 3.0
0.0295081923438 0.989533440173 0.000131016231016 0.989544582788 3.0
0.0299970623919 0.989612519016 0.000131016231016 0.989580049213 3.0
0.0304859324399 0.989785157615 0.000131016231016 0.989616490785 3.0
0.030974802488 0.989606721964 0.000131016231016 0.989653935861 3.0
0.031463672536 0.989744662531 0.000131016231016 0.989692414381 3.0
0.031952542584 0.989648406032 0.000131016231016 0.989731957987 3.0
0.0324414126321 0.989998619856 0.000131016231016 0.989772600157 3.0
0.0329302826801 0.989958659746 0.000131016231016 0.989814376354 3.0
0.0334191527282 0.989948225402 0.000131016231016 0.989857324193 3.0
0.0339080227762 0.989778148254 0.000131016231016 0.989901483615 3.0
0.0343968928243 0.989946474916 0.000131016231016 0.989946897104 3.0
0.0348857628723 0.990178118983 0.000131016231016 0.989993609903 3.0
0.0353746329203 0.989949176275 0.000131016231016 0.990041670284 3.0
0.0358635029684 0.990177186666 0.000131016231016 0.990091129829 3.0
0.0363523730164 0.990073121811 0.000131016231016 0.990142043764 3.0
0.0368412430645 0.990185862482 0.000131016231016 0.990194471329 3.0
0.0373301131125 0.990189430041 0.000131016231016 0.990248476212 3.0
0.0378189831606 0.990455729645 0.000131016231016 0.990304127029 3.0
0.0383078532086 0.989999052572 0.000131016231016 0.990361497897 3.0
0.0387967232566 0.990720265625 0.000131016231016 0.990420669082 3.0
0.0392855933047 0.990544144573 0.000131016231016 0.990481727766 3.0
0.0397744633527 0.990665478934 0.000131016231016 0.990544768935 3.0
0.0402633334008 0.990297959579 0.000131016231016 0.990609896438 3.0
0.0407522034488 0.990943507079 0.000131016231016 0.99067722424 3.0
0.0412410734969 0.990880397221 0.000131016231016 0.990746877925 3.0
0.0417299435449 0.990878471531 0.000131016231016 0.990818996522 3.0
0.0422188135929 0.990943998768 0.000131016231016 0.990893734725 3.0
0.042707683641 0.991032066709 0.000131016231016 0.990971265653 3.0
0.043196553689 0.991020834489 0.000131016231016 0.991051784298 3.0
0.0436854237371 0.991050803981 0.000131016231016 0.991135511919 3.0
0.0441742937851 0.991338979165 0.000131016231016 0.991222701734 3.0
0.0446631638332 0.991443520267 0.000131016231016 0.991313646452 3.0
0.0451520338812 0.991242937889 0.000131016231016 0.9914086885 3.0
0.0456409039292 0.991498852458 0.000131016231016 0.991508234356 3.0
0.0461297739773 0.991671746691 0.000131016231016 0.991612775446 3.0
0.0466186440253 0.991590177248 0.000131016231016 0.9917229202 3.0
0.0471075140734 0.991826054964 0.000131016231016 0.991839446633 3.0
0.0475963841214 0.99190239231 0.000131016231016 0.991963396919 3.0
0.0480852541694 0.992114093961 0.000131016231016 0.992096272469 3.0
0.0485741242175 0.992102174955 0.000131016231016 0.992240546838 3.0
0.0490629942655 0.992243505751 0.000131016231016 0.992412271646 2.0
0.0495518643136 0.99258370705 0.000131016231016 0.992666891132 2.0
0.0500407343616 0.99305281671 0.000131016231016 0.992967020633 2.0
0.0505296044097 0.993327605234 0.000131016231016 0.993297070099 2.0
0.0510184744577 0.993376968854 0.000131016231016 0.993648640154 2.0
0.0515073445057 0.994318020921 0.000131016231016 0.994015888897 2.0
0.0519962145538 0.994402838973 0.000131016231016 0.99439427848 2.0
0.0524850846018 0.994780641325 0.000131016231016 0.994780049935 2.0
0.0529739546499 0.995303818711 0.000131016231016 0.995169953928 2.0
0.0534628246979 0.995611506315 0.000131016231016 0.995561094139 2.0
0.053951694746 0.996274316674 0.000131016231016 0.99595082735 2.0
0.054440564794 0.996407144948 0.000131016231016 0.996336694706 2.0
0.054929434842 0.996821088349 0.000131016231016 0.996716371021 2.0
0.0554183048901 0.996946539202 0.000131016231016 0.997087624687 2.0
0.0559071749381 0.997368362565 0.000131016231016 0.997448283511 2.0
0.0563960449862 0.997656402269 0.000131016231016 0.997796203086 2.0
0.0568849150342 0.997882796884 0.000131016231016 0.998129234791 2.0
0.0573737850823 0.998376830908 0.000131016231016 0.998445190227 2.0
0.0578626551303 0.998770523835 0.000131016231016 0.998741797853 2.0
0.0583515251783 0.998790697886 0.000131016231016 0.999016645049 2.0
0.0588403952264 0.999348449239 0.000131016231016 0.999267093288 2.0
0.0593292652744 0.999521500014 0.000131016231016 0.999490141082 2.0
0.0598181353225 0.999708282379 0.000131016231016 0.999682174558 2.0
0.0603070053705 0.999821776719 0.000131016231016 0.999838431519 2.0
0.0607958754186 1.00014920167 0.000131016231016 0.999951470183 2.0
0.0612847454666 1.00009262416 0.000131016231016 1.00000016655 0.0
0.0617736155146 0.999984783571 0.000131016231016 1.00000016655 0.0
0.0622624855627 0.99992057598 0.000131016231016 1.00000016655 0.0
0.0627513556107 1.00008033059 0.000131016231016 1.00000016655 0.0
0.0632402256588 1.00023101561 0.000131016231016 1.00000016655 0.0
0.0637290957068 0.999888746626 0.000131016231016 1.00000016655 0.0
0.0642179657548 1.00004171899 0.000131016231016 1.00000016655 0.0
0.0647068358029 0.999999449338 0.000131016231016 1.00000016655 0.0
0.0651957058509 0.99989961331 0.000131016231016 1.00000016655 0.0
0.065684575899 0.999943813471 0.000131016231016 1.00000016655 0.0
0.066173445947 0.999896704966 0.000131016231016 1.00000016655 0.0
0.0666623159951 1.00024376813 0.000131016231016 1.00000016655 0.0
0.0671511860431 0.999971219924 0.000131016231016 1.00000016655 0.0
0.0676400560911 0.999922669292 0.000131016231016 1.00000016655 0.0
0.0681289261392 1.00008749151 0.000131016231016 1.00000016655 0.0
0.0686177961872 0.99978431618 0.000131016231016 1.00000016655 0.0
0.0691066662353 1.00031739106 0.000131016231016 1.00000016655 0.0
0.0695955362833 0.999823618567 0.000131016231016 1.00000016655 0.0
0.0700844063314 1.0000171937 0.000131016231016 1.00000016655 0.0
0.0705732763794 1.00004678717 0.000131016231016 1.00000016655 0.0
0.0710621464274 0.999948392363 0.000131016231016 1.00000016655 0.0
0.0715510164755 0.999911930762 0.000131016231016 1.00000016655 0.0
0.0720398865235 1.00008750714 0.000131016231016 1.00000016655 0.0
0.0725287565716 1.00015115248 0.000131016231016 1.00000016655 0.0
0.0730176266196 0.999894452652 0.000131016231016 1.00000016655 0.0
