-0.0767842271088 0.999853832974 0.000267934389826 0.999938387447 0.0
-0.0762716017154 1.00033339474 0.000267934389826 0.999938387447 0.0
-0.0757589763221 0.999626377956 0.000267934389826 0.999938387447 0.0
-0.0752463509288 1.00018899023 0.000267934389826 0.999938387447 0.0
-0.0747337255354 1.00005379747 0.000267934389826 0.999938387447 0.0
-0.0742211001421 1.00012432067 0.000267934389826 0.999938387447 0.0
-0.0737084747487 0.999867324538 0.000267934389826 0.999938387447 0.0
-0.0731958493554 0.999612958578 0.000267934389826 0.999938387447 0.0
-0.0726832239621 0.999867324386 0.000267934389826 0.999938387447 0.0
-0.0721705985687 1.00015978692 0.000267934389826 0.999938387447 0.0
-0.0716579731754 1.00039264446 0.000267934389826 0.999938387447 0.0
-0.0711453477821 0.999559862097 0.000267934389826 0.999938387447 0.0
-0.0706327223887 0.999920752467 0.000267934389826 0.999938387447 0.0
-0.0701200969954 0.999713431047 0.000267934389826 0.999938387447 0.0
-0.069607471602 0.999842633246 0.000267934389826 0.999938387447 0.0
-0.0690948462087 0.999871739196 0.000267934389826 0.999938387447 0.0
-0.0685822208154 1.00016690318 0.000267934389826 0.999938387447 0.0
-0.068069595422 0.999728080079 0.000267934389826 0.999938387447 0.0
-0.0675569700287 0.999983069865 0.000267934389826 0.999938387447 0.0
-0.0670443446353 0.999944735399 0.000267934389826 0.999938387447 0.0
-0.066531719242 0.999593298577 0.000267934389826 0.999938387447 0.0
-0.0660190938487 1.0001879871 0.000267934389826 0.999938387447 0.0
-0.0655064684553 0.999830078543 0.000267934389826 0.999938387447 0.0
-0.064993843062 0.999728153562 0.000267934389826 0.999938387447 0.0
-0.0644812176687 0.99985631016 0.000267934389826 0.999938387447 0.0
-0.0639685922753 0.999641767601 0.000267934389826 0.999931811315 1.0
-0.063455966882 1.00010204626 0.000267934389826 0.999877988151 1.0
-0.0629433414886 0.999844806547 0.000267934389826 0.99979349083 1.0
-0.0624307160953 0.999811167632 0.000267934389826 0.999686070629 1.0
-0.061918090702 0.999456716601 0.000267934389826 0.999559677365 1.0
-0.0614054653086 0.99953098144 0.000267934389826 0.999417001673 1.0
-0.0608928399153 0.999498781015 0.000267934389826 0.999260121235 1.0
-0.0603802145219 0.998617311692 0.000267934389826 0.999090761513 1.0
-0.0598675891286 0.999198600339 0.000267934389826 0.998910425922 1.0
-0.0593549637353 0.998915672876 0.000267934389826 0.998720470067 1.0
-0.0588423383419 0.998274608847 0.000267934389826 0.998522148337 1.0
-0.0583297129486 0.998294424793 0.000267934389826 0.998316645498 1.0
-0.0578170875553 0.998107746306 0.000267934389826 0.998105099637 1.0
-0.0573044621619 0.997746421209 0.000267934389826 0.997888619954 1.0
-0.0567918367686 0.997769594893 0.000267934389826 0.997668301546 1.0
-0.0562792113752 0.997961081738 0.000267934389826 0.997445238616 1.0
-0.0557665859819 0.997294166223 0.000267934389826 0.997220537205 1.0
-0.0552539605886 0.996843512664 0.000267934389826 0.996995328458 1.0
-0.0547413351952 0.996681573991 0.000267934389826 0.996770783529 1.0
-0.0542287098019 0.996637156636 0.000267934389826 0.996548131553 1.0
-0.0537160844085 0.996230720522 0.000267934389826 0.996328682772 1.0
-0.0532034590152 0.99639280336 0.000267934389826 0.996113860183 1.0
-0.0526908336219 0.996106536034 0.000267934389826 0.995905245646 1.0
-0.0521782082285 0.995712936801 0.000267934389826 0.995704651761 1.0
-0.0516655828352 0.995114461346 0.000267934389826 0.995514243614 1.0
-0.0511529574419 0.995349441288 0.000267934389826 0.99533676932 1.0
-0.0506403320485 0.994603030406 0.000267934389826 0.995176078537 1.0
-0.0501277066552 0.995334029652 0.000267934389826 0.99503874512 1.0
-0.0496150812618 0.994868640534 0.000267934389826 0.994944953811 3.0
-0.0491024558685 0.994643363112 0.000267934389826 0.994875922467 3.0
-0.0485898304752 0.99500613124 0.000267934389826 0.994811849401 3.0
-0.0480772050818 0.995081210994 0.000267934389826 0.99475161535 3.0
-0.0475645796885 0.994480887647 0.000267934389826 0.99469457357 3.0
-0.0470519542951 0.994180926939 0.000267934389826 0.994640284545 3.0
-0.0465393289018 0.994681452183 0.000267934389826 0.994588423958 3.0
-0.0460267035085 0.99451737229 0.000267934389826 0.994538739776 3.0
-0.0455140781151 0.994659954952 0.000267934389826 0.994491029047 3.0
-0.0450014527218 0.994420896118 0.000267934389826 0.994445124063 3.0
-0.0444888273284 0.994418106113 0.000267934389826 0.994400883504 3.0
-0.0439762019351 0.994336568798 0.000267934389826 0.99435818645 3.0
-0.0434635765418 0.994168532915 0.000267934389826 0.994316928146 3.0
-0.0429509511484 0.993761128007 0.000267934389826 0.994277016914 3.0
-0.0424383257551 0.993967292886 0.000267934389826 0.994238371822 3.0
-0.0419257003618 0.994185445203 0.000267934389826 0.994200920898 3.0
-0.0414130749684 0.994264038215 0.000267934389826 0.994164599725 3.0
-0.0409004495751 0.994302110247 0.000267934389826 0.994129350319 3.0
-0.0403878241817 0.994114249603 0.000267934389826 0.994095120225 3.0
-0.0398751987884 0.994138030348 0.000267934389826 0.994061861773 3.0
-0.0393625733951 0.994326756716 0.000267934389826 0.99402953147 3.0
-0.0388499480017 0.994022667334 0.000267934389826 0.99399808948 3.0
-0.0383373226084 0.994228464956 0.000267934389826 0.9939674992 3.0
-0.037824697215 0.993597859506 0.000267934389826 0.993937726893 3.0
-0.0373120718217 0.99381486252 0.000267934389826 0.993908741371 3.0
-0.0367994464284 0.99405517595 0.000267934389826 0.993880513733 3.0
-0.036286821035 0.993532088973 0.000267934389826 0.993853017129 3.0
-0.0357741956417 0.993163298483 0.000267934389826 0.99382622656 3.0
-0.0352615702484 0.993990803221 0.000267934389826 0.993800118702 3.0
-0.034748944855 0.993909862385 0.000267934389826 0.993774671752 3.0
-0.0342363194617 0.994084531883 0.000267934389826 0.993749865291 3.0
-0.0337236940683 0.993802555399 0.000267934389826 0.993725680168 3.0
-0.033211068675 0.993802334013 0.000267934389826 0.993702098386 3.0
-0.0326984432817 0.993611369058 0.000267934389826 0.993679103016 3.0
-0.0321858178883 0.993579051829 0.000267934389826 0.993656678105 3.0
-0.031673192495 0.993424218851 0.000267934389826 0.993634808603 3.0
-0.0311605671016 0.99365162653 0.000267934389826 0.993613480297 3.0
-0.0306479417083 0.994020012796 0.000267934389826 0.993592679746 3.0
-0.030135316315 0.993132425592 0.000267934389826 0.993572394226 3.0
-0.0296226909216 0.992934795928 0.000267934389826 0.993552611683 3.0
-0.0291100655283 0.993364400597 0.000267934389826 0.993533320684 3.0
-0.028597440135 0.993745109039 0.000267934389826 0.993514510374 3.0
-0.0280848147416 0.99376705258 0.000267934389826 0.993496170445 3.0
-0.0275721893483 0.993278019224 0.000267934389826 0.993478291094 3.0
-0.0270595639549 0.993648468674 0.000267934389826 0.993460862994 3.0
-0.0265469385616 0.993296130802 0.000267934389826 0.993443877269 3.0
-0.0260343131683 0.993640815914 0.000267934389826 0.993427325459 3.0
-0.0255216877749 0.993440458229 0.000267934389826 0.993411199505 3.0
-0.0250090623816 0.992941472602 0.000267934389826 0.99339549172 3.0
-0.0244964369882 0.992915102682 0.000267934389826 0.993380194768 3.0
-0.0239838115949 0.993549914625 0.000267934389826 0.993365301649 3.0
-0.0234711862016 0.993351641097 0.000267934389826 0.993350805679 3.0
-0.0229585608082 0.992995891429 0.000267934389826 0.993336700473 3.0
-0.0224459354149 0.993334805132 0.000267934389826 0.99332297993 3.0
-0.0219333100216 0.993446949148 0.000267934389826 0.993309638219 3.0
-0.0214206846282 0.9933390125 0.000267934389826 0.993296669767 3.0
-0.0209080592349 0.993431350335 0.000267934389826 0.993284069244 3.0
-0.0203954338415 0.993214370751 0.000267934389826 0.993271831554 3.0
-0.0198828084482 0.993426735426 0.000267934389826 0.993259951825 3.0
-0.0193701830549 0.993116077382 0.000267934389826 0.993248425395 3.0
-0.0188575576615 0.992430023179 0.000267934389826 0.993237247807 3.0
-0.0183449322682 0.993264237013 0.000267934389826 0.993226414799 3.0
-0.0178323068748 0.993392289993 0.000267934389826 0.993215922294 3.0
-0.0173196814815 0.992711065186 0.000267934389826 0.993205766396 3.0
-0.0168070560882 0.993085722448 0.000267934389826 0.993195943381 3.0
-0.0162944306948 0.992955490781 0.000267934389826 0.993186449688 3.0
-0.0157818053015 0.993685957464 0.000267934389826 0.993177281917 3.0
-0.0152691799082 0.993011190724 0.000267934389826 0.993168436823 3.0
-0.0147565545148 0.993124393013 0.000267934389826 0.993159911306 3.0
-0.0142439291215 0.993032388536 0.000267934389826 0.993151702409 3.0
-0.0137313037281 0.993225846293 0.000267934389826 0.993143807316 3.0
-0.0132186783348 0.993138754897 0.000267934389826 0.993136223341 3.0
-0.0127060529415 0.99308852678 0.000267934389826 0.99312894793 3.0
-0.0121934275481 0.993114422094 0.000267934389826 0.993121978652 3.0
-0.0116808021548 0.993112260717 0.000267934389826 0.993115313201 3.0
-0.0111681767614 0.993137820714 0.000267934389826 0.993108949386 3.0
-0.0106555513681 0.993085753637 0.000267934389826 0.993102885132 3.0
-0.0101429259748 0.992663595107 0.000267934389826 0.993097118478 3.0
-0.00963030058143 0.993017534661 0.000267934389826 0.99309164757 3.0
-0.00911767518809 0.993120231362 0.000267934389826 0.993086470661 3.0
-0.00860504979475 0.992683199934 0.000267934389826 0.993081586108 3.0
-0.00809242440141 0.993043553622 0.000267934389826 0.99307699237 3.0
-0.00757979900807 0.99328282228 0.000267934389826 0.993072688006 3.0
-0.00706717361473 0.993168975813 0.000267934389826 0.993068671674 3.0
-0.00655454822139 0.99299848873 0.000267934389826 0.993064942125 3.0
-0.00604192282806 0.993430281684 0.000267934389826 0.993061498206 3.0
-0.00552929743472 0.993072363859 0.000267934389826 0.993058338856 3.0
-0.00501667204138 0.993519421184 0.000267934389826 0.993055463107 3.0
-0.00450404664804 0.99318557664 0.000267934389826 0.993052870079 3.0
-0.0039914212547 0.993048533939 0.000267934389826 0.993050558983 3.0
-0.00347879586136 0.993300979926 0.000267934389826 0.993048529115 3.0
-0.00296617046802 0.992846061751 0.000267934389826 0.993046779862 3.0
-0.00245354507469 0.992896771841 0.000267934389826 0.993045310693 3.0
-0.00194091968135 0.993428088739 0.000267934389826 0.993044121165 3.0
-0.00142829428801 0.993085688408 0.000267934389826 0.993043210919 3.0
-0.000915668894671 0.99289198163 0.000267934389826 0.993042579682 3.0
-0.000403043501332 0.993152153997 0.000267934389826 0.993042227264 3.0
0.000109581892007 0.993152183007 0.000267934389826 0.993042153558 3.0
0.000622207285345 0.992847757995 0.000267934389826 0.993042358543 3.0
0.00113483267868 0.992946357973 0.000267934389826 0.99304284228 3.0
0.00164745807202 0.993243097371 0.000267934389826 0.993043604915 3.0
0.00216008346536 0.992781611672 0.000267934389826 0.993044646676 3.0
0.0026727088587 0.993103832808 0.000267934389826 0.993045967879 3.0
0.00318533425204 0.993142009731 0.000267934389826 0.993047568921 3.0
0.00369795964538 0.993207057247 0.000267934389826 0.993049450286 3.0
0.00421058503872 0.993072496546 0.000267934389826 0.993051612544 3.0
0.00472321043205 0.993026925806 0.000267934389826 0.993054056351 3.0
0.00523583582539 0.992931865168 0.000267934389826 0.99305678245 3.0
0.00574846121873 0.993040019568 0.000267934389826 0.993059791673 3.0
0.00626108661207 0.992829002535 0.000267934389826 0.993063084943 3.0
0.00677371200541 0.992892017311 0.000267934389826 0.99306666327 3.0
0.00728633739875 0.992725328366 0.000267934389826 0.993070527758 3.0
0.00779896279209 0.993148355755 0.000267934389826 0.993074679606 3.0
0.00831158818542 0.993251305893 0.000267934389826 0.993079120105 3.0
0.00882421357876 0.993204569031 0.000267934389826 0.993083850645 3.0
0.0093368389721 0.992816309399 0.000267934389826 0.993088872714 3.0
0.00984946436544 0.993214047027 0.000267934389826 0.9930941879 3.0
0.0103620897588 0.993159821046 0.000267934389826 0.993099797895 3.0
0.0108747151521 0.992998767531 0.000267934389826 0.993105704495 3.0
0.0113873405455 0.993397897746 0.000267934389826 0.993111909605 3.0
0.0118999659388 0.993097671115 0.000267934389826 0.99311841524 3.0
0.0124125913321 0.993613022793 0.000267934389826 0.993125223528 3.0
0.0129252167255 0.993696796592 0.000267934389826 0.993132336715 3.0
0.0134378421188 0.992883829579 0.000267934389826 0.993139757164 3.0
0.0139504675121 0.993037909287 0.000267934389826 0.993147487365 3.0
0.0144630929055 0.992963811922 0.000267934389826 0.993155529932 3.0
0.0149757182988 0.993277527012 0.000267934389826 0.993163887613 3.0
0.0154883436922 0.993011335521 0.000267934389826 0.993172563289 3.0
0.0160009690855 0.993211587741 0.000267934389826 0.993181559985 3.0
0.0165135944788 0.99311559465 0.000267934389826 0.993190880866 3.0
0.0170262198722 0.993556969328 0.000267934389826 0.993200529253 3.0
0.0175388452655 0.993575181439 0.000267934389826 0.993210508619 3.0
0.0180514706589 0.993078756163 0.000267934389826 0.9932208226 3.0
0.0185640960522 0.993826505879 0.000267934389826 0.993231475002 3.0
0.0190767214455 0.9931899576 0.000267934389826 0.993242469805 3.0
0.0195893468389 0.993437197161 0.000267934389826 0.993253811172 3.0
0.0201019722322 0.993155758804 0.000267934389826 0.993265503455 3.0
0.0206145976255 0.992728088922 0.000267934389826 0.993277551208 3.0
0.0211272230189 0.993730352382 0.000267934389826 0.993289959189 3.0
0.0216398484122 0.993409760404 0.000267934389826 0.993302732375 3.0
0.0221524738056 0.993621047847 0.000267934389826 0.993315875971 3.0
0.0226650991989 0.99312434818 0.000267934389826 0.993329395421 3.0
0.0231777245922 0.993303819858 0.000267934389826 0.993343296416 3.0
0.0236903499856 0.993161330813 0.000267934389826 0.993357584914 3.0
0.0242029753789 0.993387999767 0.000267934389826 0.993372267147 3.0
0.0247156007723 0.993069422458 0.000267934389826 0.993387349639 3.0
0.0252282261656 0.993189864854 0.000267934389826 0.993402839221 3.0
0.0257408515589 0.993774100214 0.000267934389826 0.993418743049 3.0
0.0262534769523 0.993198482908 0.000267934389826 0.993435068621 3.0
0.0267661023456 0.993082633886 0.000267934389826 0.993451823798 3.0
0.027278727739 0.99344110908 0.000267934389826 0.993469016824 3.0
0.0277913531323 0.99387645578 0.000267934389826 0.993486656353 3.0
0.0283039785256 0.993597914181 0.000267934389826 0.993504751468 3.0
0.028816603919 0.993691928578 0.000267934389826 0.993523311718 3.0
0.0293292293123 0.993529162033 0.000267934389826 0.993542347139 3.0
0.0298418547056 0.993741481375 0.000267934389826 0.993561868292 3.0
0.030354480099 0.993042518377 0.000267934389826 0.9935818863 3.0
0.0308671054923 0.993630271394 0.000267934389826 0.993602412882 3.0
0.0313797308857 0.993542770627 0.000267934389826 0.993623460404 3.0
0.031892356279 0.993486122675 0.000267934389826 0.993645041919 3.0
0.0324049816723 0.993830297991 0.000267934389826 0.993667171225 3.0
0.0329176070657 0.993841566503 0.000267934389826 0.993689862922 3.0
0.033430232459 0.994227267752 0.000267934389826 0.993713132475 3.0
0.0339428578524 0.993984265358 0.000267934389826 0.993736996287 3.0
0.0344554832457 0.993759360774 0.000267934389826 0.99376147178 3.0
0.034968108639 0.993526021614 0.000267934389826 0.993786577481 3.0
0.0354807340324 0.993964926781 0.000267934389826 0.993812333125 3.0
0.0359933594257 0.993940333778 0.000267934389826 0.993838759767 3.0
0.036505984819 0.993243184919 0.000267934389826 0.993865879908 3.0
0.0370186102124 0.994376051371 0.000267934389826 0.993893717642 3.0
0.0375312356057 0.993813214965 0.000267934389826 0.993922298814 3.0
0.0380438609991 0.99360283523 0.000267934389826 0.993951651216 3.0
0.0385564863924 0.994224257424 0.000267934389826 0.993981804793 3.0
0.0390691117857 0.994016038376 0.000267934389826 0.994012791899 3.0
0.0395817371791 0.99408610899 0.000267934389826 0.994044647579 3.0
0.0400943625724 0.994606589372 0.000267934389826 0.99407740991 3.0
0.0406069879658 0.994204303273 0.000267934389826 0.994111120391 3.0
0.0411196133591 0.994603480994 0.000267934389826 0.994145824415 3.0
0.0416322387524 0.994488152697 0.000267934389826 0.994181571821 3.0
0.0421448641458 0.994398158022 0.000267934389826 0.994218417568 3.0
0.0426574895391 0.994345281581 0.000267934389826 0.994256422544 3.0
0.0431701149324 0.99415603446 0.000267934389826 0.994295654573 3.0
0.0436827403258 0.994648205392 0.000267934389826 0.994336189649 3.0
0.0441953657191 0.994526037454 0.000267934389826 0.994378113515 3.0
0.0447079911125 0.994498395766 0.000267934389826 0.994421523679 3.0
0.0452206165058 0.994109364445 0.000267934389826 0.994466532067 3.0
0.0457332418991 0.994398179001 0.000267934389826 0.994513268592 3.0
0.0462458672925 0.994724882021 0.000267934389826 0.994561886116 3.0
0.0467584926858 0.994251620813 0.000267934389826 0.994612567609 3.0
0.0472711180792 0.994404407724 0.000267934389826 0.994665536989 3.0
0.0477837434725 0.994506276854 0.000267934389826 0.994721076599 3.0
0.0482963688658 0.994836593972 0.000267934389826 0.994779557761 3.0
0.0488089942592 0.994873076767 0.000267934389826 0.994841500829 3.0
0.0493216196525 0.995340496923 0.000267934389826 0.994907718455 3.0
0.0498342450458 0.99501636491 0.000267934389826 0.994980924197 2.0
0.0503468704392 0.995534257144 0.000267934389826 0.995099877516 2.0
0.0508594958325 0.995146490702 0.000267934389826 0.995249363283 2.0
0.0513721212259 0.995314577749 0.000267934389826 0.995418548042 2.0
0.0518847466192 0.994990738085 0.000267934389826 0.995602509161 2.0
0.0523973720125 0.996051439641 0.000267934389826 0.995798014647 2.0
0.0529099974059 0.996115273353 0.000267934389826 0.996002631141 2.0
0.0534226227992 0.996219193566 0.000267934389826 0.996214379587 2.0
0.0539352481926 0.996639014646 0.000267934389826 0.996431567394 2.0
0.0544478735859 0.996668345664 0.000267934389826 0.996652694552 2.0
0.0549604989792 0.996924748036 0.000267934389826 0.996876395856 2.0
0.0554731243726 0.997259077347 0.000267934389826 0.997101402593 2.0
0.0559857497659 0.997785095138 0.000267934389826 0.997326515443 2.0
0.0564983751592 0.997107026355 0.000267934389826 0.997550584113 2.0
0.0570110005526 0.997957553356 0.000267934389826 0.99777249101 2.0
0.0575236259459 0.997701840663 0.000267934389826 0.997991137268 2.0
0.0580362513393 0.997880841693 0.000267934389826 0.998205429852 2.0
0.0585488767326 0.998182886876 0.000267934389826 0.998414268737 2.0
0.0590615021259 0.998479203397 0.000267934389826 0.998616533101 2.0
0.0595741275193 0.999026023576 0.000267934389826 0.99881106534 2.0
0.0600867529126 0.998820046917 0.000267934389826 0.998996651173 2.0
0.060599378306 0.999225372273 0.000267934389826 0.99917199319 2.0
0.0611120036993 0.999448028317 0.000267934389826 0.999335673248 2.0
0.0616246290926 0.999470631549 0.000267934389826 0.999486095048 2.0
0.062137254486 0.999435667005 0.000267934389826 0.999621388729 2.0
0.0626498798793 0.999469902172 0.000267934389826 0.999739233869 2.0
0.0631625052727 0.999955275012 0.000267934389826 0.999836473243 2.0
0.063675130666 1.00025572549 0.000267934389826 0.999907988115 2.0
0.0641877560593 0.999455790994 0.000267934389826 0.999938387447 0.0
0.0647003814527 0.999983478861 0.000267934389826 0.999938387447 0.0
0.065213006846 0.999697252639 0.000267934389826 0.999938387447 0.0
0.0657256322393 0.999923679437 0.000267934389826 0.999938387447 0.0
0.0662382576327 1.00052201642 0.000267934389826 0.999938387447 0.0
0.066750883026 1.00050528635 0.000267934389826 0.999938387447 0.0
0.0672635084194 0.999997959942 0.000267934389826 0.999938387447 0.0
0.0677761338127 0.999564732734 0.000267934389826 0.999938387447 0.0
0.068288759206 0.999881012513 0.000267934389826 0.999938387447 0.0
0.0688013845994 0.999498967167 0.000267934389826 0.999938387447 0.0
0.0693140099927 0.999823916537 0.000267934389826 0.999938387447 0.0
0.0698266353861 0.999896992702 0.000267934389826 0.999938387447 0.0
0.0703392607794 1.00016046573 0.000267934389826 0.999938387447 0.0
0.0708518861727 1.00035081359 0.000267934389826 0.999938387447 0.0
0.0713645115661 1.00002369042 0.000267934389826 0.999938387447 0.0
0.0718771369594 1.00006433306 0.000267934389826 0.999938387447 0.0
0.0723897623527 1.00002548107 0.000267934389826 0.999938387447 0.0
0.0729023877461 0.99991889408 0.000267934389826 0.999938387447 0.0
0.0734150131394 0.999716773968 0.000267934389826 0.999938387447 0.0
0.0739276385328 1.0000565211 0.000267934389826 0.999938387447 0.0
0.0744402639261 1.00012263898 0.000267934389826 0.999938387447 0.0
0.0749528893194 0.999479196598 0.000267934389826 0.999938387447 0.0
0.0754655147128 1.00018172488 0.000267934389826 0.999938387447 0.0
0.0759781401061 1.00008669882 0.000267934389826 0.999938387447 0.0
0.0764907654995 0.999895585392 0.000267934389826 0.999938387447 0.0
