-0.045321560353 0.999602731554 0.000363903023913 1.00006706374 0.0
-0.045018295042 0.999955010088 0.000363903023913 1.00006706374 0.0
-0.0447150297309 1.0001634222 0.000363903023913 1.00006706374 0.0
-0.0444117644198 1.00041191171 0.000363903023913 1.00006706374 0.0
-0.0441084991087 0.999880136175 0.000363903023913 1.00006706374 0.0
-0.0438052337976 1.00014603616 0.000363903023913 1.00006706374 0.0
-0.0435019684866 1.00032514193 0.000363903023913 1.00006706374 0.0
-0.0431987031755 0.999978666099 0.000363903023913 1.00006706374 0.0
-0.0428954378644 0.999290364856 0.000363903023913 1.00006706374 0.0
-0.0425921725533 0.999697871439 0.000363903023913 1.00006706374 0.0
-0.0422889072422 1.00080909688 0.000363903023913 1.00006706374 0.0
-0.0419856419312 1.00047810638 0.000363903023913 1.00006706374 0.0
-0.0416823766201 0.999875851565 0.000363903023913 1.00006706374 0.0
-0.041379111309 1.00026124861 0.000363903023913 1.00006706374 0.0
-0.0410758459979 1.00006791883 0.000363903023913 1.00006706374 0.0
-0.0407725806868 0.99992814686 0.000363903023913 1.00006706374 0.0
-0.0404693153757 0.999965380036 0.000363903023913 1.00006706374 0.0
-0.0401660500647 1.00081439496 0.000363903023913 1.00006706374 0.0
-0.0398627847536 1.00057144691 0.000363903023913 1.00006706374 0.0
-0.0395595194425 1.00011903922 0.000363903023913 1.00006706374 0.0
-0.0392562541314 1.00055663357 0.000363903023913 1.00006706374 0.0
-0.0389529888203 0.999946705316 0.000363903023913 1.00006706374 0.0
-0.0386497235093 0.999748866314 0.000363903023913 1.00006706374 0.0
-0.0383464581982 1.00046779719 0.000363903023913 1.00006706374 0.0
-0.0380431928871 1.00033608132 0.000363903023913 1.00006706374 0.0
-0.037739927576 1.00011947071 0.000363903023913 1.00005418904 1.0
-0.0374366622649 0.999828109108 0.000363903023913 0.999956709749 1.0
-0.0371333969539 0.999912386596 0.000363903023913 0.999799495367 1.0
-0.0368301316428 0.998942575668 0.000363903023913 0.999594343542 1.0
-0.0365268663317 0.998999854715 0.000363903023913 0.999347244729 1.0
-0.0362236010206 0.999048497288 0.000363903023913 0.999062221323 1.0
-0.0359203357095 0.999091071217 0.000363903023913 0.998742324008 1.0
-0.0356170703985 0.997956713595 0.000363903023913 0.998390035227 1.0
-0.0353138050874 0.998358801607 0.000363903023913 0.998007470001 1.0
-0.0350105397763 0.997885514122 0.000363903023913 0.997596489342 1.0
-0.0347072744652 0.997527044584 0.000363903023913 0.997158770096 1.0
-0.0344040091541 0.997234436033 0.000363903023913 0.996695850816 1.0
-0.034100743843 0.99567419786 0.000363903023913 0.996209163407 1.0
-0.033797478532 0.995952731808 0.000363903023913 0.99570005585 1.0
-0.0334942132209 0.995178504224 0.000363903023913 0.995169809065 1.0
-0.0331909479098 0.994810215402 0.000363903023913 0.994619649774 1.0
-0.0328876825987 0.994450426969 0.000363903023913 0.994050760568 1.0
-0.0325844172876 0.992908908705 0.000363903023913 0.993464287945 1.0
-0.0322811519766 0.99262426332 0.000363903023913 0.992861348864 1.0
-0.0319778866655 0.99229308374 0.000363903023913 0.992243036192 1.0
-0.0316746213544 0.991089069751 0.000363903023913 0.991610423308 1.0
-0.0313713560433 0.991282455939 0.000363903023913 0.990964568058 1.0
-0.0310680907322 0.990343762999 0.000363903023913 0.990306516229 1.0
-0.0307648254212 0.989884430245 0.000363903023913 0.98963730463 1.0
-0.0304615601101 0.989102381709 0.000363903023913 0.988957963893 1.0
-0.030158294799 0.988957704332 0.000363903023913 0.988269521059 1.0
-0.0298550294879 0.987932036287 0.000363903023913 0.987573002013 1.0
-0.0295517641768 0.986446935855 0.000363903023913 0.986869433816 1.0
-0.0292484988657 0.985881654942 0.000363903023913 0.986159846996 1.0
-0.0289452335547 0.985661122095 0.000363903023913 0.985445277828 1.0
-0.0286419682436 0.98496806458 0.000363903023913 0.984726770667 1.0
-0.0283387029325 0.983130797478 0.000363903023913 0.984005380369 1.0
-0.0280354376214 0.982652176807 0.000363903023913 0.983282174862 1.0
-0.0277321723103 0.982518642557 0.000363903023913 0.982558237925 1.0
-0.0274289069993 0.982890581712 0.000363903023913 0.98183467225 1.0
-0.0271256416882 0.980902518866 0.000363903023913 0.981112602873 1.0
-0.0268223763771 0.980550559188 0.000363903023913 0.980393181091 1.0
-0.026519111066 0.979632738419 0.000363903023913 0.979677589002 1.0
-0.0262158457549 0.978414670859 0.000363903023913 0.978967044858 1.0
-0.0259125804439 0.978171798832 0.000363903023913 0.978262809489 1.0
-0.0256093151328 0.977465317992 0.000363903023913 0.977566194125 1.0
-0.0253060498217 0.976073520946 0.000363903023913 0.976878570105 1.0
-0.0250027845106 0.976486035814 0.000363903023913 0.976201381155 1.0
-0.0246995191995 0.975350735161 0.000363903023913 0.975536159236 1.0
-0.0243962538885 0.974522675048 0.000363903023913 0.974884545478 1.0
-0.0240929885774 0.974831929794 0.000363903023913 0.974248318596 1.0
-0.0237897232663 0.9735598565 0.000363903023913 0.973629434689 1.0
-0.0234864579552 0.972859388255 0.000363903023913 0.973030085207 1.0
-0.0231831926441 0.972877187314 0.000363903023913 0.972452785571 1.0
-0.022879927333 0.972567735791 0.000363903023913 0.971900519562 1.0
-0.022576662022 0.970913032843 0.000363903023913 0.971376996116 1.0
-0.0222733967109 0.97102253422 0.000363903023913 0.970887169212 1.0
-0.0219701313998 0.970175372783 0.000363903023913 0.970438546843 1.0
-0.0216668660887 0.969890242223 0.000363903023913 0.970046697272 1.0
-0.0213636007776 0.969958891004 0.000363903023913 0.969742554183 3.0
-0.0210603354666 0.9693076273 0.000363903023913 0.96946463609 3.0
-0.0207570701555 0.969125373311 0.000363903023913 0.969202637244 3.0
-0.0204538048444 0.969380036384 0.000363903023913 0.968954018525 3.0
-0.0201505395333 0.969011690358 0.000363903023913 0.968717117802 3.0
-0.0198472742222 0.968483331234 0.000363903023913 0.968490714952 3.0
-0.0195440089112 0.969021037902 0.000363903023913 0.968273857636 3.0
-0.0192407436001 0.967617405558 0.000363903023913 0.96806577289 3.0
-0.018937478289 0.968005575996 0.000363903023913 0.967865815964 3.0
-0.0186342129779 0.967240374105 0.000363903023913 0.967673438037 3.0
-0.0183309476668 0.967155940319 0.000363903023913 0.967488164567 3.0
-0.0180276823557 0.967491095825 0.000363903023913 0.967309580077 3.0
-0.0177244170447 0.96683171345 0.000363903023913 0.967137317074 3.0
-0.0174211517336 0.967178523349 0.000363903023913 0.966971047733 3.0
-0.0171178864225 0.966635024679 0.000363903023913 0.966810477511 3.0
-0.0168146211114 0.966449523022 0.000363903023913 0.966655340135 3.0
-0.0165113558003 0.966471001871 0.000363903023913 0.966505393607 3.0
-0.0162080904893 0.966589245668 0.000363903023913 0.966360416965 3.0
-0.0159048251782 0.96675865997 0.000363903023913 0.966220207629 3.0
-0.0156015598671 0.96578898113 0.000363903023913 0.966084579199 3.0
-0.015298294556 0.966247820249 0.000363903023913 0.965953359605 3.0
-0.0149950292449 0.966545918228 0.000363903023913 0.965826389547 3.0
-0.0146917639339 0.965331109199 0.000363903023913 0.965703521166 3.0
-0.0143884986228 0.964955700738 0.000363903023913 0.965584616896 3.0
-0.0140852333117 0.965621152383 0.000363903023913 0.965469548482 3.0
-0.0137819680006 0.965404758989 0.000363903023913 0.965358196115 3.0
-0.0134787026895 0.965800227528 0.000363903023913 0.965250447685 3.0
-0.0131754373785 0.965246168666 0.000363903023913 0.965146198121 3.0
-0.0128721720674 0.965665334829 0.000363903023913 0.965045348806 3.0
-0.0125689067563 0.965369660297 0.000363903023913 0.964947807064 3.0
-0.0122656414452 0.964835521518 0.000363903023913 0.964853485701 3.0
-0.0119623761341 0.964795902635 0.000363903023913 0.964762302593 3.0
-0.011659110823 0.964288185112 0.000363903023913 0.96467418032 3.0
-0.011355845512 0.96467376809 0.000363903023913 0.964589045838 3.0
-0.0110525802009 0.964318909643 0.000363903023913 0.964506830178 3.0
-0.0107493148898 0.964276591374 0.000363903023913 0.964427468182 3.0
-0.0104460495787 0.964657262849 0.000363903023913 0.964350898256 3.0
-0.0101427842676 0.964224384504 0.000363903023913 0.964277062152 3.0
-0.00983951895656 0.963902089609 0.000363903023913 0.964205904767 3.0
-0.00953625364548 0.964371665029 0.000363903023913 0.964137373957 3.0
-0.0092329883344 0.964355716881 0.000363903023913 0.964071420376 3.0
-0.00892972302332 0.963870975139 0.000363903023913 0.964007997318 3.0
-0.00862645771223 0.964173087341 0.000363903023913 0.96394706058 3.0
-0.00832319240115 0.964096788267 0.000363903023913 0.963888568333 3.0
-0.00801992709007 0.964348966016 0.000363903023913 0.963832481003 3.0
-0.00771666177899 0.963713914278 0.000363903023913 0.963778761169 3.0
-0.00741339646791 0.963982743837 0.000363903023913 0.963727373453 3.0
-0.00711013115683 0.963938730957 0.000363903023913 0.96367828444 3.0
-0.00680686584575 0.963998177504 0.000363903023913 0.963631462585 3.0
-0.00650360053467 0.963241865202 0.000363903023913 0.96358687814 3.0
-0.00620033522359 0.962792983083 0.000363903023913 0.963544503081 3.0
-0.00589706991251 0.963834648463 0.000363903023913 0.963504311044 3.0
-0.00559380460142 0.96266481202 0.000363903023913 0.963466277261 3.0
-0.00529053929034 0.963311875946 0.000363903023913 0.963430378505 3.0
-0.00498727397926 0.963082111972 0.000363903023913 0.963396593042 3.0
-0.00468400866818 0.963395362744 0.000363903023913 0.963364900578 3.0
-0.0043807433571 0.963288016363 0.000363903023913 0.963335282223 3.0
-0.00407747804602 0.962701457003 0.000363903023913 0.963307720442 3.0
-0.00377421273494 0.963744139066 0.000363903023913 0.963282199027 3.0
-0.00347094742386 0.963012362936 0.000363903023913 0.963258703059 3.0
-0.00316768211278 0.963314507466 0.000363903023913 0.963237218879 3.0
-0.00286441680169 0.962594335399 0.000363903023913 0.963217734063 3.0
-0.00256115149061 0.963067996132 0.000363903023913 0.963200237392 3.0
-0.00225788617953 0.963017080258 0.000363903023913 0.963184718837 3.0
-0.00195462086845 0.963547994791 0.000363903023913 0.963171169534 3.0
-0.00165135555737 0.962787425472 0.000363903023913 0.963159581769 3.0
-0.00134809024629 0.963401424787 0.000363903023913 0.963149948965 3.0
-0.00104482493521 0.962714099548 0.000363903023913 0.963142265666 3.0
-0.000741559624127 0.963410030336 0.000363903023913 0.963136527529 3.0
-0.000438294313046 0.962658408994 0.000363903023913 0.963132731315 3.0
-0.000135029001965 0.962749117981 0.000363903023913 0.963130874885 3.0
0.000168236309116 0.962867123019 0.000363903023913 0.963130957192 3.0
0.000471501620197 0.962924950285 0.000363903023913 0.963132978283 3.0
0.000774766931278 0.963317228755 0.000363903023913 0.963136939297 3.0
0.00107803224236 0.963572096054 0.000363903023913 0.963142842466 3.0
0.00138129755344 0.963180085187 0.000363903023913 0.963150691123 3.0
0.00168456286452 0.963145786084 0.000363903023913 0.963160489705 3.0
0.0019878281756 0.962872890013 0.000363903023913 0.963172243763 3.0
0.00229109348668 0.963358985503 0.000363903023913 0.963185959969 3.0
0.00259435879776 0.963354459644 0.000363903023913 0.963201646135 3.0
0.00289762410885 0.962786379433 0.000363903023913 0.963219311223 3.0
0.00320088941993 0.963136338867 0.000363903023913 0.963238965363 3.0
0.00350415473101 0.963428394494 0.000363903023913 0.963260619874 3.0
0.00380742004209 0.963835908185 0.000363903023913 0.963284287284 3.0
0.00411068535317 0.963144055702 0.000363903023913 0.96330998136 3.0
0.00441395066425 0.963567335526 0.000363903023913 0.963337717127 3.0
0.00471721597533 0.964301738693 0.000363903023913 0.963367510905 3.0
0.00502048128641 0.9641720705 0.000363903023913 0.963399380342 3.0
0.00532374659749 0.963420282557 0.000363903023913 0.963433344448 3.0
0.00562701190858 0.963368075315 0.000363903023913 0.963469423634 3.0
0.00593027721966 0.963590925107 0.000363903023913 0.963507639762 3.0
0.00623354253074 0.964012581212 0.000363903023913 0.963548016186 3.0
0.00653680784182 0.963500664929 0.000363903023913 0.963590577808 3.0
0.0068400731529 0.963419432529 0.000363903023913 0.96363535113 3.0
0.00714333846398 0.963770038887 0.000363903023913 0.96368236432 3.0
0.00744660377506 0.963706869971 0.000363903023913 0.963731647277 3.0
0.00774986908614 0.963699219105 0.000363903023913 0.963783231699 3.0
0.00805313439722 0.963958441407 0.000363903023913 0.963837151167 3.0
0.00835639970831 0.964035317965 0.000363903023913 0.963893441227 3.0
0.00865966501939 0.963747562331 0.000363903023913 0.96395213948 3.0
0.00896293033047 0.963753970667 0.000363903023913 0.964013285686 3.0
0.00926619564155 0.963914669636 0.000363903023913 0.964076921872 3.0
0.00956946095263 0.963834049499 0.000363903023913 0.964143092447 3.0
0.00987272626371 0.964175331084 0.000363903023913 0.964211844337 3.0
0.0101759915748 0.964549357075 0.000363903023913 0.96428322712 3.0
0.0104792568859 0.964302897206 0.000363903023913 0.964357293183 3.0
0.010782522197 0.964564590844 0.000363903023913 0.964434097889 3.0
0.011085787508 0.964529990056 0.000363903023913 0.964513699762 3.0
0.0113890528191 0.964236931194 0.000363903023913 0.964596160691 3.0
0.0116923181302 0.965038556411 0.000363903023913 0.964681546146 3.0
0.0119955834413 0.964574491042 0.000363903023913 0.964769925433 3.0
0.0122988487524 0.965400042619 0.000363903023913 0.964861371954 3.0
0.0126021140634 0.965177142198 0.000363903023913 0.964955963516 3.0
0.0129053793745 0.965267031399 0.000363903023913 0.965053782659 3.0
0.0132086446856 0.964644001865 0.000363903023913 0.965154917025 3.0
0.0135119099967 0.965147638217 0.000363903023913 0.965259459777 3.0
0.0138151753078 0.965090950158 0.000363903023913 0.965367510059 3.0
0.0141184406188 0.965153902739 0.000363903023913 0.965479173515 3.0
0.0144217059299 0.965611100183 0.000363903023913 0.965594562883 3.0
0.014724971241 0.96545557346 0.000363903023913 0.965713798657 3.0
0.0150282365521 0.96642307819 0.000363903023913 0.96583700985 3.0
0.0153315018632 0.965895969617 0.000363903023913 0.96596433486 3.0
0.0156347671743 0.966217378535 0.000363903023913 0.966095922472 3.0
0.0159380324853 0.965927321069 0.000363903023913 0.966231933014 3.0
0.0162412977964 0.96596329734 0.000363903023913 0.96637253971 3.0
0.0165445631075 0.966810530229 0.000363903023913 0.966517930257 3.0
0.0168478284186 0.966470205002 0.000363903023913 0.966668308705 3.0
0.0171510937297 0.96742807283 0.000363903023913 0.966823897692 3.0
0.0174543590407 0.966870267371 0.000363903023913 0.966984941141 3.0
0.0177576243518 0.966941952321 0.000363903023913 0.96715170756 3.0
0.0180608896629 0.967442890515 0.000363903023913 0.967324494106 3.0
0.018364154974 0.967419059579 0.000363903023913 0.967503631701 3.0
0.0186674202851 0.9672827096 0.000363903023913 0.967689491558 3.0
0.0189706855961 0.968075200351 0.000363903023913 0.967882493692 3.0
0.0192739509072 0.967229845743 0.000363903023913 0.968083118289 3.0
0.0195772162183 0.967852510108 0.000363903023913 0.968291921362 3.0
0.0198804815294 0.967858368512 0.000363903023913 0.968509557101 3.0
0.0201837468405 0.969201819436 0.000363903023913 0.968736811355 3.0
0.0204870121515 0.968940780846 0.000363903023913 0.968974655028 3.0
0.0207902774626 0.968931080556 0.000363903023913 0.969224337165 3.0
0.0210935427737 0.970119473507 0.000363903023913 0.969487571099 3.0
0.0213968080848 0.96977859555 0.000363903023913 0.969767013352 3.0
0.0217000733959 0.970027837466 0.000363903023913 0.970076860181 2.0
0.022003338707 0.970484983087 0.000363903023913 0.970474763128 2.0
0.022306604018 0.970991935941 0.000363903023913 0.970927294162 2.0
0.0226098693291 0.971748386698 0.000363903023913 0.971420223196 2.0
0.0229131346402 0.972207021036 0.000363903023913 0.971946357011 2.0
0.0232163999513 0.97229123633 0.000363903023913 0.972500880239 2.0
0.0235196652624 0.972719721071 0.000363903023913 0.973080160291 2.0
0.0238229305734 0.973905792042 0.000363903023913 0.973681260951 2.0
0.0241261958845 0.974719456035 0.000363903023913 0.974301698887 2.0
0.0244294611956 0.974419776494 0.000363903023913 0.974939305526 2.0
0.0247327265067 0.975503669537 0.000363903023913 0.975592141766 2.0
0.0250359918178 0.976151180447 0.000363903023913 0.976258441928 2.0
0.0253392571288 0.977152406226 0.000363903023913 0.976936575129 2.0
0.0256425224399 0.97749128599 0.000363903023913 0.977625017629 2.0
0.025945787751 0.978557432653 0.000363903023913 0.978322332408 2.0
0.0262490530621 0.979395672129 0.000363903023913 0.979027153663 2.0
0.0265523183732 0.979916885017 0.000363903023913 0.979738174793 2.0
0.0268555836843 0.980773339747 0.000363903023913 0.980454138865 2.0
0.0271588489953 0.980844407108 0.000363903023913 0.981173830928 2.0
0.0274621143064 0.981602743137 0.000363903023913 0.981896071696 2.0
0.0277653796175 0.982720484289 0.000363903023913 0.982619712268 2.0
0.0280686449286 0.983138066063 0.000363903023913 0.98334362965 2.0
0.0283719102397 0.984219280288 0.000363903023913 0.984066722883 2.0
0.0286751755507 0.984243810863 0.000363903023913 0.984787909649 2.0
0.0289784408618 0.986064887393 0.000363903023913 0.985506123235 2.0
0.0292817061729 0.98637031529 0.000363903023913 0.986220309773 2.0
0.029584971484 0.986847537961 0.000363903023913 0.986929425687 2.0
0.0298882367951 0.987835947513 0.000363903023913 0.987632435279 2.0
0.0301915021061 0.988105003354 0.000363903023913 0.988328308405 2.0
0.0304947674172 0.989373178099 0.000363903023913 0.989016018192 2.0
0.0307980327283 0.990207371817 0.000363903023913 0.989694538749 2.0
0.0311012980394 0.99028165662 0.000363903023913 0.990362842828 2.0
0.0314045633505 0.991016143101 0.000363903023913 0.991019899373 2.0
0.0317078286615 0.991243497634 0.000363903023913 0.991664670925 2.0
0.0320110939726 0.992281376673 0.000363903023913 0.9922961108 2.0
0.0323143592837 0.992481805989 0.000363903023913 0.992913159971 2.0
0.0326176245948 0.993739612314 0.000363903023913 0.993514743568 2.0
0.0329208899059 0.994392827565 0.000363903023913 0.994099766867 2.0
0.033224155217 0.994826651133 0.000363903023913 0.994667110624 2.0
0.033527420528 0.994676212268 0.000363903023913 0.995215625551 2.0
0.0338306858391 0.995140426337 0.000363903023913 0.995744125646 2.0
0.0341339511502 0.996446469344 0.000363903023913 0.996251380009 2.0
0.0344372164613 0.996503371475 0.000363903023913 0.996736102571 2.0
0.0347404817724 0.99724770964 0.000363903023913 0.997196938947 2.0
0.0350437470834 0.99796259431 0.000363903023913 0.99763244916 2.0
0.0353470123945 0.998207544843 0.000363903023913 0.9980410843 2.0
0.0356502777056 0.998550528503 0.000363903023913 0.998421153916 2.0
0.0359535430167 0.998284144782 0.000363903023913 0.998770778584 2.0
0.0362568083278 0.999188014857 0.000363903023913 0.999087817318 2.0
0.0365600736388 0.99895717455 0.000363903023913 0.999369748974 2.0
0.0368633389499 0.99962231665 0.000363903023913 0.999613460372 2.0
0.037166604261 1.00012891632 0.000363903023913 0.999814814826 2.0
0.0374698695721 1.00011836293 0.000363903023913 0.999967560619 2.0
0.0377731348832 0.999909036883 0.000363903023913 1.00005882041 2.0
0.0380764001943 1.00011168401 0.000363903023913 1.00006706374 0.0
0.0383796655053 0.999626479113 0.000363903023913 1.00006706374 0.0
0.0386829308164 0.999620063687 0.000363903023913 1.00006706374 0.0
0.0389861961275 1.00011355121 0.000363903023913 1.00006706374 0.0
0.0392894614386 1.00028727525 0.000363903023913 1.00006706374 0.0
0.0395927267497 0.999502944689 0.000363903023913 1.00006706374 0.0
0.0398959920607 1.0000384843 0.000363903023913 1.00006706374 0.0
0.0401992573718 1.00075895786 0.000363903023913 1.00006706374 0.0
0.0405025226829 1.00005703881 0.000363903023913 1.00006706374 0.0
0.040805787994 1.00015227691 0.000363903023913 1.00006706374 0.0
0.0411090533051 0.999813073606 0.000363903023913 1.00006706374 0.0
0.0414123186161 1.00073644549 0.000363903023913 1.00006706374 0.0
0.0417155839272 0.999828399162 0.000363903023913 1.00006706374 0.0
0.0420188492383 0.999966755905 0.000363903023913 1.00006706374 0.0
0.0423221145494 0.9999221473 0.000363903023913 1.00006706374 0.0
0.0426253798605 1.00047758873 0.000363903023913 1.00006706374 0.0
0.0429286451715 0.999742005868 0.000363903023913 1.00006706374 0.0
0.0432319104826 0.999882719745 0.000363903023913 1.00006706374 0.0
0.0435351757937 0.999322320062 0.000363903023913 1.00006706374 0.0
0.0438384411048 1.00025863498 0.000363903023913 1.00006706374 0.0
0.0441417064159 1.00009551187 0.000363903023913 1.00006706374 0.0
0.044444971727 1.00066116169 0.000363903023913 1.00006706374 0.0
0.044748237038 0.999713095791 0.000363903023913 1.00006706374 0.0
0.0450515023491 1.00001822171 0.000363903023913 1.00006706374 0.0
0.0453547676602 0.999564494033 0.000363903023913 1.00006706374 0.0
