-0.0368125302346 1.00020230487 0.000201233437616 1.00001188032 0
-0.0365656185892 0.999946805541 0.000201233437616 1.00001188032 0
-0.0363187069439 1.00015983509 0.000201233437616 1.00001188032 0
-0.0360717952985 1.00030623213 0.000201233437616 1.00001188032 0
-0.0358248836531 1.00003432653 0.000201233437616 1.00001188032 0
-0.0355779720077 0.999892772042 0.000201233437616 1.00001188032 0
-0.0353310603623 0.999813829788 0.000201233437616 1.00001188032 0
-0.0350841487169 1.00016028085 0.000201233437616 1.00001188032 0
-0.0348372370716 1.00019746501 0.000201233437616 1.00001188032 0
-0.0345903254262 0.999853975184 0.000201233437616 1.00001188032 0
-0.0343434137808 1.00011361535 0.000201233437616 1.00001188032 0
-0.0340965021354 0.99980172631 0.000201233437616 1.00001188032 0
-0.03384959049 0.99953013232 0.000201233437616 1.00001188032 0
-0.0336026788446 1.00003275324 0.000201233437616 1.00001188032 0
-0.0333557671992 1.00002861471 0.000201233437616 1.00001188032 0
-0.0331088555539 1.00016468682 0.000201233437616 1.00001188032 0
-0.0328619439085 0.999931197149 0.000201233437616 1.00001188032 0
-0.0326150322631 1.00012545706 0.000201233437616 1.00001188032 0
-0.0323681206177 0.999959516984 0.000201233437616 1.00001188032 0
-0.0321212089723 0.99968369388 0.000201233437616 1.00001188032 0
-0.0318742973269 0.999827869732 0.000201233437616 1.00001188032 0
-0.0316273856816 1.00011494079 0.000201233437616 1.00001188032 0
-0.0313804740362 1.00031178226 0.000201233437616 1.00001188032 0
-0.0311335623908 0.999778948385 0.000201233437616 1.00001188032 0
-0.0308866507454 0.999835046943 0.000201233437616 1.00001188032 0
-0.0306397391 1.00008077351 0.000201233437616 1.00000817054 4
-0.0303928274546 1.00012410127 0.000201233437616 0.999991348887 4
-0.0301459158093 0.999950604701 0.000201233437616 0.99996725686 4
-0.0298990041639 1.00003417588 0.000201233437616 0.999937767295 4
-0.0296520925185 0.999927713198 0.000201233437616 0.999903822875 4
-0.0294051808731 0.999852569702 0.000201233437616 0.999866030568 4
-0.0291582692277 1.0003020288 0.000201233437616 0.99982482879 4
-0.0289113575823 0.999739228663 0.000201233437616 0.999780556835 4
-0.028664445937 0.999467263716 0.000201233437616 0.999733489794 4
-0.0284175342916 0.999552956404 0.000201233437616 0.999683858336 4
-0.0281706226462 0.999666329159 0.000201233437616 0.999631860877 4
-0.0279237110008 0.999338044322 0.000201233437616 0.999577671537 4
-0.0276767993554 0.999512271641 0.000201233437616 0.999521445581 4
-0.02742988771 0.999645917485 0.000201233437616 0.999463323297 4
-0.0271829760647 0.999209438495 0.000201233437616 0.999403432824 4
-0.0269360644193 0.999470886881 0.000201233437616 0.99934189229 4
-0.0266891527739 0.999513514718 0.000201233437616 0.999278811436 4
-0.0264422411285 0.999265086242 0.000201233437616 0.9992142929 4
-0.0261953294831 0.999277087615 0.000201233437616 0.999148433219 4
-0.0259484178377 0.999037974827 0.000201233437616 0.999081323647 4
-0.0257015061923 0.998788542922 0.000201233437616 0.999013050814 4
-0.025454594547 0.998943903068 0.000201233437616 0.998943697265 4
-0.0252076829016 0.999266876419 0.000201233437616 0.998873341915 4
-0.0249607712562 0.998794244366 0.000201233437616 0.998802060416 4
-0.0247138596108 0.998679783444 0.000201233437616 0.998729925483 4
-0.0244669479654 0.998454357864 0.000201233437616 0.99865700715 4
-0.02422003632 0.998537021099 0.000201233437616 0.998583373008 4
-0.0239731246747 0.998687203076 0.000201233437616 0.998509088393 4
-0.0237262130293 0.998219909911 0.000201233437616 0.998434216553 4
-0.0234793013839 0.998342692646 0.000201233437616 0.998358818799 4
-0.0232323897385 0.998122093565 0.000201233437616 0.998282954621 4
-0.0229854780931 0.998089660202 0.000201233437616 0.998206681806 4
-0.0227385664477 0.998142504205 0.000201233437616 0.998130056526 4
-0.0224916548024 0.99816117211 0.000201233437616 0.998053133422 4
-0.022244743157 0.9978843124 0.000201233437616 0.997975965679 4
-0.0219978315116 0.998189589308 0.000201233437616 0.997898605088 4
-0.0217509198662 0.997252046509 0.000201233437616 0.997821102102 4
-0.0215040082208 0.997861711731 0.000201233437616 0.997743505885 4
-0.0212570965754 0.997766598516 0.000201233437616 0.997665864356 4
-0.0210101849301 0.997098768619 0.000201233437616 0.997588224226 4
-0.0207632732847 0.997617175352 0.000201233437616 0.997510631036 4
-0.0205163616393 0.997397326788 0.000201233437616 0.997433129182 4
-0.0202694499939 0.99740128727 0.000201233437616 0.997355761943 4
-0.0200225383485 0.997373360034 0.000201233437616 0.997278571507 4
-0.0197756267031 0.997642418948 0.000201233437616 0.997201598991 4
-0.0195287150578 0.996864445651 0.000201233437616 0.997124884458 4
-0.0192818034124 0.996553782419 0.000201233437616 0.997048466934 4
-0.019034891767 0.996650956404 0.000201233437616 0.996972384428 4
-0.0187879801216 0.996988901113 0.000201233437616 0.996896673937 4
-0.0185410684762 0.997367541509 0.000201233437616 0.996821371467 4
-0.0182941568308 0.997207477251 0.000201233437616 0.996746512035 4
-0.0180472451854 0.996727052924 0.000201233437616 0.996672129688 4
-0.0178003335401 0.996724685141 0.000201233437616 0.996598257506 4
-0.0175534218947 0.996732825854 0.000201233437616 0.996524927612 4
-0.0173065102493 0.996348862807 0.000201233437616 0.996452171181 4
-0.0170595986039 0.996647815772 0.000201233437616 0.996380018446 4
-0.0168126869585 0.996144060728 0.000201233437616 0.996308498707 4
-0.0165657753131 0.995908518336 0.000201233437616 0.996237640336 4
-0.0163188636678 0.996097646706 0.000201233437616 0.996167470784 4
-0.0160719520224 0.996005428167 0.000201233437616 0.996098016586 4
-0.015825040377 0.996202041708 0.000201233437616 0.996029303372 4
-0.0155781287316 0.996034376653 0.000201233437616 0.995961355867 4
-0.0153312170862 0.995959699624 0.000201233437616 0.995894197904 4
-0.0150843054408 0.995863974192 0.000201233437616 0.995827852425 4
-0.0148373937955 0.995721832732 0.000201233437616 0.995762341491 4
-0.0145904821501 0.995577032093 0.000201233437616 0.995697686288 4
-0.0143435705047 0.995519710401 0.000201233437616 0.995633907136 4
-0.0140966588593 0.995945304749 0.000201233437616 0.995571023493 4
-0.0138497472139 0.995487662674 0.000201233437616 0.995509053967 4
-0.0136028355685 0.995420136124 0.000201233437616 0.995448016322 4
-0.0133559239232 0.995251739779 0.000201233437616 0.995387927487 4
-0.0131090122778 0.99567232897 0.000201233437616 0.995328803568 4
-0.0128621006324 0.995114913535 0.000201233437616 0.995270659854 4
-0.012615188987 0.995389404363 0.000201233437616 0.99521351083 4
-0.0123682773416 0.995314857085 0.000201233437616 0.995157370187 4
-0.0121213656962 0.995260258691 0.000201233437616 0.995102250834 4
-0.0118744540509 0.994955814252 0.000201233437616 0.995048164909 4
-0.0116275424055 0.994871381664 0.000201233437616 0.994995123795 4
-0.0113806307601 0.994963832767 0.000201233437616 0.994943138129 4
-0.0111337191147 0.994943273728 0.000201233437616 0.994892217819 4
-0.0108868074693 0.994631665684 0.000201233437616 0.994842372059 4
-0.0106398958239 0.995050595736 0.000201233437616 0.994793609343 4
-0.0103929841786 0.994836278332 0.000201233437616 0.994745937483 4
-0.0101460725332 0.994246067446 0.000201233437616 0.994699363624 4
-0.00989916088778 0.994321776731 0.000201233437616 0.994653894262 4
-0.0096522492424 0.994584066983 0.000201233437616 0.994609535264 4
-0.00940533759702 0.99437517525 0.000201233437616 0.994566291886 4
-0.00915842595163 0.994623206887 0.000201233437616 0.994524168793 4
-0.00891151430625 0.994470474738 0.000201233437616 0.994483170079 4
-0.00866460266086 0.994308293684 0.000201233437616 0.994443299288 4
-0.00841769101548 0.994251822521 0.000201233437616 0.994404559439 4
-0.0081707793701 0.994409945635 0.000201233437616 0.994366953044 4
-0.00792386772471 0.994008065191 0.000201233437616 0.994330482135 4
-0.00767695607933 0.994399376506 0.000201233437616 0.994295148283 4
-0.00743004443394 0.994138642433 0.000201233437616 0.994260952631 4
-0.00718313278856 0.994286646909 0.000201233437616 0.994227895908 4
-0.00693622114318 0.993965700004 0.000201233437616 0.994195978465 4
-0.00668930949779 0.994126450674 0.000201233437616 0.994165200292 4
-0.00644239785241 0.994700475709 0.000201233437616 0.994135561052 4
-0.00619548620703 0.993852113795 0.000201233437616 0.994107060101 4
-0.00594857456164 0.993990288035 0.000201233437616 0.99407969652 4
-0.00570166291626 0.993741183956 0.000201233437616 0.994053469139 4
-0.00545475127087 0.993850675857 0.000201233437616 0.994028376567 4
-0.00520783962549 0.994263202729 0.000201233437616 0.994004417216 4
-0.00496092798011 0.993989530787 0.000201233437616 0.993981589332 4
-0.00471401633472 0.99420880116 0.000201233437616 0.993959891018 4
-0.00446710468934 0.993977352351 0.000201233437616 0.993939320267 4
-0.00422019304395 0.993699856325 0.000201233437616 0.993919874981 4
-0.00397328139857 0.994052397746 0.000201233437616 0.993901553005 4
-0.00372636975319 0.99406588095 0.000201233437616 0.993884352147 4
-0.0034794581078 0.993832688544 0.000201233437616 0.993868270204 4
-0.00323254646242 0.994070778125 0.000201233437616 0.993853304991 4
-0.00298563481704 0.993851382884 0.000201233437616 0.993839454358 4
-0.00273872317165 0.993841318777 0.000201233437616 0.993826716215 4
-0.00249181152627 0.993615301793 0.000201233437616 0.993815088555 4
-0.00224489988088 0.993813567001 0.000201233437616 0.993804569472 4
-0.0019979882355 0.99411157918 0.000201233437616 0.993795157182 4
-0.00175107659012 0.993815653345 0.000201233437616 0.993786850036 4
-0.00150416494473 0.993904676715 0.000201233437616 0.993779646541 4
-0.00125725329935 0.993500458767 0.000201233437616 0.993773545373 4
-0.00101034165397 0.994126993967 0.000201233437616 0.993768545384 4
-0.000763430008581 0.993584234856 0.000201233437616 0.993764645623 4
-0.000516518363197 0.993972867424 0.000201233437616 0.993761845335 4
-0.000269606717814 0.993877895934 0.000201233437616 0.993760143973 4
-2.26950724297e-05 0.994302973788 0.000201233437616 0.993759541204 4
0.000224216572954 0.9937017868 0.000201233437616 0.993760036909 4
0.000471128218338 0.994097808404 0.000201233437616 0.993761631186 4
0.000718039863722 0.993811719587 0.000201233437616 0.993764324348 4
0.000964951509106 0.993718898678 0.000201233437616 0.99376811692 4
0.00121186315449 0.99374794857 0.000201233437616 0.993773009637 4
0.00145877479987 0.993750196259 0.000201233437616 0.993779003433 4
0.00170568644526 0.993935899248 0.000201233437616 0.993786099435 4
0.00195259809064 0.993762716183 0.000201233437616 0.993794298951 4
0.00219950973602 0.993455650989 0.000201233437616 0.993803603459 4
0.00244642138141 0.993552668488 0.000201233437616 0.993814014593 4
0.00269333302679 0.994106697637 0.000201233437616 0.993825534124 4
0.00294024467218 0.993813600703 0.000201233437616 0.993838163948 4
0.00318715631756 0.993745022483 0.000201233437616 0.993851906063 4
0.00343406796294 0.993496569641 0.000201233437616 0.993866762551 4
0.00368097960833 0.993877275129 0.000201233437616 0.993882735556 4
0.00392789125371 0.993823023795 0.000201233437616 0.993899827264 4
0.0041748028991 0.993873205909 0.000201233437616 0.993918039874 4
0.00442171454448 0.994096749688 0.000201233437616 0.993937375582 4
0.00466862618986 0.993709135529 0.000201233437616 0.993957836547 4
0.00491553783525 0.994053835906 0.000201233437616 0.993979424874 4
0.00516244948063 0.993841828247 0.000201233437616 0.99400214258 4
0.00540936112601 0.993912597531 0.000201233437616 0.994025991574 4
0.0056562727714 0.993877410412 0.000201233437616 0.994050973625 4
0.00590318441678 0.993819826321 0.000201233437616 0.994077090338 4
0.00615009606217 0.994210405115 0.000201233437616 0.994104343125 4
0.00639700770755 0.994228972941 0.000201233437616 0.994132733178 4
0.00664391935293 0.994420310083 0.000201233437616 0.994162261443 4
0.00689083099832 0.993832009634 0.000201233437616 0.994192928591 4
0.0071377426437 0.994305523222 0.000201233437616 0.99422473499 4
0.00738465428909 0.994280899571 0.000201233437616 0.994257680683 4
0.00763156593447 0.993972380006 0.000201233437616 0.994291765357 4
0.00787847757985 0.994247049981 0.000201233437616 0.994326988318 4
0.00812538922524 0.994230054137 0.000201233437616 0.994363348467 4
0.00837230087062 0.994600081862 0.000201233437616 0.994400844275 4
0.008619212516 0.994247538796 0.000201233437616 0.994439473755 4
0.00886612416139 0.994421530227 0.000201233437616 0.994479234444 4
0.00911303580677 0.994613329247 0.000201233437616 0.994520123373 4
0.00935994745216 0.994562874926 0.000201233437616 0.994562137051 4
0.00960685909754 0.994826336949 0.000201233437616 0.994605271437 4
0.00985377074292 0.994867183486 0.000201233437616 0.994649521923 4
0.0101006823883 0.995006583338 0.000201233437616 0.994694883313 4
0.0103475940337 0.994542284829 0.000201233437616 0.994741349799 4
0.0105945056791 0.99517343194 0.000201233437616 0.994788914947 4
0.0108414173245 0.994742606885 0.000201233437616 0.994837571676 4
0.0110883289698 0.99482038239 0.000201233437616 0.99488731224 4
0.0113352406152 0.995008562167 0.000201233437616 0.994938128213 4
0.0115821522606 0.995036443329 0.000201233437616 0.994990010469 4
0.011829063906 0.99494060071 0.000201233437616 0.995042949171 4
0.0120759755514 0.995544805921 0.000201233437616 0.995096933753 4
0.0123228871968 0.994971172761 0.000201233437616 0.995151952905 4
0.0125697988421 0.995165531093 0.000201233437616 0.995207994565 4
0.0128167104875 0.995103412361 0.000201233437616 0.995265045897 4
0.0130636221329 0.995290010074 0.000201233437616 0.995323093289 4
0.0133105337783 0.995310391452 0.000201233437616 0.995382122332 4
0.0135574454237 0.995440233257 0.000201233437616 0.995442117817 4
0.0138043570691 0.995643593834 0.000201233437616 0.995503063719 4
0.0140512687144 0.995499074826 0.000201233437616 0.995564943187 4
0.0142981803598 0.995640550778 0.000201233437616 0.995627738542 4
0.0145450920052 0.995418678585 0.000201233437616 0.995691431256 4
0.0147920036506 0.996057518735 0.000201233437616 0.995756001955 4
0.015038915296 0.995633732358 0.000201233437616 0.995821430404 4
0.0152858269414 0.995794744505 0.000201233437616 0.995887695501 4
0.0155327385868 0.995757434198 0.000201233437616 0.995954775271 4
0.0157796502321 0.996435732791 0.000201233437616 0.996022646857 4
0.0160265618775 0.996196146574 0.000201233437616 0.996091286515 4
0.0162734735229 0.996011823948 0.000201233437616 0.996160669606 4
0.0165203851683 0.996290782005 0.000201233437616 0.996230770589 4
0.0167672968137 0.996300501419 0.000201233437616 0.996301563018 4
0.0170142084591 0.996265764754 0.000201233437616 0.99637301953 4
0.0172611201044 0.996615590578 0.000201233437616 0.996445111844 4
0.0175080317498 0.996618125311 0.000201233437616 0.996517810751 4
0.0177549433952 0.996356851293 0.000201233437616 0.996591086109 4
0.0180018550406 0.996756692479 0.000201233437616 0.996664906835 4
0.018248766686 0.99648728775 0.000201233437616 0.996739240899 4
0.0184956783314 0.996994822517 0.000201233437616 0.996814055313 4
0.0187425899767 0.997151877639 0.000201233437616 0.996889316128 4
0.0189895016221 0.997105238495 0.000201233437616 0.996964988419 4
0.0192364132675 0.997267835433 0.000201233437616 0.997041036278 4
0.0194833249129 0.997327208544 0.000201233437616 0.997117422805 4
0.0197302365583 0.996703026464 0.000201233437616 0.99719411009 4
0.0199771482037 0.997189526219 0.000201233437616 0.997271059208 4
0.020224059849 0.997376537136 0.000201233437616 0.997348230196 4
0.0204709714944 0.997611546261 0.000201233437616 0.997425582041 4
0.0207178831398 0.99735805342 0.000201233437616 0.997503072661 4
0.0209647947852 0.997755239959 0.000201233437616 0.997580658883 4
0.0212117064306 0.997467131011 0.000201233437616 0.997658296422 4
0.021458618076 0.997613592706 0.000201233437616 0.99773593985 4
0.0217055297213 0.998018040761 0.000201233437616 0.997813542571 4
0.0219524413667 0.997576289702 0.000201233437616 0.997891056786 4
0.0221993530121 0.997718191567 0.000201233437616 0.997968433453 4
0.0224462646575 0.998281475343 0.000201233437616 0.998045622248 4
0.0226931763029 0.998130353521 0.000201233437616 0.998122571512 4
0.0229400879483 0.998335699531 0.000201233437616 0.998199228199 4
0.0231869995937 0.998634326124 0.000201233437616 0.998275537812 4
0.023433911239 0.998307075438 0.000201233437616 0.998351444332 4
0.0236808228844 0.998393447373 0.000201233437616 0.998426890134 4
0.0239277345298 0.998396245994 0.000201233437616 0.998501815898 4
0.0241746461752 0.998799618888 0.000201233437616 0.998576160496 4
0.0244215578206 0.998259919707 0.000201233437616 0.998649860875 4
0.024668469466 0.998379198807 0.000201233437616 0.998722851908 4
0.0249153811113 0.998767544763 0.000201233437616 0.998795066235 4
0.0251622927567 0.999053777354 0.000201233437616 0.998866434065 4
0.0254092044021 0.998937838205 0.000201233437616 0.99893688296 4
0.0256561160475 0.999124170813 0.000201233437616 0.999006337564 4
0.0259030276929 0.99881558828 0.000201233437616 0.999074719298 4
0.0261499393383 0.999087475727 0.000201233437616 0.999141945986 4
0.0263968509836 0.999004060952 0.000201233437616 0.999207931421 4
0.026643762629 0.99963455391 0.000201233437616 0.999272584827 4
0.0268906742744 0.999280586559 0.000201233437616 0.999335810212 4
0.0271375859198 0.999346260215 0.000201233437616 0.999397505576 4
0.0273844975652 0.999385005947 0.000201233437616 0.999457561919 4
0.0276314092106 0.999716360383 0.000201233437616 0.999515862 4
0.0278783208559 0.999585473768 0.000201233437616 0.999572278735 4
0.0281252325013 0.999804488135 0.000201233437616 0.999626673135 4
0.0283721441467 0.99938666607 0.000201233437616 0.999678891542 4
0.0286190557921 0.999653047265 0.000201233437616 0.999728761886 4
0.0288659674375 0.999843121001 0.000201233437616 0.999776088417 4
0.0291128790829 0.999823256676 0.000201233437616 0.999820644057 4
0.0293597907282 1.00002580696 0.000201233437616 0.999862158756 4
0.0296067023736 0.999729714194 0.000201233437616 0.99990030068 4
0.029853614019 1.00005624121 0.000201233437616 0.999934643323 4
0.0301005256644 0.999818210937 0.000201233437616 0.999964601018 4
0.0303474373098 0.999994491692 0.000201233437616 0.999989277319 4
0.0305943489552 1.00036270027 0.000201233437616 1.00000695596 4
0.0308412606005 0.999938136901 0.000201233437616 1.00001188032 0
0.0310881722459 1.00022752636 0.000201233437616 1.00001188032 0
0.0313350838913 1.00017793507 0.000201233437616 1.00001188032 0
0.0315819955367 1.00044841587 0.000201233437616 1.00001188032 0
0.0318289071821 1.00016090992 0.000201233437616 1.00001188032 0
0.0320758188275 0.999857912594 0.000201233437616 1.00001188032 0
0.0323227304729 0.999726092065 0.000201233437616 1.00001188032 0
0.0325696421182 0.999769852287 0.000201233437616 1.00001188032 0
0.0328165537636 1.00008256711 0.000201233437616 1.00001188032 0
0.033063465409 0.999915656543 0.000201233437616 1.00001188032 0
0.0333103770544 1.00007118662 0.000201233437616 1.00001188032 0
0.0335572886998 1.00039275399 0.000201233437616 1.00001188032 0
0.0338042003452 0.999927824399 0.000201233437616 1.00001188032 0
0.0340511119905 0.999998936648 0.000201233437616 1.00001188032 0
0.0342980236359 0.999748695892 0.000201233437616 1.00001188032 0
0.0345449352813 1.00041971343 0.000201233437616 1.00001188032 0
0.0347918469267 0.999781859269 0.000201233437616 1.00001188032 0
0.0350387585721 0.999843664581 0.000201233437616 1.00001188032 0
0.0352856702175 0.999817514991 0.000201233437616 1.00001188032 0
0.0355325818628 1.00014224429 0.000201233437616 1.00001188032 0
0.0357794935082 1.00000275494 0.000201233437616 1.00001188032 0
0.0360264051536 0.999884437141 0.000201233437616 1.00001188032 0
0.036273316799 1.00019056268 0.000201233437616 1.00001188032 0
0.0365202284444 1.00014001322 0.000201233437616 1.00001188032 0
0.0367671400898 0.999800089741 0.000201233437616 1.00001188032 0
0.0370140517351 0.999866935765 0.000201233437616 1.00001188032 0
