-0.0445047529987 1.00006187106 0.000254326031773 0.999982519291 0.0
-0.044207507788 0.999828931934 0.000254326031773 0.999982519291 0.0
-0.0439102625773 0.999658339914 0.000254326031773 0.999982519291 0.0
-0.0436130173666 0.999951863758 0.000254326031773 0.999982519291 0.0
-0.0433157721559 1.00002831832 0.000254326031773 0.999982519291 0.0
-0.0430185269452 1.00012951625 0.000254326031773 0.999982519291 0.0
-0.0427212817345 1.00008459735 0.000254326031773 0.999982519291 0.0
-0.0424240365238 1.00015002108 0.000254326031773 0.999982519291 0.0
-0.0421267913131 0.99984774183 0.000254326031773 0.999982519291 0.0
-0.0418295461024 0.999814994935 0.000254326031773 0.999982519291 0.0
-0.0415323008917 0.999965477052 0.000254326031773 0.999982519291 0.0
-0.041235055681 0.999635810211 0.000254326031773 0.999982519291 0.0
-0.0409378104703 0.999870840248 0.000254326031773 0.999982519291 0.0
-0.0406405652596 0.999733794358 0.000254326031773 0.999982519291 0.0
-0.0403433200489 0.999318183081 0.000254326031773 0.999982519291 0.0
-0.0400460748382 1.00016724996 0.000254326031773 0.999982519291 0.0
-0.0397488296275 0.999869592726 0.000254326031773 0.999982519291 0.0
-0.0394515844168 0.999827506912 0.000254326031773 0.999982519291 0.0
-0.0391543392061 0.999588932335 0.000254326031773 0.999982519291 0.0
-0.0388570939954 1.00020111098 0.000254326031773 0.999982519291 0.0
-0.0385598487847 1.00037932418 0.000254326031773 0.999982519291 0.0
-0.038262603574 1.00051349831 0.000254326031773 0.999982519291 0.0
-0.0379653583633 0.999998453398 0.000254326031773 0.999982519291 0.0
-0.0376681131525 1.00020992875 0.000254326031773 0.999982519291 0.0
-0.0373708679418 0.999515655177 0.000254326031773 0.999982519291 0.0
-0.0370736227311 1.00009758584 0.000254326031773 0.999948947665 1.0
-0.0367763775204 0.999808863697 0.000254326031773 0.999855783073 1.0
-0.0364791323097 0.999648328304 0.000254326031773 0.999732544116 1.0
-0.036181887099 0.998931759175 0.000254326031773 0.999589124607 1.0
-0.0358846418883 0.999618286576 0.000254326031773 0.999431842665 1.0
-0.0355873966776 0.999862129094 0.000254326031773 0.999265712932 1.0
-0.0352901514669 0.998997059861 0.000254326031773 0.999095240972 1.0
-0.0349929062562 0.999135439986 0.000254326031773 0.998924862373 1.0
-0.0346956610455 0.998587713504 0.000254326031773 0.998759315551 1.0
-0.0343984158348 0.998669751481 0.000254326031773 0.998604135192 1.0
-0.0341011706241 0.998629738407 0.000254326031773 0.998466632802 1.0
-0.0338039254134 0.998171241281 0.000254326031773 0.998359003876 1.0
-0.0335066802027 0.997832577032 0.000254326031773 0.998316004456 3.0
-0.033209434992 0.998597007004 0.000254326031773 0.99829749091 3.0
-0.0329121897813 0.99888060424 0.000254326031773 0.998280053891 3.0
-0.0326149445706 0.99880573426 0.000254326031773 0.99826340653 3.0
-0.0323176993599 0.998056459772 0.000254326031773 0.998247397038 3.0
-0.0320204541492 0.998066001041 0.000254326031773 0.998231927096 3.0
-0.0317232089385 0.997771967239 0.000254326031773 0.998216926666 3.0
-0.0314259637278 0.998143758888 0.000254326031773 0.998202343156 3.0
-0.0311287185171 0.99826039447 0.000254326031773 0.998188135669 3.0
-0.0308314733064 0.998063369637 0.000254326031773 0.998174271554 3.0
-0.0305342280957 0.997891086318 0.000254326031773 0.998160724189 3.0
-0.030236982885 0.998159105227 0.000254326031773 0.998147471491 3.0
-0.0299397376743 0.998114845809 0.000254326031773 0.998134494865 3.0
-0.0296424924636 0.998300698685 0.000254326031773 0.998121778459 3.0
-0.0293452472529 0.998199603076 0.000254326031773 0.998109308611 3.0
-0.0290480020422 0.998177095138 0.000254326031773 0.998097073435 3.0
-0.0287507568315 0.99812424583 0.000254326031773 0.998085062508 3.0
-0.0284535116208 0.998208045282 0.000254326031773 0.998073266618 3.0
-0.0281562664101 0.998337739168 0.000254326031773 0.998061677575 3.0
-0.0278590211994 0.997696669326 0.000254326031773 0.998050288058 3.0
-0.0275617759887 0.997538422598 0.000254326031773 0.99803909148 3.0
-0.027264530778 0.998288623306 0.000254326031773 0.998028081898 3.0
-0.0269672855673 0.998038823301 0.000254326031773 0.998017253919 3.0
-0.0266700403566 0.997301221936 0.000254326031773 0.998006602633 3.0
-0.0263727951459 0.997584921681 0.000254326031773 0.997996123556 3.0
-0.0260755499352 0.997911779105 0.000254326031773 0.997985812576 3.0
-0.0257783047245 0.998048761971 0.000254326031773 0.997975665913 3.0
-0.0254810595137 0.997958812229 0.000254326031773 0.997965680081 3.0
-0.025183814303 0.997839275361 0.000254326031773 0.997955851859 3.0
-0.0248865690923 0.997615911013 0.000254326031773 0.997946178261 3.0
-0.0245893238816 0.997979783023 0.000254326031773 0.997936656516 3.0
-0.0242920786709 0.99768553314 0.000254326031773 0.997927284043 3.0
-0.0239948334602 0.997915521592 0.000254326031773 0.997918058436 3.0
-0.0236975882495 0.99781915044 0.000254326031773 0.997908977448 3.0
-0.0234003430388 0.997741608567 0.000254326031773 0.997900038975 3.0
-0.0231030978281 0.998003977908 0.000254326031773 0.997891241045 3.0
-0.0228058526174 0.997650444123 0.000254326031773 0.997882581806 3.0
-0.0225086074067 0.9978159958 0.000254326031773 0.997874059519 3.0
-0.022211362196 0.997834756476 0.000254326031773 0.997865672543 3.0
-0.0219141169853 0.998295297952 0.000254326031773 0.997857419333 3.0
-0.0216168717746 0.998217081179 0.000254326031773 0.997849298432 3.0
-0.0213196265639 0.998394295894 0.000254326031773 0.997841308459 3.0
-0.0210223813532 0.997824723318 0.000254326031773 0.997833448112 3.0
-0.0207251361425 0.997329041605 0.000254326031773 0.997825716155 3.0
-0.0204278909318 0.997629712756 0.000254326031773 0.997818111417 3.0
-0.0201306457211 0.997834358325 0.000254326031773 0.997810632786 3.0
-0.0198334005104 0.997548867064 0.000254326031773 0.997803279207 3.0
-0.0195361552997 0.998009490238 0.000254326031773 0.997796049676 3.0
-0.019238910089 0.997503267431 0.000254326031773 0.99778894324 3.0
-0.0189416648783 0.997671961401 0.000254326031773 0.997781958988 3.0
-0.0186444196676 0.997447683718 0.000254326031773 0.997775096055 3.0
-0.0183471744569 0.997543431594 0.000254326031773 0.997768353616 3.0
-0.0180499292462 0.997623506881 0.000254326031773 0.997761730882 3.0
-0.0177526840355 0.997679559997 0.000254326031773 0.997755227101 3.0
-0.0174554388248 0.997412289235 0.000254326031773 0.997748841556 3.0
-0.0171581936141 0.997818927381 0.000254326031773 0.997742573559 3.0
-0.0168609484034 0.997015745153 0.000254326031773 0.997736422454 3.0
-0.0165637031927 0.997563586862 0.000254326031773 0.997730387613 3.0
-0.016266457982 0.998026524475 0.000254326031773 0.997724468435 3.0
-0.0159692127713 0.997808454162 0.000254326031773 0.997718664345 3.0
-0.0156719675606 0.997436725374 0.000254326031773 0.99771297479 3.0
-0.0153747223499 0.997694347834 0.000254326031773 0.997707399244 3.0
-0.0150774771392 0.997469316375 0.000254326031773 0.9977019372 3.0
-0.0147802319285 0.998359271765 0.000254326031773 0.997696588173 3.0
-0.0144829867178 0.997382028912 0.000254326031773 0.997691351696 3.0
-0.0141857415071 0.997643408428 0.000254326031773 0.997686227324 3.0
-0.0138884962964 0.997304454911 0.000254326031773 0.997681214629 3.0
-0.0135912510857 0.997378998528 0.000254326031773 0.997676313198 3.0
-0.013294005875 0.998007879168 0.000254326031773 0.997671522639 3.0
-0.0129967606642 0.997642976321 0.000254326031773 0.997666842572 3.0
-0.0126995154535 0.998467513475 0.000254326031773 0.997662272634 3.0
-0.0124022702428 0.997622656648 0.000254326031773 0.997657812475 3.0
-0.0121050250321 0.998087899983 0.000254326031773 0.997653461762 3.0
-0.0118077798214 0.997291334559 0.000254326031773 0.997649220173 3.0
-0.0115105346107 0.997351165267 0.000254326031773 0.997645087399 3.0
-0.0112132894 0.99718251668 0.000254326031773 0.997641063144 3.0
-0.0109160441893 0.997632513232 0.000254326031773 0.997637147125 3.0
-0.0106187989786 0.997688909818 0.000254326031773 0.997633339068 3.0
-0.0103215537679 0.997130306893 0.000254326031773 0.997629638712 3.0
-0.0100243085572 0.997194507522 0.000254326031773 0.997626045808 3.0
-0.00972706334652 0.997740425608 0.000254326031773 0.997622560113 3.0
-0.00942981813582 0.99766046011 0.000254326031773 0.997619181399 3.0
-0.00913257292512 0.997670759678 0.000254326031773 0.997615909445 3.0
-0.00883532771441 0.997497584943 0.000254326031773 0.997612744039 3.0
-0.00853808250371 0.99754667857 0.000254326031773 0.99760968498 3.0
-0.00824083729301 0.997657513754 0.000254326031773 0.997606732076 3.0
-0.00794359208231 0.997528131693 0.000254326031773 0.99760388514 3.0
-0.0076463468716 0.997785594144 0.000254326031773 0.997601143998 3.0
-0.0073491016609 0.997393388775 0.000254326031773 0.997598508482 3.0
-0.0070518564502 0.997694624073 0.000254326031773 0.997595978431 3.0
-0.0067546112395 0.998162267224 0.000254326031773 0.997593553693 3.0
-0.0064573660288 0.99791631872 0.000254326031773 0.997591234125 3.0
-0.00616012081809 0.997694874181 0.000254326031773 0.997589019588 3.0
-0.00586287560739 0.997420822749 0.000254326031773 0.997586909952 3.0
-0.00556563039669 0.997449246124 0.000254326031773 0.997584905095 3.0
-0.00526838518599 0.997434207567 0.000254326031773 0.997583004901 3.0
-0.00497113997528 0.997582277263 0.000254326031773 0.99758120926 3.0
-0.00467389476458 0.997885380815 0.000254326031773 0.997579518069 3.0
-0.00437664955388 0.998197751986 0.000254326031773 0.997577931233 3.0
-0.00407940434318 0.997485860695 0.000254326031773 0.997576448662 3.0
-0.00378215913247 0.997150040634 0.000254326031773 0.997575070272 3.0
-0.00348491392177 0.997729831225 0.000254326031773 0.997573795987 3.0
-0.00318766871107 0.997897002219 0.000254326031773 0.997572625734 3.0
-0.00289042350037 0.9974368493 0.000254326031773 0.99757155945 3.0
-0.00259317828966 0.997751683663 0.000254326031773 0.997570597076 3.0
-0.00229593307896 0.997500868989 0.000254326031773 0.997569738558 3.0
-0.00199868786826 0.997753336041 0.000254326031773 0.997568983849 3.0
-0.00170144265756 0.997537122152 0.000254326031773 0.997568332907 3.0
-0.00140419744685 0.99760757848 0.000254326031773 0.997567785698 3.0
-0.00110695223615 0.997458931113 0.000254326031773 0.997567342192 3.0
-0.000809707025449 0.99757526143 0.000254326031773 0.997567002364 3.0
-0.000512461814747 0.997238447946 0.000254326031773 0.997566766195 3.0
-0.000215216604044 0.997678263034 0.000254326031773 0.997566633674 3.0
8.2028606658e-05 0.997836325775 0.000254326031773 0.997566604792 3.0
0.00037927381736 0.997769695695 0.000254326031773 0.997566679548 3.0
0.000676519028063 0.997580089618 0.000254326031773 0.997566857947 3.0
0.000973764238765 0.997609400433 0.000254326031773 0.997567139997 3.0
0.00127100944947 0.997527905275 0.000254326031773 0.997567525715 3.0
0.00156825466017 0.997521828685 0.000254326031773 0.99756801512 3.0
0.00186549987087 0.997175517155 0.000254326031773 0.997568608241 3.0
0.00216274508157 0.99727548206 0.000254326031773 0.997569305109 3.0
0.00245999029228 0.997504701459 0.000254326031773 0.997570105763 3.0
0.00275723550298 0.997611445324 0.000254326031773 0.997571010246 3.0
0.00305448071368 0.997358901933 0.000254326031773 0.997572018608 3.0
0.00335172592438 0.997745956564 0.000254326031773 0.997573130904 3.0
0.00364897113509 0.996902625251 0.000254326031773 0.997574347198 3.0
0.00394621634579 0.997243811865 0.000254326031773 0.997575667555 3.0
0.00424346155649 0.99754615866 0.000254326031773 0.997577092049 3.0
0.00454070676719 0.997667050307 0.000254326031773 0.997578620762 3.0
0.0048379519779 0.997295209671 0.000254326031773 0.997580253778 3.0
0.0051351971886 0.997373794686 0.000254326031773 0.99758199119 3.0
0.0054324423993 0.99748558444 0.000254326031773 0.997583833097 3.0
0.00572968761 0.997489666485 0.000254326031773 0.997585779605 3.0
0.00602693282071 0.997269032744 0.000254326031773 0.997587830826 3.0
0.00632417803141 0.997330203307 0.000254326031773 0.99758998688 3.0
0.00662142324211 0.997689183068 0.000254326031773 0.997592247891 3.0
0.00691866845281 0.997812695308 0.000254326031773 0.997594613994 3.0
0.00721591366352 0.997656863621 0.000254326031773 0.997597085329 3.0
0.00751315887422 0.997923789033 0.000254326031773 0.997599662044 3.0
0.00781040408492 0.998124931376 0.000254326031773 0.997602344294 3.0
0.00810764929562 0.997580179527 0.000254326031773 0.997605132243 3.0
0.00840489450633 0.997810746647 0.000254326031773 0.997608026063 3.0
0.00870213971703 0.997757517954 0.000254326031773 0.997611025932 3.0
0.00899938492773 0.998034942057 0.000254326031773 0.99761413204 3.0
0.00929663013843 0.997605143339 0.000254326031773 0.997617344583 3.0
0.00959387534914 0.997243910832 0.000254326031773 0.997620663766 3.0
0.00989112055984 0.998130268453 0.000254326031773 0.997624089806 3.0
0.0101883657705 0.997635676214 0.000254326031773 0.997627622927 3.0
0.0104856109812 0.997658464506 0.000254326031773 0.997631263364 3.0
0.0107828561919 0.997634960991 0.000254326031773 0.99763501136 3.0
0.0110801014026 0.997782166093 0.000254326031773 0.997638867173 3.0
0.0113773466133 0.997871488351 0.000254326031773 0.997642831067 3.0
0.0116745918241 0.997620205084 0.000254326031773 0.997646903321 3.0
0.0119718370348 0.997714397884 0.000254326031773 0.997651084223 3.0
0.0122690822455 0.997302680559 0.000254326031773 0.997655374076 3.0
0.0125663274562 0.997488999724 0.000254326031773 0.997659773194 3.0
0.0128635726669 0.997445174578 0.000254326031773 0.997664281903 3.0
0.0131608178776 0.997554879258 0.000254326031773 0.997668900544 3.0
0.0134580630883 0.997755407712 0.000254326031773 0.997673629474 3.0
0.013755308299 0.997689040535 0.000254326031773 0.997678469062 3.0
0.0140525535097 0.997412587417 0.000254326031773 0.997683419692 3.0
0.0143497987204 0.99798328353 0.000254326031773 0.997688481769 3.0
0.0146470439311 0.997461343517 0.000254326031773 0.997693655708 3.0
0.0149442891418 0.997514997097 0.000254326031773 0.997698941948 3.0
0.0152415343525 0.997871361974 0.000254326031773 0.997704340943 3.0
0.0155387795632 0.997324607474 0.000254326031773 0.997709853166 3.0
0.0158360247739 0.998214546633 0.000254326031773 0.997715479113 3.0
0.0161332699846 0.997986755244 0.000254326031773 0.997721219299 3.0
0.0164305151953 0.997836146385 0.000254326031773 0.997727074262 3.0
0.016727760406 0.997591906218 0.000254326031773 0.997733044564 3.0
0.0170250056167 0.998067306782 0.000254326031773 0.997739130792 3.0
0.0173222508274 0.998571786716 0.000254326031773 0.997745333559 3.0
0.0176194960381 0.997930955977 0.000254326031773 0.997751653505 3.0
0.0179167412488 0.997445232399 0.000254326031773 0.997758091299 3.0
0.0182139864595 0.998128382977 0.000254326031773 0.997764647643 3.0
0.0185112316702 0.997774527943 0.000254326031773 0.997771323268 3.0
0.0188084768809 0.997912441038 0.000254326031773 0.997778118943 3.0
0.0191057220916 0.997808696769 0.000254326031773 0.997785035472 3.0
0.0194029673023 0.998159824349 0.000254326031773 0.997792073698 3.0
0.019700212513 0.997519391832 0.000254326031773 0.997799234506 3.0
0.0199974577237 0.997989019816 0.000254326031773 0.997806518825 3.0
0.0202947029344 0.998126680181 0.000254326031773 0.99781392763 3.0
0.0205919481451 0.997794274538 0.000254326031773 0.997821461947 3.0
0.0208891933558 0.998268143027 0.000254326031773 0.997829122857 3.0
0.0211864385665 0.998079160655 0.000254326031773 0.997836911497 3.0
0.0214836837772 0.997984233736 0.000254326031773 0.997844829064 3.0
0.0217809289879 0.997591414121 0.000254326031773 0.997852876826 3.0
0.0220781741986 0.998247372146 0.000254326031773 0.997861056117 3.0
0.0223754194093 0.997748391285 0.000254326031773 0.997869368352 3.0
0.02267266462 0.997803724323 0.000254326031773 0.997877815026 3.0
0.0229699098307 0.998396964463 0.000254326031773 0.997886397726 3.0
0.0232671550414 0.997989821402 0.000254326031773 0.997895118134 3.0
0.0235644002521 0.99758670772 0.000254326031773 0.997903978038 3.0
0.0238616454629 0.998484716228 0.000254326031773 0.997912979343 3.0
0.0241588906736 0.998477276841 0.000254326031773 0.997922124077 3.0
0.0244561358843 0.998203759327 0.000254326031773 0.997931414406 3.0
0.024753381095 0.997884369536 0.000254326031773 0.997940852646 3.0
0.0250506263057 0.99812971957 0.000254326031773 0.997950441278 3.0
0.0253478715164 0.99740993133 0.000254326031773 0.997960182964 3.0
0.0256451167271 0.99781557994 0.000254326031773 0.997970080569 3.0
0.0259423619378 0.998155957715 0.000254326031773 0.997980137179 3.0
0.0262396071485 0.998002654948 0.000254326031773 0.997990356128 3.0
0.0265368523592 0.998296717193 0.000254326031773 0.99800074103 3.0
0.0268340975699 0.997850136439 0.000254326031773 0.998011295804 3.0
0.0271313427806 0.997735105516 0.000254326031773 0.998022024724 3.0
0.0274285879913 0.997991467631 0.000254326031773 0.998032932455 3.0
0.027725833202 0.998503389324 0.000254326031773 0.998044024112 3.0
0.0280230784127 0.997807936415 0.000254326031773 0.998055305324 3.0
0.0283203236234 0.998126235521 0.000254326031773 0.998066782305 3.0
0.0286175688341 0.998359233971 0.000254326031773 0.998078461955 3.0
0.0289148140448 0.997671912331 0.000254326031773 0.998090351962 3.0
0.0292120592555 0.998340154689 0.000254326031773 0.998102460947 3.0
0.0295093044662 0.997895496633 0.000254326031773 0.998114798631 3.0
0.0298065496769 0.997714215741 0.000254326031773 0.998127376052 3.0
0.0301037948876 0.998246246631 0.000254326031773 0.998140205838 3.0
0.0304010400983 0.997996527198 0.000254326031773 0.99815330256 3.0
0.030698285309 0.998283739808 0.000254326031773 0.998166683209 3.0
0.0309955305197 0.998058429651 0.000254326031773 0.998180367814 3.0
0.0312927757304 0.998338215083 0.000254326031773 0.998194380319 3.0
0.0315900209411 0.998071877599 0.000254326031773 0.998208749793 3.0
0.0318872661518 0.998198468375 0.000254326031773 0.998223512207 3.0
0.0321845113625 0.998301590634 0.000254326031773 0.998238713109 3.0
0.0324817565732 0.998397149719 0.000254326031773 0.9982544119 3.0
0.0327790017839 0.998733375036 0.000254326031773 0.9982706893 3.0
0.0330762469946 0.998935774406 0.000254326031773 0.998287662592 3.0
0.0333734922053 0.997908901932 0.000254326031773 0.998305525954 3.0
0.033670737416 0.9980259219 0.000254326031773 0.998324711729 2.0
0.0339679826267 0.998252995678 0.000254326031773 0.998401725541 2.0
0.0342652278374 0.998518594672 0.000254326031773 0.99852471946 2.0
0.0345624730481 0.998479849106 0.000254326031773 0.998671136425 2.0
0.0348597182588 0.998878669607 0.000254326031773 0.998831668676 2.0
0.0351569634695 0.998898217995 0.000254326031773 0.998999975302 2.0
0.0354542086802 0.999365140182 0.000254326031773 0.999170952725 2.0
0.0357514538909 0.99919711311 0.000254326031773 0.999340045457 2.0
0.0360486991017 0.99975364979 0.000254326031773 0.999502832658 2.0
0.0363459443124 0.999236847451 0.000254326031773 0.999654648874 2.0
0.0366431895231 1.00008251402 0.000254326031773 0.999790041562 2.0
0.0369404347338 0.999883227267 0.000254326031773 0.999901587773 2.0
0.0372376799445 0.999959747361 0.000254326031773 0.999975249179 2.0
0.0375349251552 1.00011258559 0.000254326031773 0.999982519291 0.0
0.0378321703659 1.00018258115 0.000254326031773 0.999982519291 0.0
0.0381294155766 1.00023534046 0.000254326031773 0.999982519291 0.0
0.0384266607873 1.00076315088 0.000254326031773 0.999982519291 0.0
0.038723905998 0.999844755765 0.000254326031773 0.999982519291 0.0
0.0390211512087 0.999895408487 0.000254326031773 0.999982519291 0.0
0.0393183964194 1.00017531774 0.000254326031773 0.999982519291 0.0
0.0396156416301 0.999433627222 0.000254326031773 0.999982519291 0.0
0.0399128868408 1.00011870036 0.000254326031773 0.999982519291 0.0
0.0402101320515 0.999739234876 0.000254326031773 0.999982519291 0.0
0.0405073772622 1.00007105426 0.000254326031773 0.999982519291 0.0
0.0408046224729 0.999715916426 0.000254326031773 0.999982519291 0.0
0.0411018676836 0.99968072988 0.000254326031773 0.999982519291 0.0
0.0413991128943 0.999443560461 0.000254326031773 0.999982519291 0.0
0.041696358105 1.00003967454 0.000254326031773 0.999982519291 0.0
0.0419936033157 1.00035738374 0.000254326031773 0.999982519291 0.0
0.0422908485264 1.00002143363 0.000254326031773 0.999982519291 0.0
0.0425880937371 1.0004568629 0.000254326031773 0.999982519291 0.0
0.0428853389478 0.999963545846 0.000254326031773 0.999982519291 0.0
0.0431825841585 0.999941440844 0.000254326031773 0.999982519291 0.0
0.0434798293692 0.999934788671 0.000254326031773 0.999982519291 0.0
0.0437770745799 1.0003089823 0.000254326031773 0.999982519291 0.0
0.0440743197906 1.00008902283 0.000254326031773 0.999982519291 0.0
0.0443715650013 1.00026352598 0.000254326031773 0.999982519291 0.0
