-0.15849919294 1.00010426383 0.000137873056538 1.00002892363 0.0
-0.157440036491 1.00017430997 0.000137873056538 1.00002892363 0.0
-0.156380880043 0.999934029993 0.000137873056538 1.00002892363 0.0
-0.155321723594 0.999890357028 0.000137873056538 1.00002892363 0.0
-0.154262567145 1.00024506386 0.000137873056538 1.00002892363 0.0
-0.153203410697 1.00010766395 0.000137873056538 1.00002892363 0.0
-0.152144254248 1.00015281145 0.000137873056538 1.00002892363 0.0
-0.1510850978 1.00026661223 0.000137873056538 1.00002892363 0.0
-0.150025941351 1.00003260746 0.000137873056538 1.00002892363 0.0
-0.148966784903 1.00001273537 0.000137873056538 1.00002892363 0.0
-0.147907628454 1.00017984546 0.000137873056538 1.00002892363 0.0
-0.146848472006 1.00025192054 0.000137873056538 1.00002892363 0.0
-0.145789315557 1.00018438382 0.000137873056538 1.00002892363 0.0
-0.144730159108 0.999878531576 0.000137873056538 1.00002892363 0.0
-0.14367100266 0.999903366426 0.000137873056538 1.00002892363 0.0
-0.142611846211 0.999754760975 0.000137873056538 1.00002892363 0.0
-0.141552689763 1.00026347568 0.000137873056538 1.00002892363 0.0
-0.140493533314 0.999897477266 0.000137873056538 1.00002892363 0.0
-0.139434376866 1.00004989375 0.000137873056538 1.00002892363 0.0
-0.138375220417 1.00011392031 0.000137873056538 1.00002892363 0.0
-0.137316063968 1.00000184369 0.000137873056538 1.00002892363 0.0
-0.13625690752 0.999955885643 0.000137873056538 1.00002892363 0.0
-0.135197751071 0.999947751437 0.000137873056538 1.0000274771 1.0
-0.134138594623 1.00001192179 0.000137873056538 1.00001972776 1.0
-0.133079438174 0.999910982809 0.000137873056538 1.00000810333 1.0
-0.132020281726 0.999980911759 0.000137873056538 0.999993521601 1.0
-0.130961125277 0.999991350656 0.000137873056538 0.999976467867 1.0
-0.129901968828 0.99991782705 0.000137873056538 0.999957271061 1.0
-0.12884281238 0.999726946025 0.000137873056538 0.999936180352 1.0
-0.127783655931 0.999999700311 0.000137873056538 0.999913397011 1.0
-0.126724499483 0.999943994406 0.000137873056538 0.999889090543 1.0
-0.125665343034 0.999675041737 0.000137873056538 0.999863407911 1.0
-0.124606186586 0.999813433831 0.000137873056538 0.999836479271 1.0
-0.123547030137 0.999678407023 0.000137873056538 0.999808421764 1.0
-0.122487873689 0.999632756517 0.000137873056538 0.999779342151 1.0
-0.12142871724 0.999777863251 0.000137873056538 0.999749338709 1.0
-0.120369560791 0.999715056768 0.000137873056538 0.999718502641 1.0
-0.119310404343 0.999528096319 0.000137873056538 0.999686919153 1.0
-0.118251247894 0.999542297798 0.000137873056538 0.999654668291 1.0
-0.117192091446 0.999890476251 0.000137873056538 0.999621825607 1.0
-0.116132934997 0.999777678273 0.000137873056538 0.999588462697 1.0
-0.115073778549 0.999744020983 0.000137873056538 0.999554647635 1.0
-0.1140146221 0.999273525337 0.000137873056538 0.999520445342 1.0
-0.112955465651 0.999597890393 0.000137873056538 0.999485917883 1.0
-0.111896309203 0.999386736905 0.000137873056538 0.999451124731 1.0
-0.110837152754 0.999413146316 0.000137873056538 0.999416122977 1.0
-0.109777996306 0.999443580426 0.000137873056538 0.999380967525 1.0
-0.108718839857 0.999426540545 0.000137873056538 0.999345711252 1.0
-0.107659683409 0.999252997975 0.000137873056538 0.999310405149 1.0
-0.10660052696 0.999216494635 0.000137873056538 0.99927509845 1.0
-0.105541370512 0.99907798257 0.000137873056538 0.999239838744 1.0
-0.104482214063 0.99925310553 0.000137873056538 0.999204672071 1.0
-0.103423057614 0.999361076726 0.000137873056538 0.999169643021 1.0
-0.102363901166 0.999221511489 0.000137873056538 0.999134794814 1.0
-0.101304744717 0.999100731577 0.000137873056538 0.999100169381 1.0
-0.100245588269 0.998818846248 0.000137873056538 0.999065807442 1.0
-0.0991864318201 0.999166700755 0.000137873056538 0.999031748577 1.0
-0.0981272753716 0.999164496958 0.000137873056538 0.998998031303 1.0
-0.097068118923 0.999065754783 0.000137873056538 0.998964693146 1.0
-0.0960089624744 0.999007439086 0.000137873056538 0.998931770718 1.0
-0.0949498060259 0.999043902621 0.000137873056538 0.998899299799 1.0
-0.0938906495773 0.99887685187 0.000137873056538 0.998867315428 1.0
-0.0928314931287 0.998994688204 0.000137873056538 0.998835851993 1.0
-0.0917723366802 0.99861137893 0.000137873056538 0.998804943344 1.0
-0.0907131802316 0.998674008068 0.000137873056538 0.998774622915 1.0
-0.0896540237831 0.998694837687 0.000137873056538 0.998744923865 1.0
-0.0885948673345 0.998676620566 0.000137873056538 0.998715879243 1.0
-0.0875357108859 0.998601985585 0.000137873056538 0.998687522187 1.0
-0.0864765544374 0.99865614888 0.000137873056538 0.99865988616 1.0
-0.0854173979888 0.99868227029 0.000137873056538 0.998633005244 1.0
-0.0843582415402 0.998691387172 0.000137873056538 0.998606914497 1.0
-0.0832990850917 0.998686505398 0.000137873056538 0.998581650416 1.0
-0.0822399286431 0.998435071285 0.000137873056538 0.998557251527 1.0
-0.0811807721945 0.998625903102 0.000137873056538 0.99853375917 1.0
-0.080121615746 0.998432812659 0.000137873056538 0.998511218566 1.0
-0.0790624592974 0.998617912179 0.000137873056538 0.998489680328 1.0
-0.0780033028488 0.998495493957 0.000137873056538 0.998469202675 1.0
-0.0769441464003 0.998503101761 0.000137873056538 0.998449854894 1.0
-0.0758849899517 0.99854864152 0.000137873056538 0.998431723144 1.0
-0.0748258335032 0.998245611391 0.000137873056538 0.99841492131 1.0
-0.0737666770546 0.998396247333 0.000137873056538 0.998399614978 1.0
-0.072707520606 0.998138652827 0.000137873056538 0.998386093422 1.0
-0.0716483641575 0.998334606601 0.000137873056538 0.998375360233 3.0
-0.0705892077089 0.998266624411 0.000137873056538 0.998366953053 3.0
-0.0695300512603 0.998188441783 0.000137873056538 0.998358980532 3.0
-0.0684708948118 0.998412934667 0.000137873056538 0.998351378787 3.0
-0.0674117383632 0.998594101495 0.000137873056538 0.9983441084 3.0
-0.0663525819146 0.998267735483 0.000137873056538 0.998337138691 3.0
-0.0652934254661 0.998514809246 0.000137873056538 0.998330444811 3.0
-0.0642342690175 0.998336651344 0.000137873056538 0.998324006184 3.0
-0.0631751125689 0.998302173894 0.000137873056538 0.998317805465 3.0
-0.0621159561204 0.998318870271 0.000137873056538 0.998311827814 3.0
-0.0610567996718 0.998286645866 0.000137873056538 0.99830606037 3.0
-0.0599976432233 0.998263943998 0.000137873056538 0.998300491862 3.0
-0.0589384867747 0.998129386553 0.000137873056538 0.998295112308 3.0
-0.0578793303261 0.998308208666 0.000137873056538 0.998289912799 3.0
-0.0568201738776 0.998200292883 0.000137873056538 0.998284885319 3.0
-0.055761017429 0.99834039 0.000137873056538 0.998280022608 3.0
-0.0547018609804 0.998215642765 0.000137873056538 0.998275318055 3.0
-0.0536427045319 0.9983930601 0.000137873056538 0.998270765608 3.0
-0.0525835480833 0.998166198777 0.000137873056538 0.998266359705 3.0
-0.0515243916347 0.998365929621 0.000137873056538 0.998262095211 3.0
-0.0504652351862 0.998301585343 0.000137873056538 0.998257967369 3.0
-0.0494060787376 0.998051978788 0.000137873056538 0.998253971764 3.0
-0.048346922289 0.998179821221 0.000137873056538 0.998250104281 3.0
-0.0472877658405 0.998260967923 0.000137873056538 0.998246361083 3.0
-0.0462286093919 0.998307390914 0.000137873056538 0.998242738576 3.0
-0.0451694529434 0.998397586026 0.000137873056538 0.998239233396 3.0
-0.0441102964948 0.998298869689 0.000137873056538 0.998235842382 3.0
-0.0430511400462 0.998168550507 0.000137873056538 0.998232562567 3.0
-0.0419919835977 0.99835489306 0.000137873056538 0.998229391154 3.0
-0.0409328271491 0.998202652793 0.000137873056538 0.998226325511 3.0
-0.0398736707005 0.998139101517 0.000137873056538 0.998223363154 3.0
-0.038814514252 0.998107093509 0.000137873056538 0.998220501739 3.0
-0.0377553578034 0.998321756603 0.000137873056538 0.998217739051 3.0
-0.0366962013548 0.998123250179 0.000137873056538 0.998215072998 3.0
-0.0356370449063 0.998100564731 0.000137873056538 0.9982125016 3.0
-0.0345778884577 0.997994281473 0.000137873056538 0.998210022984 3.0
-0.0335187320091 0.998183729045 0.000137873056538 0.99820763538 3.0
-0.0324595755606 0.998176410691 0.000137873056538 0.998205337109 3.0
-0.031400419112 0.998241795341 0.000137873056538 0.998203126585 3.0
-0.0303412626635 0.998183995107 0.000137873056538 0.998201002304 3.0
-0.0292821062149 0.997878807371 0.000137873056538 0.998198962845 3.0
-0.0282229497663 0.997931990154 0.000137873056538 0.998197006863 3.0
-0.0271637933178 0.998248550348 0.000137873056538 0.998195133083 3.0
-0.0261046368692 0.998066183292 0.000137873056538 0.998193340304 3.0
-0.0250454804206 0.998026192925 0.000137873056538 0.998191627389 3.0
-0.0239863239721 0.998063388337 0.000137873056538 0.998189993263 3.0
-0.0229271675235 0.998515063827 0.000137873056538 0.998188436915 3.0
-0.0218680110749 0.997918975148 0.000137873056538 0.998186957391 3.0
-0.0208088546264 0.998126923434 0.000137873056538 0.998185553793 3.0
-0.0197496981778 0.99814873332 0.000137873056538 0.998184225278 3.0
-0.0186905417292 0.998122913619 0.000137873056538 0.998182971054 3.0
-0.0176313852807 0.998052096265 0.000137873056538 0.998181790382 3.0
-0.0165722288321 0.998052078163 0.000137873056538 0.998180682569 3.0
-0.0155130723836 0.998093957901 0.000137873056538 0.998179646972 3.0
-0.014453915935 0.998185700471 0.000137873056538 0.998178682994 3.0
-0.0133947594864 0.998184453696 0.000137873056538 0.99817779008 3.0
-0.0123356030379 0.998258031878 0.000137873056538 0.998176967723 3.0
-0.0112764465893 0.998074690935 0.000137873056538 0.998176215456 3.0
-0.0102172901407 0.997992700828 0.000137873056538 0.998175532856 3.0
-0.00915813369217 0.998161410793 0.000137873056538 0.998174919538 3.0
-0.0080989772436 0.998278421515 0.000137873056538 0.99817437516 3.0
-0.00703982079504 0.998249671389 0.000137873056538 0.99817389942 3.0
-0.00598066434648 0.998033656901 0.000137873056538 0.998173492052 3.0
-0.00492150789791 0.998360143357 0.000137873056538 0.998173152831 3.0
-0.00386235144935 0.998364807953 0.000137873056538 0.998172881571 3.0
-0.00280319500078 0.998255972704 0.000137873056538 0.998172678121 3.0
-0.00174403855222 0.99836878542 0.000137873056538 0.99817254237 3.0
-0.000684882103655 0.998181046665 0.000137873056538 0.998172474244 3.0
0.000374274344909 0.998356506598 0.000137873056538 0.998172473703 3.0
0.00143343079347 0.998237723994 0.000137873056538 0.998172540749 3.0
0.00249258724204 0.998321141603 0.000137873056538 0.998172675419 3.0
0.0035517436906 0.998234779811 0.000137873056538 0.998172877785 3.0
0.00461090013917 0.998380672027 0.000137873056538 0.99817314796 3.0
0.00567005658773 0.998171636501 0.000137873056538 0.998173486093 3.0
0.00672921303629 0.998002180798 0.000137873056538 0.998173892369 3.0
0.00778836948486 0.998181081801 0.000137873056538 0.998174367015 3.0
0.00884752593342 0.998108994627 0.000137873056538 0.998174910293 3.0
0.00990668238199 0.998210491567 0.000137873056538 0.998175522506 3.0
0.0109658388306 0.997939525163 0.000137873056538 0.998176203996 3.0
0.0120249952791 0.998267522353 0.000137873056538 0.998176955146 3.0
0.0130841517277 0.998155489414 0.000137873056538 0.998177776379 3.0
0.0141433081762 0.998157741266 0.000137873056538 0.99817866816 3.0
0.0152024646248 0.997877625561 0.000137873056538 0.998179630998 3.0
0.0162616210734 0.998286994234 0.000137873056538 0.998180665445 3.0
0.0173207775219 0.998131443851 0.000137873056538 0.998181772098 3.0
0.0183799339705 0.99821796545 0.000137873056538 0.998182951601 3.0
0.0194390904191 0.998208380744 0.000137873056538 0.998184204643 3.0
0.0204982468676 0.998099087211 0.000137873056538 0.998185531964 3.0
0.0215574033162 0.998244592292 0.000137873056538 0.998186934355 3.0
0.0226165597648 0.998420580577 0.000137873056538 0.998188412658 3.0
0.0236757162133 0.998288865941 0.000137873056538 0.998189967771 3.0
0.0247348726619 0.998074423372 0.000137873056538 0.998191600645 3.0
0.0257940291105 0.998454475172 0.000137873056538 0.998193312293 3.0
0.026853185559 0.998257690851 0.000137873056538 0.998195103786 3.0
0.0279123420076 0.998225818743 0.000137873056538 0.998196976261 3.0
0.0289714984561 0.998552585604 0.000137873056538 0.99819893092 3.0
0.0300306549047 0.998126928739 0.000137873056538 0.998200969033 3.0
0.0310898113533 0.998170370575 0.000137873056538 0.998203091947 3.0
0.0321489678018 0.998244196541 0.000137873056538 0.998205301081 3.0
0.0332081242504 0.99828102647 0.000137873056538 0.998207597936 3.0
0.034267280699 0.998199829044 0.000137873056538 0.9982099841 3.0
0.0353264371475 0.998261058563 0.000137873056538 0.998212461246 3.0
0.0363855935961 0.998096902879 0.000137873056538 0.998215031146 3.0
0.0374447500447 0.99817882116 0.000137873056538 0.998217695671 3.0
0.0385039064932 0.998097436926 0.000137873056538 0.998220456798 3.0
0.0395630629418 0.998021834196 0.000137873056538 0.998223316617 3.0
0.0406222193904 0.998295845732 0.000137873056538 0.998226277342 3.0
0.0416813758389 0.998628148791 0.000137873056538 0.998229341315 3.0
0.0427405322875 0.997953854096 0.000137873056538 0.998232511016 3.0
0.043799688736 0.998170032471 0.000137873056538 0.998235789077 3.0
0.0448588451846 0.998261865196 0.000137873056538 0.99823917829 3.0
0.0459180016332 0.998396017978 0.000137873056538 0.998242681621 3.0
0.0469771580817 0.998336274455 0.000137873056538 0.998246302226 3.0
0.0480363145303 0.998416685287 0.000137873056538 0.998250043467 3.0
0.0490954709789 0.99814280816 0.000137873056538 0.998253908933 3.0
0.0501546274274 0.998272526776 0.000137873056538 0.998257902458 3.0
0.051213783876 0.998576880453 0.000137873056538 0.998262028151 3.0
0.0522729403246 0.998349044969 0.000137873056538 0.998266290425 3.0
0.0533320967731 0.998237287962 0.000137873056538 0.998270694028 3.0
0.0543912532217 0.998604824788 0.000137873056538 0.998275244089 3.0
0.0554504096702 0.998385316079 0.000137873056538 0.998279946163 3.0
0.0565095661188 0.998122069974 0.000137873056538 0.998284806295 3.0
0.0575687225674 0.998275192291 0.000137873056538 0.998289831086 3.0
0.0586278790159 0.998462643606 0.000137873056538 0.998295027784 3.0
0.0596870354645 0.998373146493 0.000137873056538 0.998300404391 3.0
0.0607461919131 0.998165790899 0.000137873056538 0.998305969804 3.0
0.0618053483616 0.998054672678 0.000137873056538 0.998311733981 3.0
0.0628645048102 0.998256487895 0.000137873056538 0.998317708175 3.0
0.0639236612588 0.998390261831 0.000137873056538 0.998323905217 3.0
0.0649828177073 0.998350371762 0.000137873056538 0.998330339912 3.0
0.0660419741559 0.998418316192 0.000137873056538 0.998337029558 3.0
0.0671011306045 0.998327465878 0.000137873056538 0.998343994675 3.0
0.068160287053 0.998240455794 0.000137873056538 0.998351260032 3.0
0.0692194435016 0.998424397779 0.000137873056538 0.998358856198 3.0
0.0702785999501 0.998481209372 0.000137873056538 0.99836682241 3.0
0.0713377563987 0.998246138205 0.000137873056538 0.998375221493 3.0
0.0723969128473 0.998437670173 0.000137873056538 0.998385894572 2.0
0.0734560692958 0.99825661084 0.000137873056538 0.998399383693 2.0
0.0745152257444 0.998500856442 0.000137873056538 0.998414664283 2.0
0.075574382193 0.998499660873 0.000137873056538 0.998431443698 2.0
0.0766335386415 0.998488825858 0.000137873056538 0.998449555177 2.0
0.0776926950901 0.998504756122 0.000137873056538 0.99846888425 2.0
0.0787518515387 0.998361012975 0.000137873056538 0.998489344418 2.0
0.0798110079872 0.998243599273 0.000137873056538 0.998510866182 2.0
0.0808701644358 0.998543562267 0.000137873056538 0.998533391175 2.0
0.0819293208844 0.998680193194 0.000137873056538 0.998556868683 2.0
0.0829884773329 0.998727465793 0.000137873056538 0.998581253412 2.0
0.0840476337815 0.998780703478 0.000137873056538 0.99860650397 2.0
0.08510679023 0.998657016109 0.000137873056538 0.998632581792 2.0
0.0861659466786 0.998607539675 0.000137873056538 0.998659450353 2.0
0.0872251031272 0.998715410411 0.000137873056538 0.998687074577 2.0
0.0882842595757 0.998594203598 0.000137873056538 0.99871542037 2.0
0.0893434160243 0.998698604139 0.000137873056538 0.99874445426 2.0
0.0904025724729 0.998617774143 0.000137873056538 0.998774143107 2.0
0.0914617289214 0.998527718637 0.000137873056538 0.998804453862 2.0
0.09252088537 0.998930416823 0.000137873056538 0.998835353368 2.0
0.0935800418186 0.9990226521 0.000137873056538 0.998866808198 2.0
0.0946391982671 0.998778383796 0.000137873056538 0.99889878451 2.0
0.0956983547157 0.999028702854 0.000137873056538 0.998931247923 2.0
0.0967575111643 0.999036630826 0.000137873056538 0.998964163412 2.0
0.0978166676128 0.998885349684 0.000137873056538 0.998997495208 2.0
0.0988758240614 0.999078633659 0.000137873056538 0.999031206713 2.0
0.0999349805099 0.999032782308 0.000137873056538 0.999065260417 2.0
0.100994136959 0.998911394943 0.000137873056538 0.999099617818 2.0
0.102053293407 0.99912508009 0.000137873056538 0.999134239356 2.0
0.103112449856 0.99898455273 0.000137873056538 0.999169084328 2.0
0.104171606304 0.999106133416 0.000137873056538 0.999204110823 2.0
0.105230762753 0.999143897335 0.000137873056538 0.999239275643 2.0
0.106289919201 0.999481963539 0.000137873056538 0.99927453422 2.0
0.10734907565 0.999213568634 0.000137873056538 0.999309840537 2.0
0.108408232098 0.999291003993 0.000137873056538 0.999345147032 2.0
0.109467388547 0.999510966319 0.000137873056538 0.999380404499 2.0
0.110526544996 0.999237656477 0.000137873056538 0.999415561973 2.0
0.111585701444 0.999575730065 0.000137873056538 0.999450566611 2.0
0.112644857893 0.999497753173 0.000137873056538 0.999485363541 2.0
0.113704014341 0.999780291647 0.000137873056538 0.999519895709 2.0
0.11476317079 0.999628899396 0.000137873056538 0.999554103682 2.0
0.115822327238 0.999423506081 0.000137873056538 0.999587925438 2.0
0.116881483687 0.999509214449 0.000137873056538 0.999621296104 2.0
0.117940640136 0.999897229856 0.000137873056538 0.999654147658 2.0
0.118999796584 0.999603485112 0.000137873056538 0.999686408566 2.0
0.120058953033 0.999802239387 0.000137873056538 0.999718003341 2.0
0.121118109481 0.999845112263 0.000137873056538 0.999748852014 2.0
0.12217726593 0.99970746105 0.000137873056538 0.999778869468 2.0
0.123236422378 0.999833701524 0.000137873056538 0.999807964604 2.0
0.124295578827 0.999822174691 0.000137873056538 0.999836039267 2.0
0.125354735275 1.00005545769 0.000137873056538 0.999862986846 2.0
0.126413891724 0.999885924929 0.000137873056538 0.999888690385 2.0
0.127473048173 1.00012288898 0.000137873056538 0.99991301996 2.0
0.128532204621 1.00007442028 0.000137873056538 0.999935828917 2.0
0.12959136107 1.00000126918 0.000137873056538 0.99995694817 2.0
0.130650517518 0.999991641767 0.000137873056538 0.999976177058 2.0
0.131709673967 0.999760805543 0.000137873056538 0.999993267367 2.0
0.132768830415 0.999837625166 0.000137873056538 1.00000789185 2.0
0.133827986864 0.999960572197 0.000137873056538 1.00001956886 2.0
0.134887143313 0.999747856981 0.000137873056538 1.00002739352 2.0
0.135946299761 0.999949745935 0.000137873056538 1.00002892363 0.0
0.13700545621 0.999839683134 0.000137873056538 1.00002892363 0.0
0.138064612658 1.00004634024 0.000137873056538 1.00002892363 0.0
0.139123769107 0.99979538604 0.000137873056538 1.00002892363 0.0
0.140182925555 1.00003507922 0.000137873056538 1.00002892363 0.0
0.141242082004 0.999995869483 0.000137873056538 1.00002892363 0.0
0.142301238453 0.999906227424 0.000137873056538 1.00002892363 0.0
0.143360394901 1.00004635799 0.000137873056538 1.00002892363 0.0
0.14441955135 1.00003732144 0.000137873056538 1.00002892363 0.0
0.145478707798 1.00002637373 0.000137873056538 1.00002892363 0.0
0.146537864247 0.999857608618 0.000137873056538 1.00002892363 0.0
0.147597020695 1.00028436961 0.000137873056538 1.00002892363 0.0
0.148656177144 1.00021380445 0.000137873056538 1.00002892363 0.0
0.149715333592 1.00008502976 0.000137873056538 1.00002892363 0.0
0.150774490041 0.999894130363 0.000137873056538 1.00002892363 0.0
0.15183364649 1.00038448808 0.000137873056538 1.00002892363 0.0
0.152892802938 0.999890285376 0.000137873056538 1.00002892363 0.0
0.153951959387 1.00005720259 0.000137873056538 1.00002892363 0.0
0.155011115835 1.00011525991 0.000137873056538 1.00002892363 0.0
0.156070272284 1.00002345182 0.000137873056538 1.00002892363 0.0
0.157129428732 0.999966581895 0.000137873056538 1.00002892363 0.0
0.158188585181 1.00003877221 0.000137873056538 1.00002892363 0.0
