-0.159763479804 1.00012391938 0.000360958954068 1.0000023156 0.0
-0.158692031499 1.00010712744 0.000360958954068 1.0000023156 0.0
-0.157620583193 1.00014648913 0.000360958954068 1.0000023156 0.0
-0.156549134888 1.0001978778 0.000360958954068 1.0000023156 0.0
-0.155477686583 1.00033480158 0.000360958954068 1.0000023156 0.0
-0.154406238277 1.00015014922 0.000360958954068 1.0000023156 0.0
-0.153334789972 1.00013682913 0.000360958954068 1.0000023156 0.0
-0.152263341667 1.00021516601 0.000360958954068 1.0000023156 0.0
-0.151191893361 1.00005858448 0.000360958954068 1.0000023156 0.0
-0.150120445056 1.00001203627 0.000360958954068 1.0000023156 0.0
-0.149048996751 1.00017005799 0.000360958954068 1.0000023156 0.0
-0.147977548445 1.00021897412 0.000360958954068 1.0000023156 0.0
-0.14690610014 0.999911977481 0.000360958954068 1.0000023156 0.0
-0.145834651835 0.999823355046 0.000360958954068 1.0000023156 0.0
-0.144763203529 1.000081678 0.000360958954068 1.0000023156 0.0
-0.143691755224 0.999859301236 0.000360958954068 1.0000023156 0.0
-0.142620306919 0.999191247085 0.000360958954068 1.0000023156 0.0
-0.141548858614 1.00018416123 0.000360958954068 1.0000023156 0.0
-0.140477410308 0.999985528749 0.000360958954068 1.0000023156 0.0
-0.139405962003 0.999698857863 0.000360958954068 1.0000023156 0.0
-0.138334513698 0.999939899023 0.000360958954068 1.0000023156 0.0
-0.137263065392 0.999734680939 0.000360958954068 1.0000023156 0.0
-0.136191617087 0.999843852075 0.000360958954068 1.0000023156 0.0
-0.135120168782 0.999423577849 0.000360958954068 1.0000023156 0.0
-0.134048720476 0.999753434294 0.000360958954068 1.0000023156 0.0
-0.132977272171 0.999973354996 0.000360958954068 0.999996155942 1.0
-0.131905823866 1.00002392675 0.000360958954068 0.999945878968 1.0
-0.13083437556 0.999588213172 0.000360958954068 0.999862980716 1.0
-0.129762927255 0.99906698301 0.000360958954068 0.999754228214 1.0
-0.12869147895 0.99959011317 0.000360958954068 0.999623520131 1.0
-0.127620030644 0.999958040522 0.000360958954068 0.999473785791 1.0
-0.126548582339 0.999702287129 0.000360958954068 0.999307488769 1.0
-0.125477134034 0.999315393681 0.000360958954068 0.999126838648 1.0
-0.124405685728 0.999190579513 0.000360958954068 0.998933903175 1.0
-0.123334237423 0.998761016665 0.000360958954068 0.998730678354 1.0
-0.122262789118 0.998227128643 0.000360958954068 0.998519139049 1.0
-0.121191340812 0.997725162306 0.000360958954068 0.998301281142 1.0
-0.120119892507 0.997939779288 0.000360958954068 0.998079162159 1.0
-0.119048444202 0.997949040408 0.000360958954068 0.997854946481 1.0
-0.117976995896 0.998370915115 0.000360958954068 0.997630962929 1.0
-0.116905547591 0.997713905406 0.000360958954068 0.99740978763 1.0
-0.115834099286 0.997329793056 0.000360958954068 0.997194378015 1.0
-0.114762650981 0.997301653039 0.000360958954068 0.996988318401 1.0
-0.113691202675 0.996819002826 0.000360958954068 0.996796350871 1.0
-0.11261975437 0.995874960146 0.000360958954068 0.996625910647 1.0
-0.111548306065 0.996372443889 0.000360958954068 0.996497363926 3.0
-0.110476857759 0.995739187502 0.000360958954068 0.996402075507 3.0
-0.109405409454 0.996200608559 0.000360958954068 0.996316963889 3.0
-0.108333961149 0.996184934144 0.000360958954068 0.996239307134 3.0
-0.107262512843 0.996218861361 0.000360958954068 0.996167623919 3.0
-0.106191064538 0.995891340739 0.000360958954068 0.996100943074 3.0
-0.105119616233 0.99577099969 0.000360958954068 0.996038564767 3.0
-0.104048167927 0.996321843978 0.000360958954068 0.995979954919 3.0
-0.102976719622 0.996164662898 0.000360958954068 0.995924690127 3.0
-0.101905271317 0.996016047105 0.000360958954068 0.995872425525 3.0
-0.100833823011 0.995880030743 0.000360958954068 0.995822874437 3.0
-0.0997623747061 0.995789745471 0.000360958954068 0.995775794708 3.0
-0.0986909264007 0.99574373712 0.000360958954068 0.995730979096 3.0
-0.0976194780954 0.99585599233 0.000360958954068 0.995688248285 3.0
-0.0965480297901 0.995423161983 0.000360958954068 0.995647445664 3.0
-0.0954765814848 0.99532907563 0.000360958954068 0.995608433335 3.0
-0.0944051331795 0.995246854863 0.000360958954068 0.995571089009 3.0
-0.0933336848741 0.995980427774 0.000360958954068 0.995535303553 3.0
-0.0922622365688 0.995371043521 0.000360958954068 0.99550097902 3.0
-0.0911907882635 0.995404787316 0.000360958954068 0.995468027063 3.0
-0.0901193399582 0.995117714931 0.000360958954068 0.99543636762 3.0
-0.0890478916529 0.995593694511 0.000360958954068 0.995405927844 3.0
-0.0879764433475 0.995003959945 0.000360958954068 0.995376641194 3.0
-0.0869049950422 0.995239240071 0.000360958954068 0.995348446683 3.0
-0.0858335467369 0.995413626766 0.000360958954068 0.995321288236 3.0
-0.0847620984316 0.995471006057 0.000360958954068 0.995295114141 3.0
-0.0836906501263 0.995263909386 0.000360958954068 0.995269876583 3.0
-0.0826192018209 0.995092975721 0.000360958954068 0.995245531237 3.0
-0.0815477535156 0.995010253923 0.000360958954068 0.995222036922 3.0
-0.0804763052103 0.995234016964 0.000360958954068 0.995199355289 3.0
-0.079404856905 0.994729200459 0.000360958954068 0.995177450559 3.0
-0.0783334085997 0.995002838019 0.000360958954068 0.995156289287 3.0
-0.0772619602943 0.995281993894 0.000360958954068 0.995135840154 3.0
-0.076190511989 0.994546606574 0.000360958954068 0.995116073782 3.0
-0.0751190636837 0.994815262927 0.000360958954068 0.995096962573 3.0
-0.0740476153784 0.994834081297 0.000360958954068 0.995078480564 3.0
-0.0729761670731 0.994818379975 0.000360958954068 0.995060603295 3.0
-0.0719047187677 0.995335365854 0.000360958954068 0.995043307692 3.0
-0.0708332704624 0.99485432366 0.000360958954068 0.995026571965 3.0
-0.0697618221571 0.994761192316 0.000360958954068 0.995010375508 3.0
-0.0686903738518 0.995200506189 0.000360958954068 0.99499469882 3.0
-0.0676189255465 0.994816919409 0.000360958954068 0.994979523422 3.0
-0.0665474772411 0.995305435324 0.000360958954068 0.994964831788 3.0
-0.0654760289358 0.99546671929 0.000360958954068 0.994950607282 3.0
-0.0644045806305 0.994621238785 0.000360958954068 0.994936834099 3.0
-0.0633331323252 0.994920998098 0.000360958954068 0.994923497211 3.0
-0.0622616840199 0.995007638093 0.000360958954068 0.994910582317 3.0
-0.0611902357145 0.995130605415 0.000360958954068 0.994898075803 3.0
-0.0601187874092 0.994590881324 0.000360958954068 0.994885964692 3.0
-0.0590473391039 0.994701201127 0.000360958954068 0.994874236615 3.0
-0.0579758907986 0.994933395564 0.000360958954068 0.99486287977 3.0
-0.0569044424933 0.995091431364 0.000360958954068 0.994851882894 3.0
-0.0558329941879 0.994693160457 0.000360958954068 0.99484123523 3.0
-0.0547615458826 0.994496898588 0.000360958954068 0.9948309265 3.0
-0.0536900975773 0.994283535096 0.000360958954068 0.994820946881 3.0
-0.052618649272 0.994426666924 0.000360958954068 0.994811286979 3.0
-0.0515472009667 0.995315447735 0.000360958954068 0.99480193781 3.0
-0.0504757526613 0.994922545764 0.000360958954068 0.994792890777 3.0
-0.049404304356 0.994357039053 0.000360958954068 0.99478413765 3.0
-0.0483328560507 0.994572377939 0.000360958954068 0.994775670554 3.0
-0.0472614077454 0.994575262594 0.000360958954068 0.994767481945 3.0
-0.0461899594401 0.994720852364 0.000360958954068 0.994759564599 3.0
-0.0451185111347 0.994635307802 0.000360958954068 0.994751911596 3.0
-0.0440470628294 0.994770239179 0.000360958954068 0.99474451631 3.0
-0.0429756145241 0.994760612473 0.000360958954068 0.994737372391 3.0
-0.0419041662188 0.995229149652 0.000360958954068 0.994730473755 3.0
-0.0408327179135 0.994397507654 0.000360958954068 0.994723814577 3.0
-0.0397612696081 0.995198403078 0.000360958954068 0.994717389273 3.0
-0.0386898213028 0.995254594478 0.000360958954068 0.994711192499 3.0
-0.0376183729975 0.994920541681 0.000360958954068 0.994705219134 3.0
-0.0365469246922 0.994698049276 0.000360958954068 0.994699464278 3.0
-0.0354754763869 0.994236939528 0.000360958954068 0.994693923239 3.0
-0.0344040280816 0.994931841512 0.000360958954068 0.994688591527 3.0
-0.0333325797762 0.994479865765 0.000360958954068 0.994683464848 3.0
-0.0322611314709 0.994688755361 0.000360958954068 0.994678539098 3.0
-0.0311896831656 0.994657249112 0.000360958954068 0.994673810354 3.0
-0.0301182348603 0.99475619043 0.000360958954068 0.99466927487 3.0
-0.029046786555 0.994370878161 0.000360958954068 0.994664929069 3.0
-0.0279753382496 0.994215927175 0.000360958954068 0.994660769544 3.0
-0.0269038899443 0.994867074307 0.000360958954068 0.994656793044 3.0
-0.025832441639 0.994284752903 0.000360958954068 0.994652996479 3.0
-0.0247609933337 0.994857041717 0.000360958954068 0.994649376907 3.0
-0.0236895450284 0.994513455957 0.000360958954068 0.994645931537 3.0
-0.022618096723 0.994535564947 0.000360958954068 0.994642657721 3.0
-0.0215466484177 0.994297609459 0.000360958954068 0.99463955295 3.0
-0.0204752001124 0.994603336301 0.000360958954068 0.994636614857 3.0
-0.0194037518071 0.994083932099 0.000360958954068 0.994633841203 3.0
-0.0183323035018 0.994703174843 0.000360958954068 0.994631229887 3.0
-0.0172608551964 0.994950380558 0.000360958954068 0.99462877893 3.0
-0.0161894068911 0.994249783778 0.000360958954068 0.994626486485 3.0
-0.0151179585858 0.994892444111 0.000360958954068 0.994624350825 3.0
-0.0140465102805 0.994663599604 0.000360958954068 0.994622370346 3.0
-0.0129750619752 0.994717698043 0.000360958954068 0.994620543563 3.0
-0.0119036136698 0.994992667883 0.000360958954068 0.994618869111 3.0
-0.0108321653645 0.99552268592 0.000360958954068 0.994617345738 3.0
-0.0097607170592 0.994667634778 0.000360958954068 0.99461597231 3.0
-0.00868926875388 0.99499283355 0.000360958954068 0.994614747802 3.0
-0.00761782044856 0.994680975994 0.000360958954068 0.994613671306 3.0
-0.00654637214324 0.99413400084 0.000360958954068 0.99461274202 3.0
-0.00547492383792 0.994693677307 0.000360958954068 0.994611959257 3.0
-0.0044034755326 0.994708184551 0.000360958954068 0.994611322436 3.0
-0.00333202722728 0.994763862781 0.000360958954068 0.994610831085 3.0
-0.00226057892196 0.994331089872 0.000360958954068 0.99461048484 3.0
-0.00118913061664 0.994464711324 0.000360958954068 0.994610283446 3.0
-0.000117682311317 0.995051006538 0.000360958954068 0.994610226752 3.0
0.000953765994003 0.994571052693 0.000360958954068 0.994610314717 3.0
0.00202521429932 0.994745906078 0.000360958954068 0.994610547407 3.0
0.00309666260464 0.994772876612 0.000360958954068 0.994610924993 3.0
0.00416811090996 0.994820605161 0.000360958954068 0.994611447756 3.0
0.00523955921528 0.995070317423 0.000360958954068 0.99461211608 3.0
0.0063110075206 0.994280259691 0.000360958954068 0.994612930463 3.0
0.00738245582592 0.99479336863 0.000360958954068 0.994613891508 3.0
0.00845390413124 0.994801831047 0.000360958954068 0.994614999928 3.0
0.00952535243656 0.994678709398 0.000360958954068 0.994616256546 3.0
0.0105968007419 0.994321826012 0.000360958954068 0.994617662297 3.0
0.0116682490472 0.994222592349 0.000360958954068 0.994619218227 3.0
0.0127396973525 0.99439238137 0.000360958954068 0.994620925498 3.0
0.0138111456578 0.994421721494 0.000360958954068 0.994622785384 3.0
0.0148825939632 0.993986641298 0.000360958954068 0.994624799278 3.0
0.0159540422685 0.994981169315 0.000360958954068 0.994626968689 3.0
0.0170254905738 0.99497816815 0.000360958954068 0.994629295249 3.0
0.0180969388791 0.994314909311 0.000360958954068 0.994631780708 3.0
0.0191683871844 0.994656155089 0.000360958954068 0.994634426945 3.0
0.0202398354898 0.994693237141 0.000360958954068 0.994637235961 3.0
0.0213112837951 0.995199096622 0.000360958954068 0.99464020989 3.0
0.0223827321004 0.9943411192 0.000360958954068 0.994643350997 3.0
0.0234541804057 0.994817224369 0.000360958954068 0.99464666168 3.0
0.024525628711 0.994659592032 0.000360958954068 0.994650144477 3.0
0.0255970770164 0.994629448585 0.000360958954068 0.994653802067 3.0
0.0266685253217 0.995194707004 0.000360958954068 0.994657637273 3.0
0.027739973627 0.994278705254 0.000360958954068 0.994661653069 3.0
0.0288114219323 0.9947295036 0.000360958954068 0.99466585258 3.0
0.0298828702376 0.994848163457 0.000360958954068 0.994670239089 3.0
0.030954318543 0.995093211797 0.000360958954068 0.994674816041 3.0
0.0320257668483 0.995177048931 0.000360958954068 0.994679587047 3.0
0.0330972151536 0.993894389393 0.000360958954068 0.994684555892 3.0
0.0341686634589 0.994477555248 0.000360958954068 0.994689726537 3.0
0.0352401117642 0.994879714034 0.000360958954068 0.994695103127 3.0
0.0363115600696 0.9946750243 0.000360958954068 0.994700689999 3.0
0.0373830083749 0.994760019607 0.000360958954068 0.994706491685 3.0
0.0384544566802 0.994327556216 0.000360958954068 0.99471251292 3.0
0.0395259049855 0.994802254077 0.000360958954068 0.994718758652 3.0
0.0405973532908 0.994208476198 0.000360958954068 0.994725234051 3.0
0.0416688015962 0.994486182086 0.000360958954068 0.99473194451 3.0
0.0427402499015 0.994597854893 0.000360958954068 0.994738895665 3.0
0.0438116982068 0.994882866217 0.000360958954068 0.994746093397 3.0
0.0448831465121 0.994510087984 0.000360958954068 0.994753543844 3.0
0.0459545948174 0.993943139334 0.000360958954068 0.994761253417 3.0
0.0470260431228 0.995350434019 0.000360958954068 0.994769228804 3.0
0.0480974914281 0.994875995075 0.000360958954068 0.994777476989 3.0
0.0491689397334 0.994494006525 0.000360958954068 0.994786005265 3.0
0.0502403880387 0.994472090684 0.000360958954068 0.994794821244 3.0
0.051311836344 0.994469939529 0.000360958954068 0.994803932879 3.0
0.0523832846494 0.995146159014 0.000360958954068 0.994813348476 3.0
0.0534547329547 0.994903618548 0.000360958954068 0.994823076714 3.0
0.05452618126 0.994926579409 0.000360958954068 0.994833126665 3.0
0.0555976295653 0.994561316175 0.000360958954068 0.994843507813 3.0
0.0566690778706 0.994992333945 0.000360958954068 0.994854230078 3.0
0.057740526176 0.99524451738 0.000360958954068 0.994865303838 3.0
0.0588119744813 0.995442421094 0.000360958954068 0.994876739957 3.0
0.0598834227866 0.994501983679 0.000360958954068 0.994888549814 3.0
0.0609548710919 0.994793466493 0.000360958954068 0.994900745328 3.0
0.0620263193972 0.994992941964 0.000360958954068 0.994913338999 3.0
0.0630977677026 0.995572461859 0.000360958954068 0.994926343936 3.0
0.0641692160079 0.994997815441 0.000360958954068 0.9949397739 3.0
0.0652406643132 0.995162375046 0.000360958954068 0.994953643344 3.0
0.0663121126185 0.995002044172 0.000360958954068 0.994967967459 3.0
0.0673835609238 0.99552881058 0.000360958954068 0.994982762227 3.0
0.0684550092292 0.994807806829 0.000360958954068 0.99499804447 3.0
0.0695264575345 0.995525358119 0.000360958954068 0.995013831914 3.0
0.0705979058398 0.994933211859 0.000360958954068 0.995030143253 3.0
0.0716693541451 0.995210277543 0.000360958954068 0.99504699822 3.0
0.0727408024504 0.995360719681 0.000360958954068 0.995064417669 3.0
0.0738122507557 0.994972683553 0.000360958954068 0.995082423661 3.0
0.0748836990611 0.995361167409 0.000360958954068 0.995101039558 3.0
0.0759551473664 0.995461051416 0.000360958954068 0.995120290136 3.0
0.0770265956717 0.995032636859 0.000360958954068 0.9951402017 3.0
0.078098043977 0.994877009124 0.000360958954068 0.995160802219 3.0
0.0791694922823 0.995262007572 0.000360958954068 0.995182121476 3.0
0.0802409405877 0.99509572309 0.000360958954068 0.995204191234 3.0
0.081312388893 0.995054859434 0.000360958954068 0.995227045425 3.0
0.0823838371983 0.995458316145 0.000360958954068 0.995250720361 3.0
0.0834552855036 0.995451642072 0.000360958954068 0.995275254979 3.0
0.0845267338089 0.995222623252 0.000360958954068 0.995300691113 3.0
0.0855981821143 0.994935344899 0.000360958954068 0.995327073812 3.0
0.0866696304196 0.995657621716 0.000360958954068 0.995354451695 3.0
0.0877410787249 0.99510259153 0.000360958954068 0.995382877377 3.0
0.0888125270302 0.995253797174 0.000360958954068 0.995412407945 3.0
0.0898839753355 0.995192571617 0.000360958954068 0.995443105528 3.0
0.0909554236409 0.995565379112 0.000360958954068 0.995475037962 3.0
0.0920268719462 0.995693662375 0.000360958954068 0.995508279571 3.0
0.0930983202515 0.995559931148 0.000360958954068 0.99554291211 3.0
0.0941697685568 0.996374901699 0.000360958954068 0.995579025883 3.0
0.0952412168621 0.995424831421 0.000360958954068 0.995616721107 3.0
0.0963126651675 0.995807806296 0.000360958954068 0.995656109578 3.0
0.0973841134728 0.995517258883 0.000360958954068 0.995697316732 3.0
0.0984555617781 0.99560112486 0.000360958954068 0.995740484222 3.0
0.0995270100834 0.996191819086 0.000360958954068 0.995785773195 3.0
0.100598458389 0.996303457164 0.000360958954068 0.995833368509 3.0
0.101669906694 0.996182922928 0.000360958954068 0.995883484286 3.0
0.102741354999 0.996026011244 0.000360958954068 0.99593637138 3.0
0.103812803305 0.996261163203 0.000360958954068 0.99599232771 3.0
0.10488425161 0.996151953267 0.000360958954068 0.996051713092 3.0
0.105955699915 0.995863612074 0.000360958954068 0.996114971576 3.0
0.107027148221 0.996360080745 0.000360958954068 0.996182667274 3.0
0.108098596526 0.996603875796 0.000360958954068 0.996255547064 3.0
0.109170044831 0.996474705462 0.000360958954068 0.996334664496 3.0
0.110241493137 0.996609305135 0.000360958954068 0.996421673613 3.0
0.111312941442 0.996284847597 0.000360958954068 0.996519853854 3.0
0.112384389747 0.996444832786 0.000360958954068 0.996660349237 2.0
0.113455838053 0.99694749568 0.000360958954068 0.996836345769 2.0
0.114527286358 0.996489465487 0.000360958954068 0.997031855247 2.0
0.115598734663 0.997843976539 0.000360958954068 0.997240285535 2.0
0.116670182969 0.997083213382 0.000360958954068 0.997457218323 2.0
0.117741631274 0.997593659515 0.000360958954068 0.997679235406 2.0
0.118813079579 0.998134542642 0.000360958954068 0.997903477299 2.0
0.119884527885 0.997923940408 0.000360958954068 0.99812743035 2.0
0.12095597619 0.998528467743 0.000360958954068 0.998348807168 2.0
0.122027424495 0.99848131012 0.000360958954068 0.998565470772 2.0
0.1230988728 0.998509813899 0.000360958954068 0.998775380536 2.0
0.124170321106 0.998611952255 0.000360958954068 0.998976548525 2.0
0.125241769411 0.999344566997 0.000360958954068 0.999166999045 2.0
0.126313217716 0.999471444497 0.000360958954068 0.999344725327 2.0
0.127384666022 0.999132791961 0.000360958954068 0.999507635875 2.0
0.128456114327 1.00020565866 0.000360958954068 0.999653477853 2.0
0.129527562632 0.999578083012 0.000360958954068 0.999779710352 2.0
0.130599010938 0.999904330281 0.000360958954068 0.999883254917 2.0
0.131670459243 1.00000748378 0.000360958954068 0.99995986019 2.0
0.132741907548 0.999942538919 0.000360958954068 1.00000114221 2.0
0.133813355854 1.00038420538 0.000360958954068 1.0000023156 0.0
0.134884804159 0.999810211048 0.000360958954068 1.0000023156 0.0
0.135956252464 0.999784710739 0.000360958954068 1.0000023156 0.0
0.13702770077 0.999432283806 0.000360958954068 1.0000023156 0.0
0.138099149075 0.999747029859 0.000360958954068 1.0000023156 0.0
0.13917059738 0.999952994723 0.000360958954068 1.0000023156 0.0
0.140242045686 0.99979356223 0.000360958954068 1.0000023156 0.0
0.141313493991 1.0001310057 0.000360958954068 1.0000023156 0.0
0.142384942296 1.00022452603 0.000360958954068 1.0000023156 0.0
0.143456390602 1.00034625252 0.000360958954068 1.0000023156 0.0
0.144527838907 0.999606703426 0.000360958954068 1.0000023156 0.0
0.145599287212 0.999860760526 0.000360958954068 1.0000023156 0.0
0.146670735517 1.00019807223 0.000360958954068 1.0000023156 0.0
0.147742183823 0.99978818199 0.000360958954068 1.0000023156 0.0
0.148813632128 1.00041096109 0.000360958954068 1.0000023156 0.0
0.149885080433 0.999873339076 0.000360958954068 1.0000023156 0.0
0.150956528739 0.999878406984 0.000360958954068 1.0000023156 0.0
0.152027977044 1.00000038083 0.000360958954068 1.0000023156 0.0
0.153099425349 1.00016360264 0.000360958954068 1.0000023156 0.0
0.154170873655 0.999992952278 0.000360958954068 1.0000023156 0.0
0.15524232196 1.00040513234 0.000360958954068 1.0000023156 0.0
0.156313770265 1.00063249585 0.000360958954068 1.0000023156 0.0
0.157385218571 0.999996319802 0.000360958954068 1.0000023156 0.0
0.158456666876 1.00034634762 0.000360958954068 1.0000023156 0.0
0.159528115181 1.00055709836 0.000360958954068 1.0000023156 0.0
0.160599563487 0.999697564793 0.000360958954068 1.0000023156 0.0
