-0.0287000087646 0.99962434053 0.000358465554108 1.00000666304 0
-0.0285080936555 1.00010146279 0.000358465554108 1.00000666304 0
-0.0283161785463 0.9995314596 0.000358465554108 1.00000666304 0
-0.0281242634372 0.999801298696 0.000358465554108 1.00000666304 0
-0.027932348328 1.00048871611 0.000358465554108 1.00000666304 0
-0.0277404332188 0.999827494921 0.000358465554108 1.00000666304 0
-0.0275485181097 1.00011642403 0.000358465554108 1.00000666304 0
-0.0273566030005 0.99953567292 0.000358465554108 1.00000666304 0
-0.0271646878914 1.00022651642 0.000358465554108 1.00000666304 0
-0.0269727727822 1.00051051588 0.000358465554108 1.00000666304 0
-0.026780857673 0.999779993739 0.000358465554108 1.00000666304 0
-0.0265889425639 1.00025062517 0.000358465554108 1.00000666304 0
-0.0263970274547 0.999672568219 0.000358465554108 1.00000666304 0
-0.0262051123456 1.00013521748 0.000358465554108 1.00000666304 0
-0.0260131972364 1.00003770346 0.000358465554108 1.00000666304 0
-0.0258212821272 1.00058563009 0.000358465554108 1.00000666304 0
-0.0256293670181 0.999670312584 0.000358465554108 1.00000666304 0
-0.0254374519089 1.00041736411 0.000358465554108 1.00000666304 0
-0.0252455367998 1.0000525014 0.000358465554108 1.00000666304 0
-0.0250536216906 0.999819928979 0.000358465554108 1.00000666304 0
-0.0248617065814 1.00006578257 0.000358465554108 1.00000666304 0
-0.0246697914723 1.00032395117 0.000358465554108 1.00000666304 0
-0.0244778763631 1.00014122437 0.000358465554108 1.00000666304 0
-0.024285961254 0.999682332424 0.000358465554108 1.00000666304 0
-0.0240940461448 0.999713866353 0.000358465554108 1.00000666304 0
-0.0239021310356 1.00059098348 0.000358465554108 1.00000666304 0
-0.0237102159265 1.00007807977 0.000358465554108 1.00000666304 0
-0.0235183008173 1.00055842386 0.000358465554108 1.00000666304 0
-0.0233263857082 0.999419544332 0.000358465554108 1.00000666304 0
-0.023134470599 1.00035985083 0.000358465554108 1.00000666304 4
-0.0229425554898 1.00089132167 0.000358465554108 0.999999597462 4
-0.0227506403807 0.999664212664 0.000358465554108 0.999983759981 4
-0.0225587252715 1.00011688659 0.000358465554108 0.999962725364 4
-0.0223668101624 0.999308120754 0.000358465554108 0.999937552302 4
-0.0221748950532 1.00019355038 0.000358465554108 0.999908836198 4
-0.021982979944 0.999119285622 0.000358465554108 0.999876978134 4
-0.0217910648349 0.99997712813 0.000358465554108 0.999842275715 4
-0.0215991497257 0.999479029628 0.000358465554108 0.999804963889 4
-0.0214072346166 0.999662002549 0.000358465554108 0.999765236405 4
-0.0212153195074 1.00015108259 0.000358465554108 0.999723258317 4
-0.0210234043982 0.999905853939 0.000358465554108 0.999679173815 4
-0.0208314892891 1.00008117123 0.000358465554108 0.999633111409 4
-0.0206395741799 0.999409364766 0.000358465554108 0.999585187501 4
-0.0204476590708 0.999355902048 0.000358465554108 0.999535508936 4
-0.0202557439616 0.99981254041 0.000358465554108 0.999484174869 4
-0.0200638288524 0.998922153334 0.000358465554108 0.999431278169 4
-0.0198719137433 0.999051373717 0.000358465554108 0.999376906494 4
-0.0196799986341 0.998826706173 0.000358465554108 0.999321143118 4
-0.019488083525 0.999575401497 0.000358465554108 0.999264067588 4
-0.0192961684158 0.999938588172 0.000358465554108 0.999205756249 4
-0.0191042533067 0.998811645184 0.000358465554108 0.999146282657 4
-0.0189123381975 0.998830263044 0.000358465554108 0.999085717925 4
-0.0187204230883 0.998876293446 0.000358465554108 0.999024130996 4
-0.0185285079792 0.999308166285 0.000358465554108 0.998961588873 4
-0.01833659287 0.998538531981 0.000358465554108 0.998898156806 4
-0.0181446777609 0.999517601216 0.000358465554108 0.998833898449 4
-0.0179527626517 0.99876502456 0.000358465554108 0.998768875984 4
-0.0177608475425 0.999017051924 0.000358465554108 0.998703150236 4
-0.0175689324334 0.998545370748 0.000358465554108 0.998636780754 4
-0.0173770173242 0.998218392548 0.000358465554108 0.998569825889 4
-0.0171851022151 0.998110693443 0.000358465554108 0.998502342856 4
-0.0169931871059 0.9986328957 0.000358465554108 0.998434387781 4
-0.0168012719967 0.998316427008 0.000358465554108 0.998366015747 4
-0.0166093568876 0.998105761688 0.000358465554108 0.998297280822 4
-0.0164174417784 0.998507291405 0.000358465554108 0.998228236094 4
-0.0162255266693 0.997745096649 0.000358465554108 0.998158933685 4
-0.0160336115601 0.998782192328 0.000358465554108 0.998089424773 4
-0.0158416964509 0.99832234718 0.000358465554108 0.998019759603 4
-0.0156497813418 0.99748330572 0.000358465554108 0.997949987498 4
-0.0154578662326 0.998647991999 0.000358465554108 0.99788015686 4
-0.0152659511235 0.997329323531 0.000358465554108 0.997810315183 4
-0.0150740360143 0.997525958759 0.000358465554108 0.997740509046 4
-0.0148821209051 0.997498819899 0.000358465554108 0.997670784117 4
-0.014690205796 0.997735673006 0.000358465554108 0.997601185149 4
-0.0144982906868 0.997201219585 0.000358465554108 0.99753175598 4
-0.0143063755777 0.997100768161 0.000358465554108 0.997462539526 4
-0.0141144604685 0.99791257171 0.000358465554108 0.997393577774 4
-0.0139225453593 0.99723852347 0.000358465554108 0.99732491178 4
-0.0137306302502 0.997492743503 0.000358465554108 0.99725658166 4
-0.013538715141 0.997408859816 0.000358465554108 0.997188626584 4
-0.0133468000319 0.997391129423 0.000358465554108 0.997121084766 4
-0.0131548849227 0.996667701097 0.000358465554108 0.997053993461 4
-0.0129629698135 0.997229740856 0.000358465554108 0.996987388952 4
-0.0127710547044 0.997347574411 0.000358465554108 0.996921306544 4
-0.0125791395952 0.996825865806 0.000358465554108 0.99685578056 4
-0.0123872244861 0.996406730148 0.000358465554108 0.996790844327 4
-0.0121953093769 0.997364564217 0.000358465554108 0.996726530173 4
-0.0120033942677 0.997113791352 0.000358465554108 0.99666286942 4
-0.0118114791586 0.99593302743 0.000358465554108 0.996599892372 4
-0.0116195640494 0.996467679721 0.000358465554108 0.996537628316 4
-0.0114276489403 0.995920710521 0.000358465554108 0.996476105513 4
-0.0112357338311 0.996052369215 0.000358465554108 0.996415351189 4
-0.0110438187219 0.995968348068 0.000358465554108 0.996355391536 4
-0.0108519036128 0.996123143576 0.000358465554108 0.996296251704 4
-0.0106599885036 0.997148366633 0.000358465554108 0.9962379558 4
-0.0104680733945 0.995826510269 0.000358465554108 0.996180526883 4
-0.0102761582853 0.996329460149 0.000358465554108 0.996123986963 4
-0.0100842431761 0.996292770851 0.000358465554108 0.996068356999 4
-0.00989232806698 0.995929571254 0.000358465554108 0.9960136569 4
-0.00970041295782 0.995804601626 0.000358465554108 0.995959905524 4
-0.00950849784866 0.996001220621 0.000358465554108 0.995907120679 4
-0.0093165827395 0.995652955804 0.000358465554108 0.995855319127 4
-0.00912466763034 0.995837291954 0.000358465554108 0.995804516585 4
-0.00893275252118 0.995947684594 0.000358465554108 0.995754727732 4
-0.00874083741202 0.995312127444 0.000358465554108 0.995705966211 4
-0.00854892230286 0.995938879283 0.000358465554108 0.995658244638 4
-0.0083570071937 0.995435970247 0.000358465554108 0.995611574607 4
-0.00816509208454 0.996041475039 0.000358465554108 0.995565966701 4
-0.00797317697538 0.995840094304 0.000358465554108 0.9955214305 4
-0.00778126186622 0.995190159789 0.000358465554108 0.995477974595 4
-0.00758934675706 0.995705710443 0.000358465554108 0.995435606596 4
-0.0073974316479 0.995459458968 0.000358465554108 0.995394333148 4
-0.00720551653874 0.995627816559 0.000358465554108 0.995354159946 4
-0.00701360142958 0.995614178936 0.000358465554108 0.995315091753 4
-0.00682168632042 0.995189923011 0.000358465554108 0.995277132414 4
-0.00662977121126 0.995618662351 0.000358465554108 0.995240284879 4
-0.0064378561021 0.995219367809 0.000358465554108 0.995204551223 4
-0.00624594099294 0.994450828765 0.000358465554108 0.995169932667 4
-0.00605402588378 0.995676224919 0.000358465554108 0.995136429606 4
-0.00586211077462 0.994887253015 0.000358465554108 0.995104041632 4
-0.00567019566546 0.994465262188 0.000358465554108 0.995072767564 4
-0.0054782805563 0.994692331074 0.000358465554108 0.995042605476 4
-0.00528636544714 0.994613815516 0.000358465554108 0.995013552732 4
-0.00509445033798 0.994640635213 0.000358465554108 0.994985606018 4
-0.00490253522883 0.994597033269 0.000358465554108 0.99495876138 4
-0.00471062011967 0.994795895882 0.000358465554108 0.994933014261 4
-0.00451870501051 0.99516278735 0.000358465554108 0.994908359542 4
-0.00432678990135 0.994813529932 0.000358465554108 0.994884791589 4
-0.00413487479219 0.995105692165 0.000358465554108 0.994862304294 4
-0.00394295968303 0.9949092391 0.000358465554108 0.994840891127 4
-0.00375104457387 0.994916736809 0.000358465554108 0.994820545188 4
-0.00355912946471 0.994459850325 0.000358465554108 0.994801259259 4
-0.00336721435555 0.994898301295 0.000358465554108 0.994783025859 4
-0.00317529924639 0.995029330003 0.000358465554108 0.99476583731 4
-0.00298338413723 0.994654491916 0.000358465554108 0.994749685789 4
-0.00279146902807 0.995493643303 0.000358465554108 0.9947345634 4
-0.00259955391891 0.994220941592 0.000358465554108 0.99472046224 4
-0.00240763880975 0.995071448119 0.000358465554108 0.99470737446 4
-0.00221572370059 0.994878326628 0.000358465554108 0.994695292341 4
-0.00202380859143 0.99382722913 0.000358465554108 0.994684208363 4
-0.00183189348227 0.995540418981 0.000358465554108 0.994674115274 4
-0.00163997837311 0.994929990215 0.000358465554108 0.994665006161 4
-0.00144806326395 0.994486933794 0.000358465554108 0.99465687452 4
-0.00125614815479 0.994344365602 0.000358465554108 0.994649714321 4
-0.00106423304563 0.9950636913 0.000358465554108 0.994643520072 4
-0.000872317936469 0.994574149986 0.000358465554108 0.994638286881 4
-0.000680402827309 0.994875573954 0.000358465554108 0.994634010506 4
-0.00048848771815 0.994754177599 0.000358465554108 0.994630687408 4
-0.00029657260899 0.994581397958 0.000358465554108 0.994628314789 4
-0.00010465749983 0.99397163176 0.000358465554108 0.994626890625 4
8.72576093298e-05 0.994612936368 0.000358465554108 0.99462641369 4
0.00027917271849 0.994638392644 0.000358465554108 0.994626883573 4
0.000471087827649 0.994621477343 0.000358465554108 0.994628300678 4
0.000663002936809 0.994798430195 0.000358465554108 0.994630666227 4
0.000854918045969 0.995353740815 0.000358465554108 0.994633982236 4
0.00104683315513 0.99387074534 0.000358465554108 0.994638251499 4
0.00123874826429 0.994351671385 0.000358465554108 0.994643477549 4
0.00143066337345 0.994935500104 0.000358465554108 0.994649664623 4
0.00162257848261 0.994115133062 0.000358465554108 0.994656817608 4
0.00181449359177 0.995078150182 0.000358465554108 0.994664941992 4
0.00200640870093 0.995155821269 0.000358465554108 0.994674043801 4
0.00219832381009 0.995379409414 0.000358465554108 0.994684129537 4
0.00239023891925 0.995073787707 0.000358465554108 0.994695206108 4
0.00258215402841 0.994067575676 0.000358465554108 0.994707280765 4
0.00277406913757 0.994695768031 0.000358465554108 0.994720361027 4
0.00296598424673 0.994540395966 0.000358465554108 0.994734454611 4
0.00315789935589 0.994299564216 0.000358465554108 0.994749569364 4
0.00334981446505 0.995389458544 0.000358465554108 0.994765713191 4
0.00354172957421 0.994424200683 0.000358465554108 0.994782893988 4
0.00373364468337 0.995034448673 0.000358465554108 0.994801119577 4
0.00392555979253 0.994502759487 0.000358465554108 0.994820397639 4
0.00411747490169 0.994217805408 0.000358465554108 0.994840735656 4
0.00430939001085 0.994870429137 0.000358465554108 0.994862140848 4
0.00450130512001 0.994067235078 0.000358465554108 0.994884620118 4
0.00469322022917 0.994946830296 0.000358465554108 0.99490818 4
0.00488513533833 0.994596992964 0.000358465554108 0.994932826603 4
0.00507705044748 0.9956086557 0.000358465554108 0.994958565567 4
0.00526896555664 0.994738267853 0.000358465554108 0.994985402013 4
0.0054608806658 0.995023577829 0.000358465554108 0.995013340503 4
0.00565279577496 0.994852052771 0.000358465554108 0.995042384996 4
0.00584471088412 0.995546989943 0.000358465554108 0.995072538811 4
0.00603662599328 0.995403216051 0.000358465554108 0.99510380459 4
0.00622854110244 0.995183497748 0.000358465554108 0.995136184262 4
0.0064204562116 0.995815593253 0.000358465554108 0.995169679016 4
0.00661237132076 0.994744369257 0.000358465554108 0.995204289264 4
0.00680428642992 0.994764393203 0.000358465554108 0.995240014618 4
0.00699620153908 0.995463222892 0.000358465554108 0.995276853864 4
0.00718811664824 0.995777686067 0.000358465554108 0.995314804932 4
0.0073800317574 0.994900478267 0.000358465554108 0.995353864879 4
0.00757194686656 0.995640141497 0.000358465554108 0.995394029867 4
0.00776386197572 0.995361612647 0.000358465554108 0.995435295141 4
0.00795577708488 0.99559498652 0.000358465554108 0.995477655011 4
0.00814769219404 0.995141379444 0.000358465554108 0.995521102841 4
0.0083396073032 0.996281910093 0.000358465554108 0.995565631025 4
0.00853152241236 0.995674721809 0.000358465554108 0.995611230984 4
0.00872343752152 0.995814980143 0.000358465554108 0.995657893142 4
0.00891535263068 0.995744647237 0.000358465554108 0.995705606925 4
0.00910726773984 0.996067428022 0.000358465554108 0.995754360746 4
0.009299182849 0.995753550251 0.000358465554108 0.995804141997 4
0.00949109795816 0.99595349011 0.000358465554108 0.995854937042 4
0.00968301306732 0.995585489868 0.000358465554108 0.99590673121 4
0.00987492817648 0.996036282128 0.000358465554108 0.995959508792 4
0.0100668432856 0.995427267472 0.000358465554108 0.996013253034 4
0.0102587583948 0.995678459841 0.000358465554108 0.996067946136 4
0.010450673504 0.996684143636 0.000358465554108 0.996123569246 4
0.0106425886131 0.995764749524 0.000358465554108 0.996180102465 4
0.0108345037223 0.996294660231 0.000358465554108 0.996237524841 4
0.0110264188314 0.996545549085 0.000358465554108 0.996295814371 4
0.0112183339406 0.997141462444 0.000358465554108 0.996354948005 4
0.0114102490498 0.996611927342 0.000358465554108 0.996414901644 4
0.0116021641589 0.996170728894 0.000358465554108 0.996475650145 4
0.0117940792681 0.996328279831 0.000358465554108 0.996537167324 4
0.0119859943772 0.996668510006 0.000358465554108 0.996599425962 4
0.0121779094864 0.996298609674 0.000358465554108 0.996662397807 4
0.0123698245956 0.996634561542 0.000358465554108 0.996726053579 4
0.0125617397047 0.997053857902 0.000358465554108 0.996790362981 4
0.0127536548139 0.996812936647 0.000358465554108 0.996855294699 4
0.012945569923 0.996444286727 0.000358465554108 0.996920816413 4
0.0131374850322 0.997352555373 0.000358465554108 0.996986894801 4
0.0133294001414 0.996835447794 0.000358465554108 0.997053495551 4
0.0135213152505 0.99756844815 0.000358465554108 0.997120583364 4
0.0137132303597 0.99701324749 0.000358465554108 0.997188121963 4
0.0139051454688 0.997392040728 0.000358465554108 0.997256074101 4
0.014097060578 0.997106423142 0.000358465554108 0.997324401571 4
0.0142889756872 0.997194971096 0.000358465554108 0.99739306521 4
0.0144808907963 0.997446845978 0.000358465554108 0.99746202491 4
0.0146728059055 0.997345759088 0.000358465554108 0.997531239622 4
0.0148647210146 0.997302730122 0.000358465554108 0.997600667364 4
0.0150566361238 0.997275984846 0.000358465554108 0.997670265228 4
0.015248551233 0.997921248712 0.000358465554108 0.997739989383 4
0.0154404663421 0.99846328775 0.000358465554108 0.997809795083 4
0.0156323814513 0.99733900965 0.000358465554108 0.997879636667 4
0.0158242965604 0.99784628258 0.000358465554108 0.997949467561 4
0.0160162116696 0.997694975647 0.000358465554108 0.99801924028 4
0.0162081267788 0.998757008967 0.000358465554108 0.998088906428 4
0.0164000418879 0.998663412987 0.000358465554108 0.998158416688 4
0.0165919569971 0.998173760636 0.000358465554108 0.998227720823 4
0.0167838721062 0.998172608262 0.000358465554108 0.998296767662 4
0.0169757872154 0.998240165927 0.000358465554108 0.998365505088 4
0.0171677023246 0.997965695904 0.000358465554108 0.998433880024 4
0.0173596174337 0.998937185848 0.000358465554108 0.998501838407 4
0.0175515325429 0.998743821531 0.000358465554108 0.998569325162 4
0.017743447652 0.998844017644 0.000358465554108 0.998636284171 4
0.0179353627612 0.998387218777 0.000358465554108 0.998702658227 4
0.0181272778704 0.998345398767 0.000358465554108 0.998768388988 4
0.0183191929795 0.998540788751 0.000358465554108 0.998833416914 4
0.0185111080887 0.999143188829 0.000358465554108 0.99889768119 4
0.0187030231978 0.999192881032 0.000358465554108 0.998961119645 4
0.018894938307 0.999119304689 0.000358465554108 0.999023668635 4
0.0190868534162 0.999338896532 0.000358465554108 0.999085262924 4
0.0192787685253 0.998762093824 0.000358465554108 0.999145835521 4
0.0194706836345 0.999470245269 0.000358465554108 0.9992053175 4
0.0196625987436 0.999464961669 0.000358465554108 0.999263637764 4
0.0198545138528 0.999413138166 0.000358465554108 0.999320722777 4
0.0200464289619 0.999414401439 0.000358465554108 0.999376496215 4
0.0202383440711 0.99925518104 0.000358465554108 0.999430878559 4
0.0204302591803 0.999596656512 0.000358465554108 0.999483786562 4
0.0206221742894 0.999429785965 0.000358465554108 0.999535132604 4
0.0208140893986 0.998961903941 0.000358465554108 0.999584823857 4
0.0210060045077 1.00010401323 0.000358465554108 0.999632761217 4
0.0211979196169 0.999367651978 0.000358465554108 0.999678837904 4
0.0213898347261 0.999405875918 0.000358465554108 0.999722937596 4
0.0215817498352 0.999725640715 0.000358465554108 0.999764931884 4
0.0217736649444 1.00026503883 0.000358465554108 0.99980467671 4
0.0219655800535 0.999998055498 0.000358465554108 0.999842007202 4
0.0221574951627 1.00020378035 0.000358465554108 0.999876729862 4
0.0223494102719 1.0000225872 0.000358465554108 0.999908610115 4
0.022541325381 1.0003040437 0.000358465554108 0.999937350937 4
0.0227332404902 0.999677419566 0.000358465554108 0.999962552256 4
0.0229251555993 0.999754390817 0.000358465554108 0.999983620718 4
0.0231170707085 1.00021911855 0.000358465554108 0.999999503353 4
0.0233089858177 0.999334222309 0.000358465554108 1.00000666304 0
0.0235009009268 1.00003205428 0.000358465554108 1.00000666304 0
0.023692816036 1.00031784624 0.000358465554108 1.00000666304 0
0.0238847311451 0.999739667659 0.000358465554108 1.00000666304 0
0.0240766462543 0.999984400334 0.000358465554108 1.00000666304 0
0.0242685613635 0.999935085197 0.000358465554108 1.00000666304 0
0.0244604764726 1.0003734411 0.000358465554108 1.00000666304 0
0.0246523915818 0.999986826914 0.000358465554108 1.00000666304 0
0.0248443066909 1.00020801157 0.000358465554108 1.00000666304 0
0.0250362218001 0.999932444184 0.000358465554108 1.00000666304 0
0.0252281369093 0.999630721244 0.000358465554108 1.00000666304 0
0.0254200520184 0.999112033429 0.000358465554108 1.00000666304 0
0.0256119671276 0.999936990655 0.000358465554108 1.00000666304 0
0.0258038822367 0.999625949725 0.000358465554108 1.00000666304 0
0.0259957973459 0.999230536364 0.000358465554108 1.00000666304 0
0.0261877124551 0.99984183175 0.000358465554108 1.00000666304 0
0.0263796275642 1.00042285966 0.000358465554108 1.00000666304 0
0.0265715426734 0.999299905121 0.000358465554108 1.00000666304 0
0.0267634577825 1.00029385259 0.000358465554108 1.00000666304 0
0.0269553728917 0.999834512146 0.000358465554108 1.00000666304 0
0.0271472880009 0.999767923111 0.000358465554108 1.00000666304 0
0.02733920311 1.00085094682 0.000358465554108 1.00000666304 0
0.0275311182192 1.00006946191 0.000358465554108 1.00000666304 0
0.0277230333283 1.00001854939 0.000358465554108 1.00000666304 0
0.0279149484375 1.0006938046 0.000358465554108 1.00000666304 0
0.0281068635467 1.00021726554 0.000358465554108 1.00000666304 0
0.0282987786558 1.00001231065 0.000358465554108 1.00000666304 0
0.028490693765 0.999623888424 0.000358465554108 1.00000666304 0
0.0286826088741 1.00054972522 0.000358465554108 1.00000666304 0
