-0.071370267625 1.00005864465 0.000143092729413 0.999980100115 0.0
-0.0708918197102 0.999982223278 0.000143092729413 0.999980100115 0.0
-0.0704133717955 1.00010573181 0.000143092729413 0.999980100115 0.0
-0.0699349238807 0.999828877403 0.000143092729413 0.999980100115 0.0
-0.069456475966 0.999673890762 0.000143092729413 0.999980100115 0.0
-0.0689780280512 0.99991468295 0.000143092729413 0.999980100115 0.0
-0.0684995801365 0.999952255529 0.000143092729413 0.999980100115 0.0
-0.0680211322217 0.999862104845 0.000143092729413 0.999980100115 0.0
-0.067542684307 0.999991577436 0.000143092729413 0.999980100115 0.0
-0.0670642363922 1.00005753685 0.000143092729413 0.999980100115 0.0
-0.0665857884775 0.999657261101 0.000143092729413 0.999980100115 0.0
-0.0661073405627 1.00008966254 0.000143092729413 0.999980100115 0.0
-0.065628892648 0.999880796611 0.000143092729413 0.999980100115 0.0
-0.0651504447332 0.9996867959 0.000143092729413 0.999980100115 0.0
-0.0646719968185 1.00020658537 0.000143092729413 0.999980100115 0.0
-0.0641935489038 0.999882286182 0.000143092729413 0.999980100115 0.0
-0.063715100989 1.00000751836 0.000143092729413 0.999980100115 0.0
-0.0632366530743 1.0000531621 0.000143092729413 0.999980100115 0.0
-0.0627582051595 0.999900767773 0.000143092729413 0.999980100115 0.0
-0.0622797572448 0.999999698646 0.000143092729413 0.999980100115 0.0
-0.06180130933 1.00011137333 0.000143092729413 0.999980100115 0.0
-0.0613228614153 1.00019829293 0.000143092729413 0.999980100115 0.0
-0.0608444135005 1.00007905174 0.000143092729413 0.999980100115 0.0
-0.0603659655858 1.0000254778 0.000143092729413 0.999980100115 0.0
-0.059887517671 0.999871187078 0.000143092729413 0.999980100115 0.0
-0.0594090697563 0.999959579346 0.000143092729413 0.999938273963 1.0
-0.0589306218415 0.999846285532 0.000143092729413 0.999859278258 1.0
-0.0584521739268 0.999568001186 0.000143092729413 0.999756375494 1.0
-0.057973726012 0.99949939655 0.000143092729413 0.999635245769 1.0
-0.0574952780973 0.999720919362 0.000143092729413 0.999499833051 1.0
-0.0570168301825 0.999421625486 0.000143092729413 0.999353366213 1.0
-0.0565383822678 0.998860001984 0.000143092729413 0.999198754397 1.0
-0.056059934353 0.998939054927 0.000143092729413 0.999038800189 1.0
-0.0555814864383 0.998604816215 0.000143092729413 0.998876352258 1.0
-0.0551030385235 0.998602226337 0.000143092729413 0.998714452751 1.0
-0.0546245906088 0.998501558099 0.000143092729413 0.998556529434 1.0
-0.054146142694 0.998552723449 0.000143092729413 0.99840672406 1.0
-0.0536676947793 0.998268103303 0.000143092729413 0.998270623471 1.0
-0.0531892468645 0.998154252463 0.000143092729413 0.998157667022 1.0
-0.0527107989498 0.998090743176 0.000143092729413 0.998093702138 3.0
-0.052232351035 0.998122813227 0.000143092729413 0.998049615741 3.0
-0.0517539031203 0.998158477155 0.000143092729413 0.998009230199 3.0
-0.0512754552055 0.997851428433 0.000143092729413 0.997971562254 3.0
-0.0507970072908 0.998141377681 0.000143092729413 0.997936073294 3.0
-0.050318559376 0.998053497935 0.000143092729413 0.997902409832 3.0
-0.0498401114613 0.997864888906 0.000143092729413 0.997870317429 3.0
-0.0493616635465 0.997824893294 0.000143092729413 0.997839602896 3.0
-0.0488832156318 0.997978096362 0.000143092729413 0.997810114324 3.0
-0.048404767717 0.997861235583 0.000143092729413 0.99778172919 3.0
-0.0479263198023 0.997868453466 0.000143092729413 0.997754346685 3.0
-0.0474478718875 0.997681366023 0.000143092729413 0.997727882509 3.0
-0.0469694239728 0.997875056507 0.000143092729413 0.997702265198 3.0
-0.046490976058 0.997811513099 0.000143092729413 0.997677433462 3.0
-0.0460125281433 0.997729972342 0.000143092729413 0.997653334197 3.0
-0.0455340802285 0.997787468417 0.000143092729413 0.99762992099 3.0
-0.0450556323138 0.997727129234 0.000143092729413 0.997607152959 3.0
-0.044577184399 0.997813292147 0.000143092729413 0.997584993842 3.0
-0.0440987364843 0.997825580996 0.000143092729413 0.997563411285 3.0
-0.0436202885696 0.997635106207 0.000143092729413 0.997542376254 3.0
-0.0431418406548 0.997446412808 0.000143092729413 0.997521862572 3.0
-0.0426633927401 0.997784201919 0.000143092729413 0.997501846529 3.0
-0.0421849448253 0.997636387714 0.000143092729413 0.997482306563 3.0
-0.0417064969106 0.997415543801 0.000143092729413 0.997463222991 3.0
-0.0412280489958 0.997664010324 0.000143092729413 0.997444577786 3.0
-0.0407496010811 0.997331061433 0.000143092729413 0.997426354385 3.0
-0.0402711531663 0.997618702629 0.000143092729413 0.997408537526 3.0
-0.0397927052516 0.997592719574 0.000143092729413 0.997391113108 3.0
-0.0393142573368 0.997307675683 0.000143092729413 0.99737406807 3.0
-0.0388358094221 0.997307222062 0.000143092729413 0.997357390288 3.0
-0.0383573615073 0.997640417976 0.000143092729413 0.99734106848 3.0
-0.0378789135926 0.997292228759 0.000143092729413 0.99732509213 3.0
-0.0374004656778 0.997450916127 0.000143092729413 0.997309451414 3.0
-0.0369220177631 0.997099820167 0.000143092729413 0.997294137141 3.0
-0.0364435698483 0.997334903208 0.000143092729413 0.997279140696 3.0
-0.0359651219336 0.997409858333 0.000143092729413 0.997264453992 3.0
-0.0354866740188 0.996964195268 0.000143092729413 0.997250069425 3.0
-0.0350082261041 0.997328220398 0.000143092729413 0.997235979837 3.0
-0.0345297781893 0.997329916528 0.000143092729413 0.997222178481 3.0
-0.0340513302746 0.99726056584 0.000143092729413 0.997208658986 3.0
-0.0335728823598 0.997312389186 0.000143092729413 0.997195415335 3.0
-0.0330944344451 0.997409515477 0.000143092729413 0.997182441834 3.0
-0.0326159865303 0.997417496536 0.000143092729413 0.997169733088 3.0
-0.0321375386156 0.997221608123 0.000143092729413 0.997157283986 3.0
-0.0316590907008 0.99727156946 0.000143092729413 0.997145089677 3.0
-0.0311806427861 0.997251870841 0.000143092729413 0.997133145553 3.0
-0.0307021948713 0.997235099952 0.000143092729413 0.997121447235 3.0
-0.0302237469566 0.99707937244 0.000143092729413 0.997109990555 3.0
-0.0297452990418 0.997241861018 0.000143092729413 0.997098771549 3.0
-0.0292668511271 0.997477058173 0.000143092729413 0.997087786435 3.0
-0.0287884032123 0.997243197554 0.000143092729413 0.997077031612 3.0
-0.0283099552976 0.997419738563 0.000143092729413 0.997066503642 3.0
-0.0278315073828 0.997399871445 0.000143092729413 0.997056199244 3.0
-0.0273530594681 0.997196865811 0.000143092729413 0.997046115284 3.0
-0.0268746115533 0.996956805873 0.000143092729413 0.997036248768 3.0
-0.0263961636386 0.997117139547 0.000143092729413 0.997026596832 3.0
-0.0259177157238 0.997038294765 0.000143092729413 0.997017156739 3.0
-0.0254392678091 0.997243118984 0.000143092729413 0.997007925867 3.0
-0.0249608198943 0.997038011534 0.000143092729413 0.996998901708 3.0
-0.0244823719796 0.997086038994 0.000143092729413 0.996990081859 3.0
-0.0240039240648 0.996808000304 0.000143092729413 0.99698146402 3.0
-0.0235254761501 0.997038264972 0.000143092729413 0.996973045983 3.0
-0.0230470282354 0.997142041485 0.000143092729413 0.996964825637 3.0
-0.0225685803206 0.996959336209 0.000143092729413 0.996956800953 3.0
-0.0220901324059 0.99712830075 0.000143092729413 0.996948969988 3.0
-0.0216116844911 0.997126791789 0.000143092729413 0.99694133088 3.0
-0.0211332365764 0.997158711679 0.000143092729413 0.996933881839 3.0
-0.0206547886616 0.997096577909 0.000143092729413 0.99692662115 3.0
-0.0201763407469 0.997039929892 0.000143092729413 0.996919547168 3.0
-0.0196978928321 0.997180012973 0.000143092729413 0.996912658315 3.0
-0.0192194449174 0.996846965559 0.000143092729413 0.996905953075 3.0
-0.0187409970026 0.997130755186 0.000143092729413 0.996899429996 3.0
-0.0182625490879 0.996971308807 0.000143092729413 0.996893087683 3.0
-0.0177841011731 0.996782163783 0.000143092729413 0.9968869248 3.0
-0.0173056532584 0.996993315226 0.000143092729413 0.996880940063 3.0
-0.0168272053436 0.996974635001 0.000143092729413 0.996875132245 3.0
-0.0163487574289 0.997125872723 0.000143092729413 0.996869500165 3.0
-0.0158703095141 0.996837199024 0.000143092729413 0.996864042696 3.0
-0.0153918615994 0.996935237123 0.000143092729413 0.996858758754 3.0
-0.0149134136846 0.996780572829 0.000143092729413 0.996853647304 3.0
-0.0144349657699 0.996561881421 0.000143092729413 0.996848707354 3.0
-0.0139565178551 0.996780184679 0.000143092729413 0.996843937957 3.0
-0.0134780699404 0.997091062996 0.000143092729413 0.996839338206 3.0
-0.0129996220256 0.996871199511 0.000143092729413 0.996834907234 3.0
-0.0125211741109 0.996710952782 0.000143092729413 0.996830644216 3.0
-0.0120427261961 0.996816493169 0.000143092729413 0.996826548362 3.0
-0.0115642782814 0.996802702548 0.000143092729413 0.996822618923 3.0
-0.0110858303666 0.996993353746 0.000143092729413 0.996818855183 3.0
-0.0106073824519 0.996830152679 0.000143092729413 0.996815256463 3.0
-0.0101289345371 0.996897225045 0.000143092729413 0.996811822119 3.0
-0.00965048662238 0.99694945899 0.000143092729413 0.996808551539 3.0
-0.00917203870763 0.996685697189 0.000143092729413 0.996805444147 3.0
-0.00869359079288 0.996851629213 0.000143092729413 0.996802499396 3.0
-0.00821514287814 0.997024295197 0.000143092729413 0.996799716772 3.0
-0.00773669496339 0.996699473907 0.000143092729413 0.996797095793 3.0
-0.00725824704864 0.99661732151 0.000143092729413 0.996794636007 3.0
-0.00677979913389 0.996753059182 0.000143092729413 0.996792336991 3.0
-0.00630135121914 0.996857008706 0.000143092729413 0.996790198353 3.0
-0.00582290330439 0.996746143216 0.000143092729413 0.996788219727 3.0
-0.00534445538964 0.996792482202 0.000143092729413 0.99678640078 3.0
-0.00486600747489 0.996518638605 0.000143092729413 0.996784741204 3.0
-0.00438755956014 0.997070998136 0.000143092729413 0.99678324072 3.0
-0.0039091116454 0.996746689619 0.000143092729413 0.996781899076 3.0
-0.00343066373065 0.996921477847 0.000143092729413 0.996780716048 3.0
-0.0029522158159 0.996722258885 0.000143092729413 0.996779691438 3.0
-0.00247376790115 0.996762529078 0.000143092729413 0.996778825076 3.0
-0.0019953199864 0.99677911762 0.000143092729413 0.996778116818 3.0
-0.00151687207165 0.996770822041 0.000143092729413 0.996777566547 3.0
-0.0010384241569 0.996679561466 0.000143092729413 0.996777174171 3.0
-0.000559976242154 0.997049527767 0.000143092729413 0.996776939625 3.0
-8.15283274051e-05 0.996637988549 0.000143092729413 0.99677686287 3.0
0.000396919587344 0.996714599665 0.000143092729413 0.996776943895 3.0
0.000875367502093 0.996736605186 0.000143092729413 0.996777182712 3.0
0.00135381541684 0.996750234349 0.000143092729413 0.99677757936 3.0
0.00183226333159 0.996682273889 0.000143092729413 0.996778133906 3.0
0.00231071124634 0.996740733764 0.000143092729413 0.996778846441 3.0
0.00278915916109 0.996738111027 0.000143092729413 0.996779717084 3.0
0.00326760707584 0.996839117543 0.000143092729413 0.996780745979 3.0
0.00374605499059 0.996533289256 0.000143092729413 0.996781933297 3.0
0.00422450290533 0.996570747209 0.000143092729413 0.996783279237 3.0
0.00470295082008 0.997009917764 0.000143092729413 0.996784784023 3.0
0.00518139873483 0.996558034062 0.000143092729413 0.996786447909 3.0
0.00565984664958 0.996841962936 0.000143092729413 0.996788271173 3.0
0.00613829456433 0.996831032799 0.000143092729413 0.996790254125 3.0
0.00661674247908 0.997046987709 0.000143092729413 0.996792397099 3.0
0.00709519039383 0.996681045881 0.000143092729413 0.996794700461 3.0
0.00757363830858 0.997030910945 0.000143092729413 0.996797164604 3.0
0.00805208622333 0.996825482606 0.000143092729413 0.996799789951 3.0
0.00853053413807 0.996657272802 0.000143092729413 0.996802576956 3.0
0.00900898205282 0.996998190968 0.000143092729413 0.996805526102 3.0
0.00948742996757 0.996613373054 0.000143092729413 0.996808637904 3.0
0.00996587788232 0.996814994769 0.000143092729413 0.996811912908 3.0
0.0104443257971 0.996832409823 0.000143092729413 0.996815351692 3.0
0.0109227737118 0.996801087747 0.000143092729413 0.99681895487 3.0
0.0114012216266 0.996831710713 0.000143092729413 0.996822723085 3.0
0.0118796695413 0.996848791026 0.000143092729413 0.996826657019 3.0
0.0123581174561 0.996812727235 0.000143092729413 0.996830757386 3.0
0.0128365653708 0.996895073054 0.000143092729413 0.99683502494 3.0
0.0133150132856 0.996965804294 0.000143092729413 0.996839460468 3.0
0.0137934612003 0.996888904678 0.000143092729413 0.9968440648 3.0
0.0142719091151 0.996868946306 0.000143092729413 0.9968488388 3.0
0.0147503570298 0.996930560393 0.000143092729413 0.996853783379 3.0
0.0152288049446 0.996685314954 0.000143092729413 0.996858899484 3.0
0.0157072528593 0.996628486698 0.000143092729413 0.996864188108 3.0
0.0161857007741 0.996715916994 0.000143092729413 0.996869650289 3.0
0.0166641486888 0.996861114195 0.000143092729413 0.99687528711 3.0
0.0171425966036 0.996941074416 0.000143092729413 0.996881099701 3.0
0.0176210445183 0.996876056291 0.000143092729413 0.996887089242 3.0
0.0180994924331 0.996981451267 0.000143092729413 0.996893256964 3.0
0.0185779403478 0.99693381722 0.000143092729413 0.996899604152 3.0
0.0190563882625 0.996942861224 0.000143092729413 0.996906132142 3.0
0.0195348361773 0.996842769205 0.000143092729413 0.996912842332 3.0
0.020013284092 0.996481573707 0.000143092729413 0.996919736175 3.0
0.0204917320068 0.996600624471 0.000143092729413 0.996926815189 3.0
0.0209701799215 0.9969058974 0.000143092729413 0.996934080953 3.0
0.0214486278363 0.996647641115 0.000143092729413 0.996941535116 3.0
0.021927075751 0.996631257819 0.000143092729413 0.996949179393 3.0
0.0224055236658 0.996900636673 0.000143092729413 0.996957015575 3.0
0.0228839715805 0.996651441552 0.000143092729413 0.996965045529 3.0
0.0233624194953 0.996751743618 0.000143092729413 0.996973271199 3.0
0.02384086741 0.99681622056 0.000143092729413 0.996981694614 3.0
0.0243193153248 0.997045584302 0.000143092729413 0.996990317892 3.0
0.0247977632395 0.996906643556 0.000143092729413 0.996999143239 3.0
0.0252762111543 0.996807130209 0.000143092729413 0.99700817296 3.0
0.025754659069 0.997296556466 0.000143092729413 0.997017409461 3.0
0.0262331069838 0.996988080506 0.000143092729413 0.997026855253 3.0
0.0267115548985 0.996935034015 0.000143092729413 0.997036512959 3.0
0.0271900028133 0.996783136864 0.000143092729413 0.997046385322 3.0
0.027668450728 0.997079156318 0.000143092729413 0.997056475208 3.0
0.0281468986428 0.99692202731 0.000143092729413 0.997066785615 3.0
0.0286253465575 0.997082036779 0.000143092729413 0.997077319681 3.0
0.0291037944723 0.997069196403 0.000143092729413 0.99708808069 3.0
0.029582242387 0.996797390059 0.000143092729413 0.997099072086 3.0
0.0300606903018 0.996921957269 0.000143092729413 0.997110297474 3.0
0.0305391382165 0.996941999317 0.000143092729413 0.99712176064 3.0
0.0310175861313 0.996998290123 0.000143092729413 0.997133465555 3.0
0.031496034046 0.997067994616 0.000143092729413 0.997145416392 3.0
0.0319744819608 0.997124852637 0.000143092729413 0.997157617535 3.0
0.0324529298755 0.997036599384 0.000143092729413 0.997170073599 3.0
0.0329313777903 0.997147180904 0.000143092729413 0.997182789441 3.0
0.033409825705 0.997224529665 0.000143092729413 0.997195770182 3.0
0.0338882736198 0.997119314218 0.000143092729413 0.997209021222 3.0
0.0343667215345 0.996972671762 0.000143092729413 0.997222548264 3.0
0.0348451694493 0.997100803415 0.000143092729413 0.997236357336 3.0
0.035323617364 0.997375014962 0.000143092729413 0.997250454816 3.0
0.0358020652788 0.997012590644 0.000143092729413 0.997264847464 3.0
0.0362805131935 0.997019600683 0.000143092729413 0.997279542449 3.0
0.0367589611083 0.997148192959 0.000143092729413 0.997294547387 3.0
0.037237409023 0.99717636925 0.000143092729413 0.997309870379 3.0
0.0377158569378 0.997349076959 0.000143092729413 0.997325520055 3.0
0.0381943048525 0.997329087727 0.000143092729413 0.997341505622 3.0
0.0386727527673 0.997211014577 0.000143092729413 0.997357836923 3.0
0.039151200682 0.997187260446 0.000143092729413 0.997374524492 3.0
0.0396296485967 0.997380857765 0.000143092729413 0.997391579634 3.0
0.0401080965115 0.997257689201 0.000143092729413 0.997409014496 3.0
0.0405865444262 0.997302023491 0.000143092729413 0.997426842168 3.0
0.041064992341 0.99743551963 0.000143092729413 0.997445076778 3.0
0.0415434402557 0.99726011217 0.000143092729413 0.997463733623 3.0
0.0420218881705 0.997370745137 0.000143092729413 0.997482829302 3.0
0.0425003360852 0.997692239207 0.000143092729413 0.997502381886 3.0
0.042978784 0.997441784586 0.000143092729413 0.997522411104 3.0
0.0434572319147 0.997557679891 0.000143092729413 0.997542938573 3.0
0.0439356798295 0.997409578583 0.000143092729413 0.997563988066 3.0
0.0444141277442 0.997351951357 0.000143092729413 0.997585585832 3.0
0.044892575659 0.997631028668 0.000143092729413 0.997607760986 3.0
0.0453710235737 0.997467602653 0.000143092729413 0.997630545982 3.0
0.0458494714885 0.997377209344 0.000143092729413 0.997653977195 3.0
0.0463279194032 0.997571757969 0.000143092729413 0.997678095645 3.0
0.046806367318 0.997695568218 0.000143092729413 0.997702947911 3.0
0.0472848152327 0.997585125051 0.000143092729413 0.997728587293 3.0
0.0477632631475 0.997587248971 0.000143092729413 0.997755075331 3.0
0.0482417110622 0.997738478509 0.000143092729413 0.997782483796 3.0
0.048720158977 0.997770852427 0.000143092729413 0.997810897382 3.0
0.0491986068917 0.997760435871 0.000143092729413 0.997840417408 3.0
0.0496770548065 0.997520404656 0.000143092729413 0.997871167078 3.0
0.0501555027212 0.997924453694 0.000143092729413 0.997903299235 3.0
0.050633950636 0.997807724786 0.000143092729413 0.997937008413 3.0
0.0511123985507 0.998051407941 0.000143092729413 0.997972551116 3.0
0.0515908464655 0.998086523285 0.000143092729413 0.998010284359 3.0
0.0520692943802 0.997889597856 0.000143092729413 0.998050753982 3.0
0.052547742295 0.99801145532 0.000143092729413 0.99809496349 3.0
0.0530261902097 0.998181049521 0.000143092729413 0.998160269134 2.0
0.0535046381245 0.998349762435 0.000143092729413 0.998274060438 2.0
0.0539830860392 0.998522386732 0.000143092729413 0.99841062808 2.0
0.054461533954 0.998534276982 0.000143092729413 0.998560717535 2.0
0.0549399818687 0.998690374357 0.000143092729413 0.998718798722 2.0
0.0554184297835 0.999058091887 0.000143092729413 0.998880755918 2.0
0.0558968776982 0.999119713055 0.000143092729413 0.999043175179 2.0
0.056375325613 0.999417964457 0.000143092729413 0.999203021784 2.0
0.0568537735277 0.999116343487 0.000143092729413 0.999357450177 2.0
0.0573322214425 0.999752027651 0.000143092729413 0.999503657025 2.0
0.0578106693572 0.999788116196 0.000143092729413 0.999638727786 2.0
0.058289117272 0.999718415622 0.000143092729413 0.999759420743 2.0
0.0587675651867 0.999944989617 0.000143092729413 0.999861763329 2.0
0.0592460131015 1.00000796032 0.000143092729413 0.999939997885 2.0
0.0597244610162 0.999963908557 0.000143092729413 0.999980100115 2.0
0.060202908931 1.0001213426 0.000143092729413 0.999980100115 0.0
0.0606813568457 1.00000145307 0.000143092729413 0.999980100115 0.0
0.0611598047604 0.99994914445 0.000143092729413 0.999980100115 0.0
0.0616382526752 0.999737445964 0.000143092729413 0.999980100115 0.0
0.0621167005899 1.00016430679 0.000143092729413 0.999980100115 0.0
0.0625951485047 1.00003946631 0.000143092729413 0.999980100115 0.0
0.0630735964194 0.999811197327 0.000143092729413 0.999980100115 0.0
0.0635520443342 1.00013572215 0.000143092729413 0.999980100115 0.0
0.0640304922489 1.00009678972 0.000143092729413 0.999980100115 0.0
0.0645089401637 0.99993896611 0.000143092729413 0.999980100115 0.0
0.0649873880784 1.0001270088 0.000143092729413 0.999980100115 0.0
0.0654658359932 0.999930278906 0.000143092729413 0.999980100115 0.0
0.0659442839079 0.999984728835 0.000143092729413 0.999980100115 0.0
0.0664227318227 1.00004219533 0.000143092729413 0.999980100115 0.0
0.0669011797374 0.99999364864 0.000143092729413 0.999980100115 0.0
0.0673796276522 0.999964599123 0.000143092729413 0.999980100115 0.0
0.0678580755669 0.999962659698 0.000143092729413 0.999980100115 0.0
0.0683365234817 1.00009393761 0.000143092729413 0.999980100115 0.0
0.0688149713964 0.999906331232 0.000143092729413 0.999980100115 0.0
0.0692934193112 0.999968324782 0.000143092729413 0.999980100115 0.0
0.0697718672259 0.999999809879 0.000143092729413 0.999980100115 0.0
0.0702503151407 1.00002109508 0.000143092729413 0.999980100115 0.0
0.0707287630554 0.999985734621 0.000143092729413 0.999980100115 0.0
0.0712072109702 0.999878548224 0.000143092729413 0.999980100115 0.0
0.0716856588849 1.00002707167 0.000143092729413 0.999980100115 0.0
