-0.0394517705241 0.999793987955 0.000188676273084 1.00005027055 0
-0.0391878529297 0.999777595484 0.000188676273084 1.00005027055 0
-0.0389239353352 1.00025296457 0.000188676273084 1.00005027055 0
-0.0386600177408 0.999975404588 0.000188676273084 1.00005027055 0
-0.0383961001463 1.00020235553 0.000188676273084 1.00005027055 0
-0.0381321825519 1.00021931781 0.000188676273084 1.00005027055 0
-0.0378682649575 0.999967865926 0.000188676273084 1.00005027055 0
-0.037604347363 0.999898175634 0.000188676273084 1.00005027055 0
-0.0373404297686 1.00023032767 0.000188676273084 1.00005027055 0
-0.0370765121741 1.00006551731 0.000188676273084 1.00005027055 0
-0.0368125945797 1.00004424427 0.000188676273084 1.00005027055 0
-0.0365486769852 1.00004814889 0.000188676273084 1.00005027055 0
-0.0362847593908 0.999801063663 0.000188676273084 1.00005027055 0
-0.0360208417964 1.00053358231 0.000188676273084 1.00005027055 0
-0.0357569242019 1.00008789903 0.000188676273084 1.00005027055 0
-0.0354930066075 1.00023865189 0.000188676273084 1.00005027055 0
-0.035229089013 0.999853663231 0.000188676273084 1.00005027055 0
-0.0349651714186 1.00041405989 0.000188676273084 1.00005027055 0
-0.0347012538242 1.00023968316 0.000188676273084 1.00005027055 0
-0.0344373362297 1.00000626998 0.000188676273084 1.00005007365 4
-0.0341734186353 1.00018725298 0.000188676273084 1.00004658594 4
-0.0339095010408 0.999831727958 0.000188676273084 1.00003971038 4
-0.0336455834464 0.999683445798 0.000188676273084 1.00002983782 4
-0.033381665852 0.999973421327 0.000188676273084 1.00001718809 4
-0.0331177482575 0.999799394674 0.000188676273084 1.0000019253 4
-0.0328538306631 1.0002757125 0.000188676273084 0.99998418552 4
-0.0325899130686 0.999954971285 0.000188676273084 0.999964087786 4
-0.0323259954742 0.999817558242 0.000188676273084 0.999941739599 4
-0.0320620778798 0.999891844456 0.000188676273084 0.999917240041 4
-0.0317981602853 1.00013694582 0.000188676273084 0.999890681721 4
-0.0315342426909 0.999709601681 0.000188676273084 0.999862152056 4
-0.0312703250964 0.999991684613 0.000188676273084 0.999831734172 4
-0.031006407502 0.99959903535 0.000188676273084 0.999799507554 4
-0.0307424899075 0.999936586535 0.000188676273084 0.999765548534 4
-0.0304785723131 0.999658972553 0.000188676273084 0.999729930669 4
-0.0302146547187 0.999584884946 0.000188676273084 0.999692725033 4
-0.0299507371242 0.999856550647 0.000188676273084 0.999654000457 4
-0.0296868195298 0.999264875881 0.000188676273084 0.99961382372 4
-0.0294229019353 0.999659976863 0.000188676273084 0.999572259711 4
-0.0291589843409 0.99961023372 0.000188676273084 0.99952937156 4
-0.0288950667465 0.999411153613 0.000188676273084 0.999485220755 4
-0.028631149152 0.999474126847 0.000188676273084 0.999439867237 4
-0.0283672315576 0.999485149853 0.000188676273084 0.999393369483 4
-0.0281033139631 0.999282287204 0.000188676273084 0.999345784579 4
-0.0278393963687 0.999340874275 0.000188676273084 0.999297168287 4
-0.0275754787743 0.999386546361 0.000188676273084 0.999247575096 4
-0.0273115611798 0.99911780062 0.000188676273084 0.999197058279 4
-0.0270476435854 0.999333398227 0.000188676273084 0.99914566993 4
-0.0267837259909 0.999386292851 0.000188676273084 0.999093461011 4
-0.0265198083965 0.998965938592 0.000188676273084 0.999040481384 4
-0.0262558908021 0.99895179692 0.000188676273084 0.998986779848 4
-0.0259919732076 0.999004212122 0.000188676273084 0.998932404164 4
-0.0257280556132 0.998815014108 0.000188676273084 0.998877401086 4
-0.0254641380187 0.998943421655 0.000188676273084 0.998821816385 4
-0.0252002204243 0.998253049343 0.000188676273084 0.998765694876 4
-0.0249363028298 0.998678572981 0.000188676273084 0.998709080432 4
-0.0246723852354 0.999075268502 0.000188676273084 0.998652016011 4
-0.024408467641 0.998348964217 0.000188676273084 0.998594543673 4
-0.0241445500465 0.998713228585 0.000188676273084 0.998536704594 4
-0.0238806324521 0.998409635169 0.000188676273084 0.99847853909 4
-0.0236167148576 0.998433618251 0.000188676273084 0.998420086624 4
-0.0233527972632 0.998189074245 0.000188676273084 0.998361385826 4
-0.0230888796688 0.998282309029 0.000188676273084 0.998302474507 4
-0.0228249620743 0.998137670564 0.000188676273084 0.998243389669 4
-0.0225610444799 0.998105735944 0.000188676273084 0.998184167521 4
-0.0222971268854 0.997993324123 0.000188676273084 0.99812484349 4
-0.022033209291 0.997776534764 0.000188676273084 0.998065452232 4
-0.0217692916966 0.997916344192 0.000188676273084 0.998006027643 4
-0.0215053741021 0.997902389685 0.000188676273084 0.997946602871 4
-0.0212414565077 0.997587117991 0.000188676273084 0.997887210328 4
-0.0209775389132 0.998007259341 0.000188676273084 0.997827881696 4
-0.0207136213188 0.997676603377 0.000188676273084 0.997768647939 4
-0.0204497037244 0.997658476128 0.000188676273084 0.997709539315 4
-0.0201857861299 0.997704216391 0.000188676273084 0.99765058538 4
-0.0199218685355 0.997847620906 0.000188676273084 0.997591815005 4
-0.019657950941 0.997830962009 0.000188676273084 0.997533256377 4
-0.0193940333466 0.997611887138 0.000188676273084 0.997474937013 4
-0.0191301157521 0.997159347193 0.000188676273084 0.997416883768 4
-0.0188661981577 0.997339211396 0.000188676273084 0.997359122841 4
-0.0186022805633 0.997506571025 0.000188676273084 0.997301679789 4
-0.0183383629688 0.997224103856 0.000188676273084 0.997244579531 4
-0.0180744453744 0.997050673288 0.000188676273084 0.997187846357 4
-0.0178105277799 0.997458075749 0.000188676273084 0.997131503938 4
-0.0175466101855 0.996921162226 0.000188676273084 0.997075575334 4
-0.0172826925911 0.997103199243 0.000188676273084 0.997020083003 4
-0.0170187749966 0.996953462682 0.000188676273084 0.996965048806 4
-0.0167548574022 0.996906634737 0.000188676273084 0.996910494021 4
-0.0164909398077 0.996747066089 0.000188676273084 0.996856439346 4
-0.0162270222133 0.996670775328 0.000188676273084 0.996802904909 4
-0.0159631046189 0.996923993383 0.000188676273084 0.996749910279 4
-0.0156991870244 0.996670419324 0.000188676273084 0.996697474472 4
-0.01543526943 0.996758787166 0.000188676273084 0.996645615957 4
-0.0151713518355 0.996690405435 0.000188676273084 0.996594352669 4
-0.0149074342411 0.996374138508 0.000188676273084 0.996543702016 4
-0.0146435166466 0.99643103913 0.000188676273084 0.996493680885 4
-0.0143795990522 0.996399501362 0.000188676273084 0.996444305654 4
-0.0141156814578 0.996443272728 0.000188676273084 0.996395592196 4
-0.0138517638633 0.996413200335 0.000188676273084 0.996347555893 4
-0.0135878462689 0.996435759273 0.000188676273084 0.996300211641 4
-0.0133239286744 0.996236124959 0.000188676273084 0.996253573858 4
-0.01306001108 0.99621275932 0.000188676273084 0.996207656495 4
-0.0127960934856 0.996092837716 0.000188676273084 0.996162473043 4
-0.0125321758911 0.996247470832 0.000188676273084 0.996118036542 4
-0.0122682582967 0.995966660667 0.000188676273084 0.996074359589 4
-0.0120043407022 0.995932766643 0.000188676273084 0.996031454348 4
-0.0117404231078 0.996190692521 0.000188676273084 0.995989332557 4
-0.0114765055134 0.995896535794 0.000188676273084 0.995948005537 4
-0.0112125879189 0.996049996091 0.000188676273084 0.995907484204 4
-0.0109486703245 0.996076984647 0.000188676273084 0.99586777907 4
-0.01068475273 0.995869070587 0.000188676273084 0.99582890026 4
-0.0104208351356 0.995975466028 0.000188676273084 0.995790857514 4
-0.0101569175412 0.995729970854 0.000188676273084 0.9957536602 4
-0.00989299994671 0.996017892532 0.000188676273084 0.99571731732 4
-0.00962908235227 0.995506434542 0.000188676273084 0.995681837519 4
-0.00936516475783 0.995462870434 0.000188676273084 0.995647229093 4
-0.00910124716339 0.995879253655 0.000188676273084 0.9956135 4
-0.00883732956895 0.995524064128 0.000188676273084 0.995580657865 4
-0.00857341197451 0.995694447672 0.000188676273084 0.995548709988 4
-0.00830949438007 0.995792477479 0.000188676273084 0.995517663356 4
-0.00804557678563 0.995448993108 0.000188676273084 0.995487524645 4
-0.00778165919118 0.995054447599 0.000188676273084 0.995458300235 4
-0.00751774159674 0.995493709884 0.000188676273084 0.995429996212 4
-0.0072538240023 0.99562350126 0.000188676273084 0.995402618379 4
-0.00698990640786 0.99532384875 0.000188676273084 0.995376172261 4
-0.00672598881342 0.995489384111 0.000188676273084 0.995350663114 4
-0.00646207121898 0.9952693332 0.000188676273084 0.995326095934 4
-0.00619815362454 0.995257562599 0.000188676273084 0.995302475459 4
-0.0059342360301 0.995052997471 0.000188676273084 0.995279806182 4
-0.00567031843566 0.995261895029 0.000188676273084 0.995258092352 4
-0.00540640084122 0.994571477619 0.000188676273084 0.995237337985 4
-0.00514248324678 0.995313641834 0.000188676273084 0.995217546867 4
-0.00487856565233 0.994892133475 0.000188676273084 0.995198722564 4
-0.00461464805789 0.995501857793 0.000188676273084 0.995180868425 4
-0.00435073046345 0.995124845564 0.000188676273084 0.995163987585 4
-0.00408681286901 0.995132606984 0.000188676273084 0.995148082979 4
-0.00382289527457 0.995267660609 0.000188676273084 0.995133157338 4
-0.00355897768013 0.995186275542 0.000188676273084 0.995119213199 4
-0.00329506008569 0.994663679091 0.000188676273084 0.995106252909 4
-0.00303114249125 0.995016467157 0.000188676273084 0.995094278629 4
-0.00276722489681 0.994773485722 0.000188676273084 0.995083292336 4
-0.00250330730237 0.995190176839 0.000188676273084 0.995073295832 4
-0.00223938970793 0.995204689943 0.000188676273084 0.995064290742 4
-0.00197547211348 0.99502735105 0.000188676273084 0.99505627852 4
-0.00171155451904 0.995091569456 0.000188676273084 0.995049260452 4
-0.0014476369246 0.995016903424 0.000188676273084 0.99504323766 4
-0.00118371933016 0.994700654496 0.000188676273084 0.995038211098 4
-0.00091980173572 0.995004882631 0.000188676273084 0.995034181562 4
-0.000655884141279 0.995228139352 0.000188676273084 0.995031149688 4
-0.000391966546839 0.995198893043 0.000188676273084 0.995029115952 4
-0.000128048952398 0.994949209834 0.000188676273084 0.995028080672 4
0.000135868642043 0.994953175465 0.000188676273084 0.995028044012 4
0.000399786236484 0.99524225505 0.000188676273084 0.995029005977 4
0.000663703830925 0.994878697058 0.000188676273084 0.995030966417 4
0.000927621425366 0.99510145031 0.000188676273084 0.995033925023 4
0.00119153901981 0.995362723545 0.000188676273084 0.995037881331 4
0.00145545661425 0.995076246116 0.000188676273084 0.995042834717 4
0.00171937420869 0.995443158523 0.000188676273084 0.995048784397 4
0.00198329180313 0.994780103992 0.000188676273084 0.995055729429 4
0.00224720939757 0.995281114471 0.000188676273084 0.995063668702 4
0.00251112699201 0.995290616173 0.000188676273084 0.995072600944 4
0.00277504458645 0.994922828698 0.000188676273084 0.995082524713 4
0.00303896218089 0.995103734471 0.000188676273084 0.995093438395 4
0.00330287977533 0.995078952482 0.000188676273084 0.995105340203 4
0.00356679736978 0.994863916797 0.000188676273084 0.995118228172 4
0.00383071496422 0.995030421488 0.000188676273084 0.995132100155 4
0.00409463255866 0.995312083001 0.000188676273084 0.995146953819 4
0.0043585501531 0.995089244186 0.000188676273084 0.995162786641 4
0.00462246774754 0.995508447938 0.000188676273084 0.995179595903 4
0.00488638534198 0.995104855687 0.000188676273084 0.995197378688 4
0.00515030293642 0.9953858571 0.000188676273084 0.995216131874 4
0.00541422053086 0.995038747176 0.000188676273084 0.995235852127 4
0.0056781381253 0.995486968631 0.000188676273084 0.995256535899 4
0.00594205571974 0.995397835963 0.000188676273084 0.99527817942 4
0.00620597331419 0.995065968481 0.000188676273084 0.995300778691 4
0.00646989090863 0.995358530125 0.000188676273084 0.99532432948 4
0.00673380850307 0.995182056812 0.000188676273084 0.995348827312 4
0.00699772609751 0.995280329235 0.000188676273084 0.995374267466 4
0.00726164369195 0.995350529841 0.000188676273084 0.995400644968 4
0.00752556128639 0.99509060941 0.000188676273084 0.995427954581 4
0.00778947888083 0.995476157176 0.000188676273084 0.995456190797 4
0.00805339647527 0.995850194041 0.000188676273084 0.995485347837 4
0.00831731406971 0.99563690657 0.000188676273084 0.995515419633 4
0.00858123166415 0.995609679779 0.000188676273084 0.99554639983 4
0.00884514925859 0.995317464796 0.000188676273084 0.995578281773 4
0.00910906685304 0.995681585865 0.000188676273084 0.995611058497 4
0.00937298444748 0.995642993635 0.000188676273084 0.995644722725 4
0.00963690204192 0.995579212001 0.000188676273084 0.995679266857 4
0.00990081963636 0.995907185876 0.000188676273084 0.99571468296 4
0.0101647372308 0.995752072123 0.000188676273084 0.995750962764 4
0.0104286548252 0.995752322444 0.000188676273084 0.995788097648 4
0.0106925724197 0.995834151641 0.000188676273084 0.995826078637 4
0.0109564900141 0.995752770552 0.000188676273084 0.995864896391 4
0.0112204076086 0.995800533929 0.000188676273084 0.995904541196 4
0.011484325203 0.996071960715 0.000188676273084 0.995945002958 4
0.0117482427974 0.995593972044 0.000188676273084 0.99598627119 4
0.0120121603919 0.996260806935 0.000188676273084 0.99602833501 4
0.0122760779863 0.996216580722 0.000188676273084 0.996071183125 4
0.0125399955808 0.99625628442 0.000188676273084 0.996114803828 4
0.0128039131752 0.996303795962 0.000188676273084 0.996159184987 4
0.0130678307696 0.99599941585 0.000188676273084 0.996204314037 4
0.0133317483641 0.996214252616 0.000188676273084 0.99625017797 4
0.0135956659585 0.996217727185 0.000188676273084 0.996296763329 4
0.013859583553 0.996296208637 0.000188676273084 0.996344056198 4
0.0141235011474 0.996561768033 0.000188676273084 0.996392042191 4
0.0143874187419 0.996586728103 0.000188676273084 0.99644070645 4
0.0146513363363 0.99655199781 0.000188676273084 0.996490033628 4
0.0149152539307 0.996281287539 0.000188676273084 0.996540007889 4
0.0151791715252 0.996103704208 0.000188676273084 0.996590612891 4
0.0154430891196 0.996827281553 0.000188676273084 0.996641831785 4
0.0157070067141 0.996234905452 0.000188676273084 0.996693647203 4
0.0159709243085 0.996898867634 0.000188676273084 0.996746041248 4
0.0162348419029 0.996732459292 0.000188676273084 0.996798995489 4
0.0164987594974 0.996483715008 0.000188676273084 0.996852490952 4
0.0167626770918 0.996893961017 0.000188676273084 0.99690650811 4
0.0170265946863 0.997001068279 0.000188676273084 0.996961026875 4
0.0172905122807 0.996943852516 0.000188676273084 0.99701602659 4
0.0175544298751 0.997245426593 0.000188676273084 0.997071486022 4
0.0178183474696 0.997274595908 0.000188676273084 0.997127383351 4
0.018082265064 0.997177017397 0.000188676273084 0.997183696165 4
0.0183461826585 0.997373902722 0.000188676273084 0.997240401448 4
0.0186101002529 0.997358861677 0.000188676273084 0.997297475574 4
0.0188740178474 0.997502406388 0.000188676273084 0.997354894298 4
0.0191379354418 0.997476059563 0.000188676273084 0.997412632748 4
0.0194018530362 0.997691045406 0.000188676273084 0.997470665415 4
0.0196657706307 0.997606878008 0.000188676273084 0.997528966146 4
0.0199296882251 0.997531951721 0.000188676273084 0.997587508135 4
0.0201936058196 0.997810146673 0.000188676273084 0.997646263915 4
0.020457523414 0.997875537802 0.000188676273084 0.997705205346 4
0.0207214410084 0.997518727682 0.000188676273084 0.99776430361 4
0.0209853586029 0.997754935278 0.000188676273084 0.9978235292 4
0.0212492761973 0.998090679047 0.000188676273084 0.997882851911 4
0.0215131937918 0.99784133962 0.000188676273084 0.997942240831 4
0.0217771113862 0.998041975566 0.000188676273084 0.99800166433 4
0.0220410289806 0.998077555494 0.000188676273084 0.998061090051 4
0.0223049465751 0.998383407669 0.000188676273084 0.9981204849 4
0.0225688641695 0.997983676021 0.000188676273084 0.998179815037 4
0.022832781764 0.998193376335 0.000188676273084 0.99823904586 4
0.0230966993584 0.99831281638 0.000188676273084 0.998298142001 4
0.0233606169528 0.998449402841 0.000188676273084 0.998357067309 4
0.0236245345473 0.998247665441 0.000188676273084 0.998415784839 4
0.0238884521417 0.99830962605 0.000188676273084 0.998474256841 4
0.0241523697362 0.998396260283 0.000188676273084 0.998532444747 4
0.0244162873306 0.998470135753 0.000188676273084 0.998590309152 4
0.0246802049251 0.99877642648 0.000188676273084 0.998647809806 4
0.0249441225195 0.99860245929 0.000188676273084 0.998704905595 4
0.0252080401139 0.998492158843 0.000188676273084 0.998761554526 4
0.0254719577084 0.998696209663 0.000188676273084 0.998817713708 4
0.0257358753028 0.999060061103 0.000188676273084 0.998873339333 4
0.0259997928973 0.998761593857 0.000188676273084 0.998928386658 4
0.0262637104917 0.998928317906 0.000188676273084 0.998982809984 4
0.0265276280861 0.999135518936 0.000188676273084 0.999036562628 4
0.0267915456806 0.999192642692 0.000188676273084 0.999089596903 4
0.027055463275 0.999362093329 0.000188676273084 0.99914186409 4
0.0273193808695 0.999178721695 0.000188676273084 0.999193314404 4
0.0275832984639 0.999188499316 0.000188676273084 0.999243896967 4
0.0278472160583 0.999269827114 0.000188676273084 0.999293559767 4
0.0281111336528 0.999432215622 0.000188676273084 0.999342249621 4
0.0283750512472 0.999236312578 0.000188676273084 0.999389912129 4
0.0286389688417 0.999332116864 0.000188676273084 0.999436491626 4
0.0289028864361 0.999773944768 0.000188676273084 0.999481931125 4
0.0291668040305 0.999674873633 0.000188676273084 0.999526172253 4
0.029430721625 0.999736355828 0.000188676273084 0.999569155178 4
0.0296946392194 0.999724794922 0.000188676273084 0.999610818532 4
0.0299585568139 0.99952916592 0.000188676273084 0.999651099307 4
0.0302224744083 0.999485873628 0.000188676273084 0.999689932747 4
0.0304863920028 0.999739774949 0.000188676273084 0.999727252218 4
0.0307503095972 0.999849461143 0.000188676273084 0.999762989044 4
0.0310142271916 0.99995629546 0.000188676273084 0.999797072325 4
0.0312781447861 1.00001269669 0.000188676273084 0.999829428696 4
0.0315420623805 0.999884907862 0.000188676273084 0.999859982038 4
0.031805979975 0.999764303952 0.000188676273084 0.999888653114 4
0.0320698975694 0.999676782182 0.000188676273084 0.999915359086 4
0.0323338151638 1.00025366253 0.000188676273084 0.999940012877 4
0.0325977327583 0.999963360724 0.000188676273084 0.999962522298 4
0.0328616503527 0.99988090655 0.000188676273084 0.999982788798 4
0.0331255679472 1.00018793111 0.000188676273084 1.00000070558 4
0.0333894855416 0.999927839671 0.000188676273084 1.0000161546 4
0.033653403136 0.999939703838 0.000188676273084 1.00002900133 4
0.0339173207305 0.999628250785 0.000188676273084 1.00003908431 4
0.0341812383249 1.00025844409 0.000188676273084 1.00004618963 4
0.0344451559194 1.00014795043 0.000188676273084 1.000049951 4
0.0347090735138 1.0000705184 0.000188676273084 1.00005027055 0
0.0349729911082 0.999932529872 0.000188676273084 1.00005027055 0
0.0352369087027 1.00008256186 0.000188676273084 1.00005027055 0
0.0355008262971 0.999719050088 0.000188676273084 1.00005027055 0
0.0357647438916 1.00002693232 0.000188676273084 1.00005027055 0
0.036028661486 1.00035504467 0.000188676273084 1.00005027055 0
0.0362925790805 0.999909560959 0.000188676273084 1.00005027055 0
0.0365564966749 1.00012234729 0.000188676273084 1.00005027055 0
0.0368204142693 1.00003767405 0.000188676273084 1.00005027055 0
0.0370843318638 1.00029544481 0.000188676273084 1.00005027055 0
0.0373482494582 1.00017739062 0.000188676273084 1.00005027055 0
0.0376121670527 0.999898250166 0.000188676273084 1.00005027055 0
0.0378760846471 1.00001513359 0.000188676273084 1.00005027055 0
0.0381400022415 1.0000054744 0.000188676273084 1.00005027055 0
0.038403919836 1.00004496702 0.000188676273084 1.00005027055 0
0.0386678374304 1.00014191455 0.000188676273084 1.00005027055 0
0.0389317550249 0.999711538907 0.000188676273084 1.00005027055 0
0.0391956726193 1.00008342392 0.000188676273084 1.00005027055 0
0.0394595902137 0.999905205689 0.000188676273084 1.00005027055 0
