-0.0633569321698 1.00020542268 0.000246385653491 0.999989144234 0.0
-0.0629320760192 0.999926257839 0.000246385653491 0.999989144234 0.0
-0.0625072198687 0.999887105329 0.000246385653491 0.999989144234 0.0
-0.0620823637181 0.999919647999 0.000246385653491 0.999989144234 0.0
-0.0616575075675 1.00021192647 0.000246385653491 0.999989144234 0.0
-0.0612326514169 1.00016631765 0.000246385653491 0.999989144234 0.0
-0.0608077952663 1.00004553219 0.000246385653491 0.999989144234 0.0
-0.0603829391157 1.00007434603 0.000246385653491 0.999989144234 0.0
-0.0599580829651 1.00030029535 0.000246385653491 0.999989144234 0.0
-0.0595332268145 0.99969622217 0.000246385653491 0.999989144234 0.0
-0.0591083706639 1.00025506088 0.000246385653491 0.999989144234 0.0
-0.0586835145133 0.999807638973 0.000246385653491 0.999989144234 0.0
-0.0582586583627 0.9994944171 0.000246385653491 0.999989144234 0.0
-0.0578338022121 0.999924538457 0.000246385653491 0.999989144234 0.0
-0.0574089460615 1.00005699108 0.000246385653491 0.999989144234 0.0
-0.0569840899109 0.999900099865 0.000246385653491 0.999989144234 0.0
-0.0565592337603 1.00030769737 0.000246385653491 0.999989144234 0.0
-0.0561343776097 1.00010881128 0.000246385653491 0.999989144234 0.0
-0.0557095214591 1.0001054222 0.000246385653491 0.999989144234 0.0
-0.0552846653085 0.999775255348 0.000246385653491 0.999989144234 0.0
-0.0548598091579 0.999698178127 0.000246385653491 0.999989144234 0.0
-0.0544349530074 0.999958004431 0.000246385653491 0.999989144234 0.0
-0.0540100968568 1.0002934332 0.000246385653491 0.999989144234 0.0
-0.0535852407062 1.00028440135 0.000246385653491 0.999989144234 0.0
-0.0531603845556 0.999780971428 0.000246385653491 0.999989144234 0.0
-0.052735528405 0.999768003926 0.000246385653491 0.999957798104 1.0
-0.0523106722544 0.999824562202 0.000246385653491 0.999840625597 1.0
-0.0518858161038 0.999853344947 0.000246385653491 0.999670465737 1.0
-0.0514609599532 0.999478795739 0.000246385653491 0.9994581446 1.0
-0.0510361038026 0.998697748074 0.000246385653491 0.999209738815 1.0
-0.050611247652 0.999032701039 0.000246385653491 0.998929506941 1.0
-0.0501863915014 0.998513200712 0.000246385653491 0.998620775168 1.0
-0.0497615353508 0.997997883295 0.000246385653491 0.998286318874 1.0
-0.0493366792002 0.998149446352 0.000246385653491 0.997928560087 1.0
-0.0489118230496 0.997939233139 0.000246385653491 0.997549682535 1.0
-0.048486966899 0.99731094203 0.000246385653491 0.997151704717 1.0
-0.0480621107484 0.996747844809 0.000246385653491 0.996736529627 1.0
-0.0476372545978 0.99653953589 0.000246385653491 0.996305980665 1.0
-0.0472123984472 0.995997803957 0.000246385653491 0.99586182904 1.0
-0.0467875422967 0.995367617161 0.000246385653491 0.995405815859 1.0
-0.0463626861461 0.994794960819 0.000246385653491 0.994939670937 1.0
-0.0459378299955 0.994932421776 0.000246385653491 0.994465129763 1.0
-0.0455129738449 0.993693294286 0.000246385653491 0.993983949722 1.0
-0.0450881176943 0.993386466937 0.000246385653491 0.993497926539 1.0
-0.0446632615437 0.993001999578 0.000246385653491 0.993008911884 1.0
-0.0442384053931 0.992464722654 0.000246385653491 0.992518833253 1.0
-0.0438135492425 0.991756190313 0.000246385653491 0.992029717519 1.0
-0.0433886930919 0.991820859985 0.000246385653491 0.991543720122 1.0
-0.0429638369413 0.991047703303 0.000246385653491 0.991063162842 1.0
-0.0425389807907 0.990042455419 0.000246385653491 0.990590584882 1.0
-0.0421141246401 0.990375325282 0.000246385653491 0.990128815261 1.0
-0.0416892684895 0.989568368834 0.000246385653491 0.98968108112 1.0
-0.0412644123389 0.989097672223 0.000246385653491 0.989251180837 1.0
-0.0408395561883 0.988778473988 0.000246385653491 0.988843786045 1.0
-0.0404147000377 0.988975906601 0.000246385653491 0.988465039067 1.0
-0.0399898438871 0.987983789522 0.000246385653491 0.988124004469 1.0
-0.0395649877365 0.987852093653 0.000246385653491 0.987838204503 1.0
-0.0391401315859 0.987382417775 0.000246385653491 0.987649723495 3.0
-0.0387152754354 0.987617846381 0.000246385653491 0.987488598339 3.0
-0.0382904192848 0.987560764083 0.000246385653491 0.987337952226 3.0
-0.0378655631342 0.986988492594 0.000246385653491 0.987195719793 3.0
-0.0374407069836 0.986938613681 0.000246385653491 0.987060621623 3.0
-0.037015850833 0.986559183763 0.000246385653491 0.986931755382 3.0
-0.0365909946824 0.987190377874 0.000246385653491 0.986808438919 3.0
-0.0361661385318 0.986021698277 0.000246385653491 0.986690133128 3.0
-0.0357412823812 0.986391307617 0.000246385653491 0.986576398536 3.0
-0.0353164262306 0.986508103679 0.000246385653491 0.986466868564 3.0
-0.03489157008 0.986226004085 0.000246385653491 0.986361231971 3.0
-0.0344667139294 0.986525233425 0.000246385653491 0.986259220744 3.0
-0.0340418577788 0.986273844607 0.000246385653491 0.986160601418 3.0
-0.0336170016282 0.98629477757 0.000246385653491 0.986065168657 3.0
-0.0331921454776 0.986033781447 0.000246385653491 0.985972740382 3.0
-0.032767289327 0.985664549892 0.000246385653491 0.985883154 3.0
-0.0323424331764 0.986425805593 0.000246385653491 0.985796263424 3.0
-0.0319175770258 0.985626127024 0.000246385653491 0.98571193669 3.0
-0.0314927208752 0.985566385396 0.000246385653491 0.985630054011 3.0
-0.0310678647247 0.985457611259 0.000246385653491 0.985550506195 3.0
-0.0306430085741 0.985521941492 0.000246385653491 0.985473193315 3.0
-0.0302181524235 0.985710922019 0.000246385653491 0.985398023605 3.0
-0.0297932962729 0.984992177856 0.000246385653491 0.985324912523 3.0
-0.0293684401223 0.985622916141 0.000246385653491 0.985253781957 3.0
-0.0289435839717 0.985160172634 0.000246385653491 0.98518455954 3.0
-0.0285187278211 0.985163553095 0.000246385653491 0.985117178064 3.0
-0.0280938716705 0.985488052471 0.000246385653491 0.985051574971 3.0
-0.0276690155199 0.985202195195 0.000246385653491 0.984987691906 3.0
-0.0272441593693 0.984862741328 0.000246385653491 0.984925474332 3.0
-0.0268193032187 0.984944487642 0.000246385653491 0.984864871185 3.0
-0.0263944470681 0.984882437244 0.000246385653491 0.984805834574 3.0
-0.0259695909175 0.984688047319 0.000246385653491 0.984748319512 3.0
-0.0255447347669 0.984962695488 0.000246385653491 0.984692283681 3.0
-0.0251198786163 0.984556209331 0.000246385653491 0.984637687215 3.0
-0.0246950224657 0.984713816804 0.000246385653491 0.984584492516 3.0
-0.0242701663151 0.984470897865 0.000246385653491 0.984532664076 3.0
-0.0238453101645 0.984283345321 0.000246385653491 0.984482168329 3.0
-0.0234204540139 0.984492601026 0.000246385653491 0.984432973509 3.0
-0.0229955978634 0.984411776063 0.000246385653491 0.984385049526 3.0
-0.0225707417128 0.984386734608 0.000246385653491 0.98433836785 3.0
-0.0221458855622 0.984223341661 0.000246385653491 0.98429290141 3.0
-0.0217210294116 0.984469944172 0.000246385653491 0.984248624497 3.0
-0.021296173261 0.984230784776 0.000246385653491 0.984205512679 3.0
-0.0208713171104 0.984017714331 0.000246385653491 0.984163542724 3.0
-0.0204464609598 0.984158030222 0.000246385653491 0.984122692522 3.0
-0.0200216048092 0.984318190278 0.000246385653491 0.984082941024 3.0
-0.0195967486586 0.983893780535 0.000246385653491 0.984044268179 3.0
-0.019171892508 0.983929993461 0.000246385653491 0.984006654878 3.0
-0.0187470363574 0.983653917492 0.000246385653491 0.983970082903 3.0
-0.0183221802068 0.983626316356 0.000246385653491 0.983934534875 3.0
-0.0178973240562 0.983727813541 0.000246385653491 0.983899994216 3.0
-0.0174724679056 0.984066110901 0.000246385653491 0.983866445105 3.0
-0.017047611755 0.983625963384 0.000246385653491 0.983833872438 3.0
-0.0166227556044 0.983643093592 0.000246385653491 0.983802261795 3.0
-0.0161978994538 0.983661838988 0.000246385653491 0.983771599409 3.0
-0.0157730433032 0.983752225686 0.000246385653491 0.983741872132 3.0
-0.0153481871527 0.983825918255 0.000246385653491 0.983713067407 3.0
-0.0149233310021 0.983416839079 0.000246385653491 0.983685173245 3.0
-0.0144984748515 0.983659179545 0.000246385653491 0.983658178198 3.0
-0.0140736187009 0.983804881419 0.000246385653491 0.983632071335 3.0
-0.0136487625503 0.983557693728 0.000246385653491 0.983606842224 3.0
-0.0132239063997 0.983780129767 0.000246385653491 0.983582480907 3.0
-0.0127990502491 0.983321832703 0.000246385653491 0.983558977886 3.0
-0.0123741940985 0.983214613754 0.000246385653491 0.983536324105 3.0
-0.0119493379479 0.983632852725 0.000246385653491 0.98351451093 3.0
-0.0115244817973 0.983749991439 0.000246385653491 0.983493530139 3.0
-0.0110996256467 0.983568323892 0.000246385653491 0.983473373903 3.0
-0.0106747694961 0.983768291765 0.000246385653491 0.983454034775 3.0
-0.0102499133455 0.983194619357 0.000246385653491 0.983435505678 3.0
-0.00982505719492 0.983046695105 0.000246385653491 0.983417779892 3.0
-0.00940020104433 0.98299815165 0.000246385653491 0.983400851044 3.0
-0.00897534489373 0.982839749824 0.000246385653491 0.983384713097 3.0
-0.00855048874314 0.983425894043 0.000246385653491 0.983369360343 3.0
-0.00812563259254 0.983540618101 0.000246385653491 0.98335478739 3.0
-0.00770077644195 0.983379766391 0.000246385653491 0.983340989156 3.0
-0.00727592029136 0.983664027731 0.000246385653491 0.983327960863 3.0
-0.00685106414076 0.983283402669 0.000246385653491 0.983315698026 3.0
-0.00642620799017 0.983478823036 0.000246385653491 0.98330419645 3.0
-0.00600135183957 0.983549787042 0.000246385653491 0.983293452221 3.0
-0.00557649568898 0.983190674109 0.000246385653491 0.983283461704 3.0
-0.00515163953838 0.983466356496 0.000246385653491 0.983274221534 3.0
-0.00472678338779 0.983328874475 0.000246385653491 0.983265728611 3.0
-0.00430192723719 0.983473046505 0.000246385653491 0.983257980101 3.0
-0.0038770710866 0.982945251302 0.000246385653491 0.983250973425 3.0
-0.003452214936 0.983120523154 0.000246385653491 0.983244706261 3.0
-0.00302735878541 0.983671526545 0.000246385653491 0.983239176537 3.0
-0.00260250263481 0.983120580154 0.000246385653491 0.983234382431 3.0
-0.00217764648422 0.983084514033 0.000246385653491 0.983230322367 3.0
-0.00175279033363 0.983191906753 0.000246385653491 0.983226995013 3.0
-0.00132793418303 0.983263102251 0.000246385653491 0.983224399278 3.0
-0.000903078032436 0.983244829714 0.000246385653491 0.983222534314 3.0
-0.000478221881842 0.983233822112 0.000246385653491 0.983221399511 3.0
-5.33657312469e-05 0.98266755724 0.000246385653491 0.983220994498 3.0
0.000371490419348 0.983251185575 0.000246385653491 0.983221319144 3.0
0.000796346569942 0.983103273228 0.000246385653491 0.983222373554 3.0
0.00122120272054 0.983116775416 0.000246385653491 0.983224158073 3.0
0.00164605887113 0.983600572841 0.000246385653491 0.983226673284 3.0
0.00207091502173 0.983603210732 0.000246385653491 0.983229920009 3.0
0.00249577117232 0.982876565715 0.000246385653491 0.983233899311 3.0
0.00292062732292 0.983596528319 0.000246385653491 0.983238612497 3.0
0.00334548347351 0.982876415923 0.000246385653491 0.983244061115 3.0
0.0037703396241 0.983452086159 0.000246385653491 0.98325024696 3.0
0.0041951957747 0.983678370719 0.000246385653491 0.983257172077 3.0
0.00462005192529 0.983553161926 0.000246385653491 0.98326483876 3.0
0.00504490807589 0.983706557945 0.000246385653491 0.983273249559 3.0
0.00546976422648 0.983342043876 0.000246385653491 0.983282407281 3.0
0.00589462037708 0.98344641057 0.000246385653491 0.983292314995 3.0
0.00631947652767 0.983611423952 0.000246385653491 0.983302976036 3.0
0.00674433267827 0.983220259562 0.000246385653491 0.983314394012 3.0
0.00716918882886 0.983742422549 0.000246385653491 0.983326572803 3.0
0.00759404497946 0.983138925248 0.000246385653491 0.983339516575 3.0
0.00801890113005 0.98268040358 0.000246385653491 0.983353229779 3.0
0.00844375728064 0.983808393578 0.000246385653491 0.983367717161 3.0
0.00886861343124 0.983163627062 0.000246385653491 0.983382983769 3.0
0.00929346958183 0.983734705338 0.000246385653491 0.983399034961 3.0
0.00971832573243 0.982912704728 0.000246385653491 0.983415876409 3.0
0.010143181883 0.983356593602 0.000246385653491 0.983433514114 3.0
0.0105680380336 0.983401924064 0.000246385653491 0.983451954412 3.0
0.0109928941842 0.983631484134 0.000246385653491 0.983471203983 3.0
0.0114177503348 0.983191977563 0.000246385653491 0.983491269865 3.0
0.0118426064854 0.9830617394 0.000246385653491 0.983512159463 3.0
0.012267462636 0.983275043865 0.000246385653491 0.983533880563 3.0
0.0126923187866 0.983506480654 0.000246385653491 0.983556441345 3.0
0.0131171749372 0.983591003761 0.000246385653491 0.983579850394 3.0
0.0135420310878 0.983701060765 0.000246385653491 0.983604116721 3.0
0.0139668872384 0.983710532969 0.000246385653491 0.983629249775 3.0
0.014391743389 0.983814103742 0.000246385653491 0.98365525946 3.0
0.0148165995396 0.983819704909 0.000246385653491 0.983682156156 3.0
0.0152414556902 0.983781777972 0.000246385653491 0.983709950738 3.0
0.0156663118408 0.984021532666 0.000246385653491 0.983738654595 3.0
0.0160911679913 0.983657369881 0.000246385653491 0.983768279658 3.0
0.0165160241419 0.983489827388 0.000246385653491 0.983798838419 3.0
0.0169408802925 0.984458033544 0.000246385653491 0.983830343957 3.0
0.0173657364431 0.984073765082 0.000246385653491 0.983862809972 3.0
0.0177905925937 0.983016621191 0.000246385653491 0.983896250811 3.0
0.0182154487443 0.984034627694 0.000246385653491 0.983930681499 3.0
0.0186403048949 0.983546286004 0.000246385653491 0.983966117776 3.0
0.0190651610455 0.984251284332 0.000246385653491 0.984002576138 3.0
0.0194900171961 0.98401725524 0.000246385653491 0.98404007387 3.0
0.0199148733467 0.984316726022 0.000246385653491 0.984078629097 3.0
0.0203397294973 0.98411286489 0.000246385653491 0.984118260827 3.0
0.0207645856479 0.983800442141 0.000246385653491 0.984158989005 3.0
0.0211894417985 0.984659398322 0.000246385653491 0.984200834568 3.0
0.0216142979491 0.983979838857 0.000246385653491 0.984243819503 3.0
0.0220391540997 0.984404320503 0.000246385653491 0.984287966917 3.0
0.0224640102503 0.984367082687 0.000246385653491 0.984333301107 3.0
0.0228888664009 0.984116523983 0.000246385653491 0.984379847636 3.0
0.0233137225515 0.984539409454 0.000246385653491 0.984427633421 3.0
0.0237385787021 0.984457482489 0.000246385653491 0.984476686826 3.0
0.0241634348526 0.984876996812 0.000246385653491 0.984527037764 3.0
0.0245882910032 0.984139824201 0.000246385653491 0.98457871781 3.0
0.0250131471538 0.98463273527 0.000246385653491 0.984631760326 3.0
0.0254380033044 0.984050090566 0.000246385653491 0.984686200598 3.0
0.025862859455 0.984446874999 0.000246385653491 0.984742075986 3.0
0.0262877156056 0.984732867903 0.000246385653491 0.984799426098 3.0
0.0267125717562 0.985287134456 0.000246385653491 0.984858292972 3.0
0.0271374279068 0.985032724519 0.000246385653491 0.984918721289 3.0
0.0275622840574 0.985062858341 0.000246385653491 0.984980758608 3.0
0.027987140208 0.984601265286 0.000246385653491 0.985044455629 3.0
0.0284119963586 0.985339712442 0.000246385653491 0.985109866491 3.0
0.0288368525092 0.98523437041 0.000246385653491 0.98517704911 3.0
0.0292617086598 0.985269798813 0.000246385653491 0.985246065561 3.0
0.0296865648104 0.985737364665 0.000246385653491 0.985316982516 3.0
0.030111420961 0.98537173826 0.000246385653491 0.985389871746 3.0
0.0305362771116 0.985650254889 0.000246385653491 0.985464810699 3.0
0.0309611332622 0.985132315542 0.000246385653491 0.985541883172 3.0
0.0313859894128 0.985644274376 0.000246385653491 0.985621180093 3.0
0.0318108455633 0.985505884829 0.000246385653491 0.985702800437 3.0
0.0322357017139 0.986131138567 0.000246385653491 0.985786852318 3.0
0.0326605578645 0.985750441239 0.000246385653491 0.985873454282 3.0
0.0330854140151 0.98587087063 0.000246385653491 0.985962736864 3.0
0.0335102701657 0.985818794957 0.000246385653491 0.986054844488 3.0
0.0339351263163 0.986291781923 0.000246385653491 0.986149937795 3.0
0.0343599824669 0.986316259758 0.000246385653491 0.98624819655 3.0
0.0347848386175 0.986118790516 0.000246385653491 0.986349823311 3.0
0.0352096947681 0.986455388613 0.000246385653491 0.986455048164 3.0
0.0356345509187 0.986750523073 0.000246385653491 0.986564134939 3.0
0.0360594070693 0.986302157943 0.000246385653491 0.9866773896 3.0
0.0364842632199 0.986707066237 0.000246385653491 0.986795171892 3.0
0.0369091193705 0.986963997044 0.000246385653491 0.986917912162 3.0
0.0373339755211 0.987100743252 0.000246385653491 0.98704613681 3.0
0.0377588316717 0.987523884205 0.000246385653491 0.987180509295 3.0
0.0381836878223 0.987349515328 0.000246385653491 0.987321902134 3.0
0.0386085439729 0.987558367116 0.000246385653491 0.987471540701 3.0
0.0390334001235 0.987503969886 0.000246385653491 0.987631363974 3.0
0.0394582562741 0.987986136664 0.000246385653491 0.987811909792 2.0
0.0398831124246 0.987865835099 0.000246385653491 0.988089336068 2.0
0.0403079685752 0.988555160817 0.000246385653491 0.988425420804 2.0
0.0407328247258 0.989159462933 0.000246385653491 0.988800535772 2.0
0.0411576808764 0.989443200257 0.000246385653491 0.989205111807 2.0
0.041582537027 0.989683651161 0.000246385653491 0.989632782229 2.0
0.0420073931776 0.990222923504 0.000246385653491 0.990078750885 2.0
0.0424322493282 0.9902921253 0.000246385653491 0.990539141346 2.0
0.0428571054788 0.991102266269 0.000246385653491 0.991010673635 2.0
0.0432819616294 0.991443699352 0.000246385653491 0.991490481044 2.0
0.04370681778 0.991855518763 0.000246385653491 0.99197599649 2.0
0.0441316739306 0.992447069603 0.000246385653491 0.992464877052 2.0
0.0445565300812 0.992662156169 0.000246385653491 0.992954951013 2.0
0.0449813862318 0.993610185194 0.000246385653491 0.993444178894 2.0
0.0454062423824 0.993727712263 0.000246385653491 0.993930623492 2.0
0.045831098533 0.994631914388 0.000246385653491 0.994412425811 2.0
0.0462559546836 0.994480031983 0.000246385653491 0.994887784862 2.0
0.0466808108342 0.995280974334 0.000246385653491 0.995354939852 2.0
0.0471056669848 0.996142161052 0.000246385653491 0.995812153672 2.0
0.0475305231353 0.996717285061 0.000246385653491 0.996257696692 2.0
0.0479553792859 0.996304533406 0.000246385653491 0.996689829927 2.0
0.0483802354365 0.996433183798 0.000246385653491 0.997106786491 2.0
0.0488050915871 0.998029864028 0.000246385653491 0.997506749956 2.0
0.0492299477377 0.997730967203 0.000246385653491 0.997887827666 2.0
0.0496548038883 0.998302141052 0.000246385653491 0.998248015969 2.0
0.0500796600389 0.998593804013 0.000246385653491 0.998585152378 2.0
0.0505045161895 0.998728979634 0.000246385653491 0.998896845756 2.0
0.0509293723401 0.999080654089 0.000246385653491 0.999180367293 2.0
0.0513542284907 1.00013747652 0.000246385653491 0.999432465387 2.0
0.0517790846413 0.999464508636 0.000246385653491 0.999649013386 2.0
0.0522039407919 1.0000075852 0.000246385653491 0.999824212375 2.0
0.0526287969425 0.999608227206 0.000246385653491 0.999948097917 2.0
0.0530536530931 0.999840423349 0.000246385653491 0.999989144234 0.0
0.0534785092437 0.999879019521 0.000246385653491 0.999989144234 0.0
0.0539033653943 1.00021172014 0.000246385653491 0.999989144234 0.0
0.0543282215449 0.999741830555 0.000246385653491 0.999989144234 0.0
0.0547530776955 1.00026069644 0.000246385653491 0.999989144234 0.0
0.0551779338461 0.999438610906 0.000246385653491 0.999989144234 0.0
0.0556027899966 0.999839125201 0.000246385653491 0.999989144234 0.0
0.0560276461472 0.999893546934 0.000246385653491 0.999989144234 0.0
0.0564525022978 1.00031331878 0.000246385653491 0.999989144234 0.0
0.0568773584484 1.00002005589 0.000246385653491 0.999989144234 0.0
0.057302214599 0.999781066366 0.000246385653491 0.999989144234 0.0
0.0577270707496 1.0000658837 0.000246385653491 0.999989144234 0.0
0.0581519269002 0.999814010242 0.000246385653491 0.999989144234 0.0
0.0585767830508 0.999688476486 0.000246385653491 0.999989144234 0.0
0.0590016392014 1.00008140728 0.000246385653491 0.999989144234 0.0
0.059426495352 1.00003200056 0.000246385653491 0.999989144234 0.0
0.0598513515026 1.00018673824 0.000246385653491 0.999989144234 0.0
0.0602762076532 0.99981507606 0.000246385653491 0.999989144234 0.0
0.0607010638038 1.00026418809 0.000246385653491 0.999989144234 0.0
0.0611259199544 1.00020988972 0.000246385653491 0.999989144234 0.0
0.061550776105 1.00011225425 0.000246385653491 0.999989144234 0.0
0.0619756322556 1.00051861947 0.000246385653491 0.999989144234 0.0
0.0624004884062 0.999998149949 0.000246385653491 0.999989144234 0.0
0.0628253445568 0.99982912188 0.000246385653491 0.999989144234 0.0
0.0632502007073 0.999726756877 0.000246385653491 0.999989144234 0.0
0.0636750568579 0.999879802991 0.000246385653491 0.999989144234 0.0
