-0.0539127184463 0.998226942142 0.00141494913411 1.00021360728 0.0
-0.0534822851433 1.00005534505 0.00141494913411 1.00021360728 0.0
-0.0530518518404 0.999493271839 0.00141494913411 1.00021360728 0.0
-0.0526214185375 1.00112316808 0.00141494913411 1.00021360728 0.0
-0.0521909852345 1.00079776234 0.00141494913411 1.00021360728 0.0
-0.0517605519316 1.00123747818 0.00141494913411 1.00021360728 0.0
-0.0513301186287 0.999020103936 0.00141494913411 1.00021360728 0.0
-0.0508996853257 0.998235677208 0.00141494913411 1.00021360728 0.0
-0.0504692520228 1.00139790752 0.00141494913411 1.00021360728 0.0
-0.0500388187199 0.999809478626 0.00141494913411 1.00021360728 0.0
-0.0496083854169 0.999982801233 0.00141494913411 1.00021360728 0.0
-0.049177952114 0.996417530599 0.00141494913411 1.00021360728 0.0
-0.0487475188111 1.00022588128 0.00141494913411 1.00021360728 0.0
-0.0483170855081 0.999615519118 0.00141494913411 1.00021360728 0.0
-0.0478866522052 1.00024921166 0.00141494913411 1.00021360728 0.0
-0.0474562189023 0.99916559846 0.00141494913411 1.00021360728 0.0
-0.0470257855993 1.00153584694 0.00141494913411 1.00021360728 0.0
-0.0465953522964 1.00293023653 0.00141494913411 1.00021360728 0.0
-0.0461649189935 1.00005552364 0.00141494913411 1.00021360728 0.0
-0.0457344856905 1.00201284079 0.00141494913411 1.00021360728 0.0
-0.0453040523876 1.00081710128 0.00141494913411 1.00021360728 0.0
-0.0448736190847 0.998254081492 0.00141494913411 1.00021360728 0.0
-0.0444431857817 0.998850415328 0.00141494913411 1.00021360728 0.0
-0.0440127524788 1.00053128451 0.00141494913411 1.00020583628 1.0
-0.0435823191759 0.999285372161 0.00141494913411 1.00009209912 1.0
-0.0431518858729 1.00012273955 0.00141494913411 0.999911346557 1.0
-0.04272145257 1.00218637028 0.00141494913411 0.999684276932 1.0
-0.0422910192671 0.999182322139 0.00141494913411 0.999420012626 1.0
-0.0418605859641 0.999515505587 0.00141494913411 0.999124225287 1.0
-0.0414301526612 0.998622263121 0.00141494913411 0.998800968421 1.0
-0.0409997193583 0.997662230063 0.00141494913411 0.998453382123 1.0
-0.0405692860553 0.997016195788 0.00141494913411 0.998084032614 1.0
-0.0401388527524 0.999162465999 0.00141494913411 0.997695099341 1.0
-0.0397084194495 0.99782298271 0.00141494913411 0.997288487881 1.0
-0.0392779861465 0.997900668899 0.00141494913411 0.996865902745 1.0
-0.0388475528436 0.995411535465 0.00141494913411 0.996428896773 1.0
-0.0384171195407 0.995998421832 0.00141494913411 0.995978906022 1.0
-0.0379866862377 0.996414216866 0.00141494913411 0.995517275261 1.0
-0.0375562529348 0.995904257446 0.00141494913411 0.995045277126 1.0
-0.0371258196319 0.993668473141 0.00141494913411 0.994564126874 1.0
-0.0366953863289 0.993592000565 0.00141494913411 0.994074994023 1.0
-0.036264953026 0.994269825275 0.00141494913411 0.993579011704 1.0
-0.0358345197231 0.991019132917 0.00141494913411 0.993077284368 1.0
-0.0354040864202 0.991190915924 0.00141494913411 0.992570894241 1.0
-0.0349736531172 0.99294156924 0.00141494913411 0.992060906877 1.0
-0.0345432198143 0.993334981224 0.00141494913411 0.991548376045 1.0
-0.0341127865114 0.989939491935 0.00141494913411 0.991034348144 1.0
-0.0336823532084 0.989715159111 0.00141494913411 0.990519866321 1.0
-0.0332519199055 0.990061654779 0.00141494913411 0.990005974433 1.0
-0.0328214866026 0.98923267562 0.00141494913411 0.989493720995 1.0
-0.0323910532996 0.990146190051 0.00141494913411 0.988984163262 1.0
-0.0319606199967 0.989425683669 0.00141494913411 0.988478371598 1.0
-0.0315301866938 0.988530278601 0.00141494913411 0.987977434325 1.0
-0.0310997533908 0.987318012281 0.00141494913411 0.987482463279 1.0
-0.0306693200879 0.989447255619 0.00141494913411 0.986994600374 1.0
-0.030238886785 0.987685264471 0.00141494913411 0.986515025598 1.0
-0.029808453482 0.982921637053 0.00141494913411 0.986044966999 1.0
-0.0293780201791 0.983187515873 0.00141494913411 0.985585713513 1.0
-0.0289475868762 0.983460414696 0.00141494913411 0.985138631892 1.0
-0.0285171535732 0.98566323626 0.00141494913411 0.984705189707 1.0
-0.0280867202703 0.98466050931 0.00141494913411 0.984286987638 1.0
-0.0276562869674 0.983676041615 0.00141494913411 0.983885806588 1.0
-0.0272258536644 0.981288958318 0.00141494913411 0.983503679704 1.0
-0.0267954203615 0.984713326388 0.00141494913411 0.983143009269 1.0
-0.0263649870586 0.982574801586 0.00141494913411 0.982806772284 1.0
-0.0259345537556 0.983977443539 0.00141494913411 0.982498926163 1.0
-0.0255041204527 0.982478457692 0.00141494913411 0.982225370494 1.0
-0.0250736871498 0.981602847398 0.00141494913411 0.981997227528 1.0
-0.0246432538468 0.980309126017 0.00141494913411 0.981850664143 3.0
-0.0242128205439 0.985998882532 0.00141494913411 0.981734622047 3.0
-0.023782387241 0.979296778314 0.00141494913411 0.981620615932 3.0
-0.023351953938 0.985108732896 0.00141494913411 0.981508645805 3.0
-0.0229215206351 0.980029685799 0.00141494913411 0.981398711676 3.0
-0.0224910873322 0.980494778364 0.00141494913411 0.981290813553 3.0
-0.0220606540292 0.981066807175 0.00141494913411 0.981184951444 3.0
-0.0216302207263 0.981320650907 0.00141494913411 0.981081125357 3.0
-0.0211997874234 0.983695046517 0.00141494913411 0.9809793353 3.0
-0.0207693541204 0.979450698831 0.00141494913411 0.980879581281 3.0
-0.0203389208175 0.981987866563 0.00141494913411 0.980781863307 3.0
-0.0199084875146 0.978143270306 0.00141494913411 0.980686181386 3.0
-0.0194780542116 0.978950000599 0.00141494913411 0.980592535525 3.0
-0.0190476209087 0.979504242004 0.00141494913411 0.980500925731 3.0
-0.0186171876058 0.978653886831 0.00141494913411 0.980411352011 3.0
-0.0181867543028 0.977980271992 0.00141494913411 0.980323814372 3.0
-0.0177563209999 0.978567102233 0.00141494913411 0.98023831282 3.0
-0.017325887697 0.982063179135 0.00141494913411 0.980154847363 3.0
-0.016895454394 0.982233145367 0.00141494913411 0.980073418006 3.0
-0.0164650210911 0.981418281402 0.00141494913411 0.979994024755 3.0
-0.0160345877882 0.981253095443 0.00141494913411 0.979916667617 3.0
-0.0156041544853 0.979210810895 0.00141494913411 0.979841346598 3.0
-0.0151737211823 0.977018760306 0.00141494913411 0.979768061703 3.0
-0.0147432878794 0.981373952358 0.00141494913411 0.979696812937 3.0
-0.0143128545765 0.980995878027 0.00141494913411 0.979627600307 3.0
-0.0138824212735 0.979735143102 0.00141494913411 0.979560423817 3.0
-0.0134519879706 0.979317588467 0.00141494913411 0.979495283473 3.0
-0.0130215546677 0.982175716267 0.00141494913411 0.979432179279 3.0
-0.0125911213647 0.980562784038 0.00141494913411 0.979371111241 3.0
-0.0121606880618 0.977159807249 0.00141494913411 0.979312079362 3.0
-0.0117302547589 0.979288846518 0.00141494913411 0.979255083648 3.0
-0.0112998214559 0.979651652442 0.00141494913411 0.979200124103 3.0
-0.010869388153 0.979198724448 0.00141494913411 0.979147200731 3.0
-0.0104389548501 0.979687715142 0.00141494913411 0.979096313536 3.0
-0.0100085215471 0.978496410386 0.00141494913411 0.979047462521 3.0
-0.0095780882442 0.977085785103 0.00141494913411 0.979000647691 3.0
-0.00914765494126 0.979003338769 0.00141494913411 0.978955869049 3.0
-0.00871722163833 0.979563545968 0.00141494913411 0.978913126599 3.0
-0.0082867883354 0.97891204393 0.00141494913411 0.978872420343 3.0
-0.00785635503247 0.978133964407 0.00141494913411 0.978833750286 3.0
-0.00742592172953 0.977049202155 0.00141494913411 0.978797116429 3.0
-0.0069954884266 0.979624719689 0.00141494913411 0.978762518775 3.0
-0.00656505512367 0.979340515378 0.00141494913411 0.978729957328 3.0
-0.00613462182073 0.977941391415 0.00141494913411 0.97869943209 3.0
-0.0057041885178 0.979856232749 0.00141494913411 0.978670943062 3.0
-0.00527375521487 0.978803954098 0.00141494913411 0.978644490248 3.0
-0.00484332191194 0.977633567625 0.00141494913411 0.978620073649 3.0
-0.004412888609 0.978345166495 0.00141494913411 0.978597693267 3.0
-0.00398245530607 0.978078415834 0.00141494913411 0.978577349104 3.0
-0.00355202200314 0.977850289668 0.00141494913411 0.97855904116 3.0
-0.00312158870021 0.979338760645 0.00141494913411 0.978542769439 3.0
-0.00269115539727 0.977301809138 0.00141494913411 0.978528533941 3.0
-0.00226072209434 0.978593627849 0.00141494913411 0.978516334666 3.0
-0.00183028879141 0.97983386868 0.00141494913411 0.978506171616 3.0
-0.00139985548848 0.978238090193 0.00141494913411 0.978498044792 3.0
-0.000969422185544 0.980206986147 0.00141494913411 0.978491954195 3.0
-0.000538988882611 0.977617399802 0.00141494913411 0.978487899824 3.0
-0.000108555579679 0.975732626692 0.00141494913411 0.97848588168 3.0
0.000321877723254 0.978391286342 0.00141494913411 0.978485899764 3.0
0.000752311026186 0.978201422032 0.00141494913411 0.978487954074 3.0
0.00118274432912 0.980530112915 0.00141494913411 0.978492044612 3.0
0.00161317763205 0.980907323765 0.00141494913411 0.978498171377 3.0
0.00204361093498 0.976716288019 0.00141494913411 0.978506334367 3.0
0.00247404423792 0.979263357973 0.00141494913411 0.978516533584 3.0
0.00290447754085 0.978031457186 0.00141494913411 0.978528769025 3.0
0.00333491084378 0.978269717645 0.00141494913411 0.978543040691 3.0
0.00376534414671 0.977747075262 0.00141494913411 0.978559348579 3.0
0.00419577744965 0.977615460233 0.00141494913411 0.978577692689 3.0
0.00462621075258 0.979466434519 0.00141494913411 0.978598073019 3.0
0.00505664405551 0.977710039456 0.00141494913411 0.978620489568 3.0
0.00548707735844 0.980737846653 0.00141494913411 0.978644942333 3.0
0.00591751066138 0.979539191674 0.00141494913411 0.978671431314 3.0
0.00634794396431 0.978039228171 0.00141494913411 0.978699956509 3.0
0.00677837726724 0.976717243047 0.00141494913411 0.978730517914 3.0
0.00720881057017 0.98053098967 0.00141494913411 0.978763115527 3.0
0.00763924387311 0.979081022176 0.00141494913411 0.978797749347 3.0
0.00806967717604 0.980534914684 0.00141494913411 0.97883441937 3.0
0.00850011047897 0.978151806171 0.00141494913411 0.978873125595 3.0
0.00893054378191 0.97763568951 0.00141494913411 0.978913868017 3.0
0.00936097708484 0.978416654777 0.00141494913411 0.978956646633 3.0
0.00979141038777 0.979637032016 0.00141494913411 0.979001461441 3.0
0.0102218436907 0.976778879672 0.00141494913411 0.979048312437 3.0
0.0106522769936 0.979813019281 0.00141494913411 0.979097199618 3.0
0.0110827102966 0.978814967544 0.00141494913411 0.979148122979 3.0
0.0115131435995 0.976852513724 0.00141494913411 0.979201082517 3.0
0.0119435769024 0.977749473198 0.00141494913411 0.979256078229 3.0
0.0123740102054 0.979371663028 0.00141494913411 0.979313110108 3.0
0.0128044435083 0.982651483629 0.00141494913411 0.979372178153 3.0
0.0132348768112 0.981182336505 0.00141494913411 0.979433282357 3.0
0.0136653101142 0.978698515998 0.00141494913411 0.979496422716 3.0
0.0140957434171 0.979009178901 0.00141494913411 0.979561599226 3.0
0.01452617672 0.981292032959 0.00141494913411 0.979628811881 3.0
0.014956610023 0.977432146729 0.00141494913411 0.979698060676 3.0
0.0153870433259 0.982303218385 0.00141494913411 0.979769345607 3.0
0.0158174766288 0.979841221948 0.00141494913411 0.979842666667 3.0
0.0162479099318 0.97907254021 0.00141494913411 0.979918023852 3.0
0.0166783432347 0.981816563098 0.00141494913411 0.979995417155 3.0
0.0171087765376 0.980822074477 0.00141494913411 0.98007484657 3.0
0.0175392098406 0.97976255265 0.00141494913411 0.980156312092 3.0
0.0179696431435 0.980613354614 0.00141494913411 0.980239813714 3.0
0.0184000764464 0.981381482873 0.00141494913411 0.98032535143 3.0
0.0188305097494 0.982508985394 0.00141494913411 0.980412925233 3.0
0.0192609430523 0.982459844128 0.00141494913411 0.980502535117 3.0
0.0196913763552 0.979381348743 0.00141494913411 0.980594181076 3.0
0.0201218096582 0.980797637819 0.00141494913411 0.980687863101 3.0
0.0205522429611 0.978375584974 0.00141494913411 0.980783581186 3.0
0.020982676264 0.979589441961 0.00141494913411 0.980881335323 3.0
0.0214131095669 0.978711762955 0.00141494913411 0.980981125506 3.0
0.0218435428699 0.97939143786 0.00141494913411 0.981082951727 3.0
0.0222739761728 0.984501132027 0.00141494913411 0.981186813977 3.0
0.0227044094757 0.983566795117 0.00141494913411 0.981292712249 3.0
0.0231348427787 0.979390330426 0.00141494913411 0.981400646535 3.0
0.0235652760816 0.980957096936 0.00141494913411 0.981510616827 3.0
0.0239957093845 0.981702054965 0.00141494913411 0.981622623116 3.0
0.0244261426875 0.98136484211 0.00141494913411 0.981736665394 3.0
0.0248565759904 0.980891894702 0.00141494913411 0.981852743652 3.0
0.0252870092933 0.981465658024 0.00141494913411 0.982000756455 2.0
0.0257174425963 0.982275701081 0.00141494913411 0.982229880258 2.0
0.0261478758992 0.982335944174 0.00141494913411 0.98250411674 2.0
0.0265783092021 0.98306542924 0.00141494913411 0.982812510487 2.0
0.0270087425051 0.984192982432 0.00141494913411 0.983149212177 2.0
0.027439175808 0.984665089244 0.00141494913411 0.98351028756 2.0
0.0278696091109 0.985964577221 0.00141494913411 0.983892772512 2.0
0.0283000424139 0.983042248903 0.00141494913411 0.984294272737 2.0
0.0287304757168 0.986591171866 0.00141494913411 0.984712760412 2.0
0.0291609090197 0.983347168474 0.00141494913411 0.985146458368 2.0
0.0295913423227 0.984270091532 0.00141494913411 0.985593768645 2.0
0.0300217756256 0.985425064426 0.00141494913411 0.986053225711 2.0
0.0304522089285 0.985850389131 0.00141494913411 0.986523464375 2.0
0.0308826422315 0.987201758301 0.00141494913411 0.987003196916 2.0
0.0313130755344 0.990885564806 0.00141494913411 0.987491196241 2.0
0.0317435088373 0.987367417808 0.00141494913411 0.987986283119 2.0
0.0321739421403 0.98800649856 0.00141494913411 0.988487316234 2.0
0.0326043754432 0.988271698389 0.00141494913411 0.988993184222 2.0
0.0330348087461 0.989991454418 0.00141494913411 0.989502799127 2.0
0.0334652420491 0.987761377816 0.00141494913411 0.990015090858 2.0
0.033895675352 0.992870993458 0.00141494913411 0.990529002351 2.0
0.0343261086549 0.988524936104 0.00141494913411 0.991043485209 2.0
0.0347565419579 0.990020357508 0.00141494913411 0.991557495623 2.0
0.0351869752608 0.994283040117 0.00141494913411 0.992069990422 2.0
0.0356174085637 0.993257730922 0.00141494913411 0.992579923113 2.0
0.0360478418667 0.993487962932 0.00141494913411 0.993086239758 2.0
0.0364782751696 0.993120671637 0.00141494913411 0.99358787455 2.0
0.0369087084725 0.992827740738 0.00141494913411 0.994083744919 2.0
0.0373391417755 0.99796828849 0.00141494913411 0.994572745966 2.0
0.0377695750784 0.993326765514 0.00141494913411 0.995053743983 2.0
0.0382000083813 0.997131685906 0.00141494913411 0.995525568728 2.0
0.0386304416843 0.995961596918 0.00141494913411 0.995987004033 2.0
0.0390608749872 0.997417030759 0.00141494913411 0.996436776121 2.0
0.0394913082901 0.996332023775 0.00141494913411 0.996873538786 2.0
0.0399217415931 0.996477340361 0.00141494913411 0.997295854137 2.0
0.040352174896 0.995579817583 0.00141494913411 0.997702166983 2.0
0.0407826081989 0.997922059249 0.00141494913411 0.998090769724 2.0
0.0412130415018 0.998467149758 0.00141494913411 0.998459752641 2.0
0.0416434748048 0.997087670017 0.00141494913411 0.998806930557 2.0
0.0420739081077 0.99976093677 0.00141494913411 0.999129728987 2.0
0.0425043414106 0.998645301307 0.00141494913411 0.999424995215 2.0
0.0429347747136 0.999756281599 0.00141494913411 0.999688654783 2.0
0.0433652080165 1.00023234741 0.00141494913411 0.999914996395 2.0
0.0437956413194 1.00257224947 0.00141494913411 1.00009480209 2.0
0.0442260746224 0.999437672662 0.00141494913411 1.00020690057 0.0
0.0446565079253 1.00011786359 0.00141494913411 1.00021360728 0.0
0.0450869412282 1.00238801241 0.00141494913411 1.00021360728 0.0
0.0455173745312 1.00334793702 0.00141494913411 1.00021360728 0.0
0.0459478078341 0.997952797933 0.00141494913411 1.00021360728 0.0
0.046378241137 0.999837461196 0.00141494913411 1.00021360728 0.0
0.04680867444 0.999844311644 0.00141494913411 1.00021360728 0.0
0.0472391077429 1.00038665902 0.00141494913411 1.00021360728 0.0
0.0476695410458 1.00163127166 0.00141494913411 1.00021360728 0.0
0.0480999743488 1.00086103765 0.00141494913411 1.00021360728 0.0
0.0485304076517 0.999865004238 0.00141494913411 1.00021360728 0.0
0.0489608409546 1.0005342128 0.00141494913411 1.00021360728 0.0
0.0493912742576 0.999555195964 0.00141494913411 1.00021360728 0.0
0.0498217075605 1.00023221282 0.00141494913411 1.00021360728 0.0
0.0502521408634 1.00071955907 0.00141494913411 1.00021360728 0.0
0.0506825741664 1.0016453538 0.00141494913411 1.00021360728 0.0
0.0511130074693 1.00048350387 0.00141494913411 1.00021360728 0.0
0.0515434407722 0.99875920248 0.00141494913411 1.00021360728 0.0
0.0519738740752 1.00033361933 0.00141494913411 1.00021360728 0.0
0.0524043073781 1.00216610042 0.00141494913411 1.00021360728 0.0
0.052834740681 1.00090767897 0.00141494913411 1.00021360728 0.0
0.053265173984 1.0004956775 0.00141494913411 1.00021360728 0.0
0.0536956072869 0.998426265218 0.00141494913411 1.00021360728 0.0
0.0541260405898 0.998547968445 0.00141494913411 1.00021360728 0.0
