-0.16620462654 1.00067388446 0.000668934911029 1.00005994259 0.0
-0.165092430741 1.00008401326 0.000668934911029 1.00005994259 0.0
-0.163980234942 0.999647929682 0.000668934911029 1.00005994259 0.0
-0.162868039143 1.00066083788 0.000668934911029 1.00005994259 0.0
-0.161755843344 1.00031527115 0.000668934911029 1.00005994259 0.0
-0.160643647545 0.999799376138 0.000668934911029 1.00005994259 0.0
-0.159531451746 0.999127802356 0.000668934911029 1.00005994259 0.0
-0.158419255947 1.00013076204 0.000668934911029 1.00005994259 0.0
-0.157307060148 0.99917366078 0.000668934911029 1.00005994259 0.0
-0.156194864349 0.999150858184 0.000668934911029 1.00005994259 0.0
-0.15508266855 1.00029882136 0.000668934911029 1.00005994259 0.0
-0.153970472751 1.00040244174 0.000668934911029 1.00005994259 0.0
-0.152858276952 0.999382418391 0.000668934911029 1.00005994259 0.0
-0.151746081153 1.00052120363 0.000668934911029 1.00005994259 0.0
-0.150633885355 1.00039631065 0.000668934911029 1.00005994259 0.0
-0.149521689556 1.00101624956 0.000668934911029 1.00005994259 0.0
-0.148409493757 1.00049344584 0.000668934911029 1.00005994259 0.0
-0.147297297958 1.00076462443 0.000668934911029 1.00005994259 0.0
-0.146185102159 0.999781365818 0.000668934911029 1.00005994259 0.0
-0.14507290636 0.999685954318 0.000668934911029 1.00005994259 0.0
-0.143960710561 0.999440769986 0.000668934911029 1.00005994259 0.0
-0.142848514762 1.00010290604 0.000668934911029 1.00005994259 0.0
-0.141736318963 0.999848823861 0.000668934911029 1.00005994259 0.0
-0.140624123164 1.00020351565 0.000668934911029 1.00005994259 0.0
-0.139511927365 1.00040384522 0.000668934911029 1.00005994259 0.0
-0.138399731566 0.999976596354 0.000668934911029 1.00003516753 1.0
-0.137287535767 1.00036410244 0.000668934911029 0.999931989418 1.0
-0.136175339968 0.999405543755 0.000668934911029 0.999772113044 1.0
-0.135063144169 0.999928679873 0.000668934911029 0.99956410996 1.0
-0.13395094837 0.998324168033 0.000668934911029 0.999313159447 1.0
-0.132838752571 0.998434663757 0.000668934911029 0.999023115976 1.0
-0.131726556773 0.997764042515 0.000668934911029 0.998697141802 1.0
-0.130614360974 0.999190860065 0.000668934911029 0.998337983197 1.0
-0.129502165175 0.997568805622 0.000668934911029 0.997948115507 1.0
-0.128389969376 0.996956821244 0.000668934911029 0.997529829008 1.0
-0.127277773577 0.995945353867 0.000668934911029 0.99708528439 1.0
-0.126165577778 0.996589463013 0.000668934911029 0.996616551233 1.0
-0.125053381979 0.996420368805 0.000668934911029 0.996125636356 1.0
-0.12394118618 0.995016695576 0.000668934911029 0.995614505925 1.0
-0.122828990381 0.994603910183 0.000668934911029 0.995085103625 1.0
-0.121716794582 0.994619999955 0.000668934911029 0.994539366438 1.0
-0.120604598783 0.994440415882 0.000668934911029 0.993979239072 1.0
-0.119492402984 0.992307532095 0.000668934911029 0.993406687864 1.0
-0.118380207185 0.993404748911 0.000668934911029 0.992823714861 1.0
-0.117268011386 0.992648923345 0.000668934911029 0.992232372784 1.0
-0.116155815587 0.992194187418 0.000668934911029 0.991634781617 1.0
-0.115043619788 0.991619245603 0.000668934911029 0.991033147788 1.0
-0.113931423989 0.991453678628 0.000668934911029 0.990429787174 1.0
-0.112819228191 0.989547164078 0.000668934911029 0.989827153741 1.0
-0.111707032392 0.989323912183 0.000668934911029 0.989227876486 1.0
-0.110594836593 0.987768685085 0.000668934911029 0.988634808961 1.0
-0.109482640794 0.987636336247 0.000668934911029 0.988051098469 1.0
-0.108370444995 0.988383783654 0.000668934911029 0.987480287636 1.0
-0.107258249196 0.98662245954 0.000668934911029 0.986926472704 1.0
-0.106146053397 0.985787505703 0.000668934911029 0.986394570583 1.0
-0.105033857598 0.986414364953 0.000668934911029 0.98589082289 1.0
-0.103921661799 0.984862935685 0.000668934911029 0.985423933556 1.0
-0.102809466 0.985695281738 0.000668934911029 0.985008752538 1.0
-0.101697270201 0.984310554906 0.000668934911029 0.984686099753 3.0
-0.100585074402 0.986541170856 0.000668934911029 0.984417609571 3.0
-0.0994728786033 0.983627167123 0.000668934911029 0.984173025395 3.0
-0.0983606828043 0.984277622968 0.000668934911029 0.983947126439 3.0
-0.0972484870054 0.98349335936 0.000668934911029 0.983736796925 3.0
-0.0961362912064 0.984074279072 0.000668934911029 0.983539873691 3.0
-0.0950240954075 0.984157133058 0.000668934911029 0.983354735868 3.0
-0.0939118996086 0.982939350758 0.000668934911029 0.983180109806 3.0
-0.0927997038096 0.981774117281 0.000668934911029 0.983014961352 3.0
-0.0916875080107 0.982910177499 0.000668934911029 0.982858430375 3.0
-0.0905753122117 0.982395882769 0.000668934911029 0.982709788165 3.0
-0.0894631164128 0.981236961128 0.000668934911029 0.982568408256 3.0
-0.0883509206139 0.982963007119 0.000668934911029 0.982433745627 3.0
-0.0872387248149 0.982523713415 0.000668934911029 0.982305321399 3.0
-0.086126529016 0.982171731338 0.000668934911029 0.982182711262 3.0
-0.085014333217 0.982496133619 0.000668934911029 0.982065536544 3.0
-0.0839021374181 0.981912428717 0.000668934911029 0.981953457177 3.0
-0.0827899416192 0.981188311079 0.000668934911029 0.981846166078 3.0
-0.0816777458202 0.981952806081 0.000668934911029 0.981743384592 3.0
-0.0805655500213 0.981457638042 0.000668934911029 0.981644858758 3.0
-0.0794533542223 0.980727126483 0.000668934911029 0.981550356209 3.0
-0.0783411584234 0.982490105898 0.000668934911029 0.981459663581 3.0
-0.0772289626244 0.982716116716 0.000668934911029 0.981372584329 3.0
-0.0761167668255 0.982645274389 0.000668934911029 0.981288936864 3.0
-0.0750045710266 0.980535474855 0.000668934911029 0.981208552966 3.0
-0.0738923752276 0.981227041602 0.000668934911029 0.981131276409 3.0
-0.0727801794287 0.982229983471 0.000668934911029 0.981056961777 3.0
-0.0716679836297 0.981109235293 0.000668934911029 0.980985473429 3.0
-0.0705557878308 0.980914016626 0.000668934911029 0.980916684593 3.0
-0.0694435920319 0.981948032043 0.000668934911029 0.980850476573 3.0
-0.0683313962329 0.9806098163 0.000668934911029 0.980786738044 3.0
-0.067219200434 0.981278170449 0.000668934911029 0.980725364434 3.0
-0.066107004635 0.981125286625 0.000668934911029 0.980666257366 3.0
-0.0649948088361 0.980633616099 0.000668934911029 0.980609324169 3.0
-0.0638826130372 0.980711082987 0.000668934911029 0.980554477432 3.0
-0.0627704172382 0.981259424691 0.000668934911029 0.980501634612 3.0
-0.0616582214393 0.980685826816 0.000668934911029 0.980450717672 3.0
-0.0605460256403 0.980912003259 0.000668934911029 0.980401652761 3.0
-0.0594338298414 0.982045281577 0.000668934911029 0.980354369922 3.0
-0.0583216340425 0.980618757848 0.000668934911029 0.980308802827 3.0
-0.0572094382435 0.981326447041 0.000668934911029 0.980264888536 3.0
-0.0560972424446 0.979732110101 0.000668934911029 0.980222567278 3.0
-0.0549850466456 0.979107859701 0.000668934911029 0.980181782251 3.0
-0.0538728508467 0.979320907282 0.000668934911029 0.980142479437 3.0
-0.0527606550478 0.98005627129 0.000668934911029 0.980104607438 3.0
-0.0516484592488 0.980135199709 0.000668934911029 0.980068117317 3.0
-0.0505362634499 0.979548307331 0.000668934911029 0.98003296246 3.0
-0.0494240676509 0.98022151843 0.000668934911029 0.979999098444 3.0
-0.048311871852 0.978662283374 0.000668934911029 0.979966482917 3.0
-0.0471996760531 0.978563581107 0.000668934911029 0.979935075488 3.0
-0.0460874802541 0.98010186674 0.000668934911029 0.979904837621 3.0
-0.0449752844552 0.979838088604 0.000668934911029 0.979875732545 3.0
-0.0438630886562 0.980515867121 0.000668934911029 0.97984772516 3.0
-0.0427508928573 0.979554972897 0.000668934911029 0.97982078196 3.0
-0.0416386970584 0.980739244725 0.000668934911029 0.979794870955 3.0
-0.0405265012594 0.980779581541 0.000668934911029 0.979769961601 3.0
-0.0394143054605 0.97972241135 0.000668934911029 0.979746024733 3.0
-0.0383021096615 0.979211830788 0.000668934911029 0.979723032505 3.0
-0.0371899138626 0.980521481919 0.000668934911029 0.979700958333 3.0
-0.0360777180637 0.979293689315 0.000668934911029 0.979679776842 3.0
-0.0349655222647 0.980461145153 0.000668934911029 0.979659463815 3.0
-0.0338533264658 0.980471630144 0.000668934911029 0.979639996149 3.0
-0.0327411306668 0.979176742561 0.000668934911029 0.979621351809 3.0
-0.0316289348679 0.978912858513 0.000668934911029 0.979603509789 3.0
-0.030516739069 0.98070439306 0.000668934911029 0.979586450076 3.0
-0.02940454327 0.97962444854 0.000668934911029 0.97957015361 3.0
-0.0282923474711 0.98038697157 0.000668934911029 0.979554602256 3.0
-0.0271801516721 0.979632564671 0.000668934911029 0.97953977877 3.0
-0.0260679558732 0.979440338967 0.000668934911029 0.979525666772 3.0
-0.0249557600742 0.979895586839 0.000668934911029 0.979512250718 3.0
-0.0238435642753 0.979664425851 0.000668934911029 0.979499515873 3.0
-0.0227313684764 0.979363439507 0.000668934911029 0.979487448293 3.0
-0.0216191726774 0.979332910773 0.000668934911029 0.979476034796 3.0
-0.0205069768785 0.978734600167 0.000668934911029 0.979465262947 3.0
-0.0193947810795 0.979645680397 0.000668934911029 0.979455121037 3.0
-0.0182825852806 0.979171372938 0.000668934911029 0.979445598065 3.0
-0.0171703894817 0.979420794834 0.000668934911029 0.979436683722 3.0
-0.0160581936827 0.978977214677 0.000668934911029 0.979428368374 3.0
-0.0149459978838 0.979957698053 0.000668934911029 0.979420643052 3.0
-0.0138338020848 0.980091647033 0.000668934911029 0.979413499435 3.0
-0.0127216062859 0.980142784125 0.000668934911029 0.97940692984 3.0
-0.011609410487 0.979568249299 0.000668934911029 0.979400927211 3.0
-0.010497214688 0.98081266676 0.000668934911029 0.979395485107 3.0
-0.00938501888908 0.979365383112 0.000668934911029 0.979390597696 3.0
-0.00827282309014 0.979261658377 0.000668934911029 0.979386259745 3.0
-0.0071606272912 0.977512437981 0.000668934911029 0.979382466614 3.0
-0.00604843149226 0.979671586989 0.000668934911029 0.979379214248 3.0
-0.00493623569332 0.979174682212 0.000668934911029 0.979376499173 3.0
-0.00382403989438 0.978543118792 0.000668934911029 0.979374318489 3.0
-0.00271184409544 0.979772034066 0.000668934911029 0.97937266987 3.0
-0.0015996482965 0.97924108843 0.000668934911029 0.979371551556 3.0
-0.000487452497558 0.979334405458 0.000668934911029 0.979370962355 3.0
0.000624743301383 0.978498101347 0.000668934911029 0.979370901638 3.0
0.00173693910032 0.978865517468 0.000668934911029 0.979371369341 3.0
0.00284913489926 0.978505372638 0.000668934911029 0.979372365962 3.0
0.0039613306982 0.979632158683 0.000668934911029 0.979373892564 3.0
0.00507352649714 0.97870551214 0.000668934911029 0.979375950777 3.0
0.00618572229608 0.979351941162 0.000668934911029 0.979378542795 3.0
0.00729791809503 0.97914099686 0.000668934911029 0.979381671388 3.0
0.00841011389397 0.980201222357 0.000668934911029 0.979385339895 3.0
0.00952230969291 0.979111639052 0.000668934911029 0.979389552239 3.0
0.0106345054918 0.979813211765 0.000668934911029 0.979394312924 3.0
0.0117467012908 0.980468324866 0.000668934911029 0.979399627047 3.0
0.0128588970897 0.979594408706 0.000668934911029 0.979405500302 3.0
0.0139710928887 0.979840613549 0.000668934911029 0.979411938987 3.0
0.0150832886876 0.979507645751 0.000668934911029 0.979418950018 3.0
0.0161954844865 0.978447266932 0.000668934911029 0.979426540931 3.0
0.0173076802855 0.980672663421 0.000668934911029 0.979434719901 3.0
0.0184198760844 0.979047786509 0.000668934911029 0.979443495748 3.0
0.0195320718834 0.979446773134 0.000668934911029 0.979452877949 3.0
0.0206442676823 0.979262085704 0.000668934911029 0.979462876658 3.0
0.0217564634813 0.979315545378 0.000668934911029 0.979473502716 3.0
0.0228686592802 0.979170001959 0.000668934911029 0.979484767667 3.0
0.0239808550791 0.977991381694 0.000668934911029 0.979496683778 3.0
0.0250930508781 0.979240555434 0.000668934911029 0.979509264057 3.0
0.026205246677 0.979815551566 0.000668934911029 0.979522522272 3.0
0.027317442476 0.978918238305 0.000668934911029 0.979536472973 3.0
0.0284296382749 0.979105601788 0.000668934911029 0.979551131516 3.0
0.0295418340738 0.980316572214 0.000668934911029 0.979566514088 3.0
0.0306540298728 0.980750938263 0.000668934911029 0.97958263773 3.0
0.0317662256717 0.980472667102 0.000668934911029 0.979599520371 3.0
0.0328784214707 0.980216322122 0.000668934911029 0.979617180855 3.0
0.0339906172696 0.979489531059 0.000668934911029 0.979635638973 3.0
0.0351028130685 0.979470466349 0.000668934911029 0.979654915499 3.0
0.0362150088675 0.979542183153 0.000668934911029 0.979675032228 3.0
0.0373272046664 0.979151943509 0.000668934911029 0.979696012015 3.0
0.0384394004654 0.978689407741 0.000668934911029 0.979717878816 3.0
0.0395515962643 0.979323546341 0.000668934911029 0.979740657736 3.0
0.0406637920632 0.980480119445 0.000668934911029 0.979764375077 3.0
0.0417759878622 0.979680962008 0.000668934911029 0.97978905839 3.0
0.0428881836611 0.979021197847 0.000668934911029 0.97981473653 3.0
0.0440003794601 0.979426500484 0.000668934911029 0.979841439719 3.0
0.045112575259 0.979081431685 0.000668934911029 0.97986919961 3.0
0.0462247710579 0.978959674522 0.000668934911029 0.979898049353 3.0
0.0473369668569 0.980146961888 0.000668934911029 0.979928023675 3.0
0.0484491626558 0.980068298041 0.000668934911029 0.979959158955 3.0
0.0495613584548 0.98001723928 0.000668934911029 0.979991493315 3.0
0.0506735542537 0.979857548395 0.000668934911029 0.980025066711 3.0
0.0517857500526 0.9803960042 0.000668934911029 0.980059921035 3.0
0.0528979458516 0.980435333649 0.000668934911029 0.980096100225 3.0
0.0540101416505 0.979615529303 0.000668934911029 0.980133650378 3.0
0.0551223374495 0.980477515461 0.000668934911029 0.980172619886 3.0
0.0562345332484 0.981022343742 0.000668934911029 0.980213059568 3.0
0.0573467290473 0.980248769714 0.000668934911029 0.980255022825 3.0
0.0584589248463 0.98160029438 0.000668934911029 0.980298565805 3.0
0.0595711206452 0.979522931465 0.000668934911029 0.980343747579 3.0
0.0606833164442 0.980195222761 0.000668934911029 0.98039063034 3.0
0.0617955122431 0.980504112808 0.000668934911029 0.980439279616 3.0
0.062907708042 0.980591887525 0.000668934911029 0.980489764508 3.0
0.064019903841 0.980303360621 0.000668934911029 0.980542157948 3.0
0.0651320996399 0.980192764 0.000668934911029 0.980596536981 3.0
0.0662442954389 0.980392405051 0.000668934911029 0.980652983087 3.0
0.0673564912378 0.980016411717 0.000668934911029 0.980711582523 3.0
0.0684686870368 0.979856787867 0.000668934911029 0.980772426715 3.0
0.0695808828357 0.981438239523 0.000668934911029 0.980835612685 3.0
0.0706930786346 0.980782170103 0.000668934911029 0.980901243536 3.0
0.0718052744336 0.981299800506 0.000668934911029 0.980969428988 3.0
0.0729174702325 0.98057338557 0.000668934911029 0.981040285984 3.0
0.0740296660315 0.98043083604 0.000668934911029 0.981113939373 3.0
0.0751418618304 0.980841130654 0.000668934911029 0.981190522681 3.0
0.0762540576293 0.980986649666 0.000668934911029 0.981270178993 3.0
0.0773662534283 0.980535752071 0.000668934911029 0.98135306195 3.0
0.0784784492272 0.981302790884 0.000668934911029 0.981439336901 3.0
0.0795906450262 0.981282436892 0.000668934911029 0.98152918223 3.0
0.0807028408251 0.981434229856 0.000668934911029 0.981622790893 3.0
0.081815036624 0.981173286057 0.000668934911029 0.981720372205 3.0
0.082927232423 0.981952533344 0.000668934911029 0.981822153954 3.0
0.0840394282219 0.98168437523 0.000668934911029 0.981928384883 3.0
0.0851516240209 0.981995293291 0.000668934911029 0.982039337667 3.0
0.0862638198198 0.982154685834 0.000668934911029 0.982155312485 3.0
0.0873760156187 0.982651069708 0.000668934911029 0.98227664137 3.0
0.0884882114177 0.981463961812 0.000668934911029 0.982403693558 3.0
0.0896004072166 0.98320452962 0.000668934911029 0.982536882157 3.0
0.0907126030156 0.983081711388 0.000668934911029 0.98267667259 3.0
0.0918247988145 0.982689904144 0.000668934911029 0.98282359348 3.0
0.0929369946134 0.982100626597 0.000668934911029 0.982978250968 3.0
0.0940491904124 0.982456730397 0.000668934911029 0.983141348049 3.0
0.0951613862113 0.983053170063 0.000668934911029 0.983313711474 3.0
0.0962735820103 0.984656142575 0.000668934911029 0.983496330646 3.0
0.0973857778092 0.983900513404 0.000668934911029 0.983690416627 3.0
0.0984979736081 0.982742976979 0.000668934911029 0.983897497512 3.0
0.0996101694071 0.984306616877 0.000668934911029 0.984119586822 3.0
0.100722365206 0.984229219251 0.000668934911029 0.984359523215 3.0
0.101834561005 0.984398460664 0.000668934911029 0.984621842158 3.0
0.102946756804 0.985227319255 0.000668934911029 0.984923855359 2.0
0.104058952603 0.984283182907 0.000668934911029 0.985323154448 2.0
0.105171148402 0.985920416688 0.000668934911029 0.98577986107 2.0
0.106283344201 0.98629736408 0.000668934911029 0.986276037039 2.0
0.10739554 0.98792622245 0.000668934911029 0.986802084454 2.0
0.108507735799 0.987684349303 0.000668934911029 0.987351335718 2.0
0.109619931598 0.986725114281 0.000668934911029 0.987918627267 2.0
0.110732127396 0.988808522766 0.000668934911029 0.98849970353 2.0
0.111844323195 0.988288417116 0.000668934911029 0.989090911464 2.0
0.112956518994 0.989300717109 0.000668934911029 0.989689023439 2.0
0.114068714793 0.990660585683 0.000668934911029 0.990291125431 2.0
0.115180910592 0.990598083458 0.000668934911029 0.990894541787 2.0
0.116293106391 0.992081616524 0.000668934911029 0.991496781957 2.0
0.11740530219 0.992143876158 0.000668934911029 0.99209550111 2.0
0.118517497989 0.992472694914 0.000668934911029 0.992688469869 2.0
0.119629693788 0.992855521728 0.000668934911029 0.993273550197 2.0
0.120741889587 0.993766286781 0.000668934911029 0.99384867546 2.0
0.121854085386 0.993543642277 0.000668934911029 0.994411833332 2.0
0.122966281185 0.99511805489 0.000668934911029 0.994961050536 2.0
0.124078476984 0.995728854839 0.000668934911029 0.995494378622 2.0
0.125190672783 0.997109614125 0.000668934911029 0.996009880075 2.0
0.126302868582 0.996358982436 0.000668934911029 0.996505614084 2.0
0.127415064381 0.997717194725 0.000668934911029 0.996979621153 2.0
0.12852726018 0.998170107914 0.000668934911029 0.997429905589 2.0
0.129639455978 0.99746321665 0.000668934911029 0.99785441447 2.0
0.130751651777 0.998956588549 0.000668934911029 0.998251011003 2.0
0.131863847576 0.999542376271 0.000668934911029 0.998617438839 2.0
0.132976043375 0.999553607352 0.000668934911029 0.998951271357 2.0
0.134088239174 0.999569961326 0.000668934911029 0.99924983455 2.0
0.135200434973 1.00025369081 0.000668934911029 0.999510079603 2.0
0.136312630772 0.998547649652 0.000668934911029 0.999728347785 2.0
0.137424826571 0.998728325527 0.000668934911029 0.999899858952 2.0
0.13853702237 1.00064457533 0.000668934911029 1.00001721593 2.0
0.139649218169 1.00012233071 0.000668934911029 1.00005994259 0.0
0.140761413968 1.00030661024 0.000668934911029 1.00005994259 0.0
0.141873609767 0.999896114166 0.000668934911029 1.00005994259 0.0
0.142985805566 0.998733185225 0.000668934911029 1.00005994259 0.0
0.144098001365 0.999501256231 0.000668934911029 1.00005994259 0.0
0.145210197164 0.999983257704 0.000668934911029 1.00005994259 0.0
0.146322392963 1.00090093693 0.000668934911029 1.00005994259 0.0
0.147434588762 1.0000895116 0.000668934911029 1.00005994259 0.0
0.14854678456 1.00090517042 0.000668934911029 1.00005994259 0.0
0.149658980359 0.999572259074 0.000668934911029 1.00005994259 0.0
0.150771176158 0.999822779164 0.000668934911029 1.00005994259 0.0
0.151883371957 1.00036466844 0.000668934911029 1.00005994259 0.0
0.152995567756 1.00005272814 0.000668934911029 1.00005994259 0.0
0.154107763555 0.999945873306 0.000668934911029 1.00005994259 0.0
0.155219959354 0.999620664386 0.000668934911029 1.00005994259 0.0
0.156332155153 0.99992661312 0.000668934911029 1.00005994259 0.0
0.157444350952 1.00001905865 0.000668934911029 1.00005994259 0.0
0.158556546751 1.00023201825 0.000668934911029 1.00005994259 0.0
0.15966874255 1.00073096222 0.000668934911029 1.00005994259 0.0
0.160780938349 0.999745833506 0.000668934911029 1.00005994259 0.0
0.161893134148 1.00026691076 0.000668934911029 1.00005994259 0.0
0.163005329947 0.999876144748 0.000668934911029 1.00005994259 0.0
0.164117525746 1.00056335681 0.000668934911029 1.00005994259 0.0
0.165229721545 0.999788400207 0.000668934911029 1.00005994259 0.0
0.166341917344 1.00104132863 0.000668934911029 1.00005994259 0.0
