-0.051696276563 1.00005458295 0.000680935240307 1.00006942621 0.0
-0.0513503312397 0.999590696513 0.000680935240307 1.00006942621 0.0
-0.0510043859164 0.999709442136 0.000680935240307 1.00006942621 0.0
-0.050658440593 1.00009488813 0.000680935240307 1.00006942621 0.0
-0.0503124952697 0.999025522961 0.000680935240307 1.00006942621 0.0
-0.0499665499464 0.99985582684 0.000680935240307 1.00006942621 0.0
-0.0496206046231 1.0001450688 0.000680935240307 1.00006942621 0.0
-0.0492746592997 1.00087101933 0.000680935240307 1.00006942621 0.0
-0.0489287139764 0.999422807588 0.000680935240307 1.00006942621 0.0
-0.0485827686531 0.99937645218 0.000680935240307 1.00006942621 0.0
-0.0482368233297 0.999521421811 0.000680935240307 1.00006942621 0.0
-0.0478908780064 0.998964183649 0.000680935240307 1.00006942621 0.0
-0.0475449326831 1.0003830031 0.000680935240307 1.00006942621 0.0
-0.0471989873597 1.00004143915 0.000680935240307 1.00006942621 0.0
-0.0468530420364 0.999382227481 0.000680935240307 1.00006942621 0.0
-0.0465070967131 0.999849694669 0.000680935240307 1.00006942621 0.0
-0.0461611513898 1.00005844132 0.000680935240307 1.00006942621 0.0
-0.0458152060664 1.00051150759 0.000680935240307 1.00006942621 0.0
-0.0454692607431 0.999989555221 0.000680935240307 1.00006942621 0.0
-0.0451233154198 1.00015484067 0.000680935240307 1.00006942621 0.0
-0.0447773700964 1.00081857928 0.000680935240307 1.00006942621 0.0
-0.0444314247731 0.999210292448 0.000680935240307 1.00006942621 0.0
-0.0440854794498 1.00051401138 0.000680935240307 1.00006942621 0.0
-0.0437395341265 0.999660648847 0.000680935240307 1.00006942621 0.0
-0.0433935888031 1.00174329 0.000680935240307 1.00006799369 1.0
-0.0430476434798 0.998512107014 0.000680935240307 0.999990967069 1.0
-0.0427016981565 1.00072539517 0.000680935240307 0.999846188862 1.0
-0.0423557528331 1.00011101577 0.000680935240307 0.999649700319 1.0
-0.0420098075098 0.998664697786 0.000680935240307 0.999408842545 1.0
-0.0416638621865 0.998726176534 0.000680935240307 0.999128594384 1.0
-0.0413179168631 0.997766892606 0.000680935240307 0.998812854147 1.0
-0.0409719715398 0.998831344223 0.000680935240307 0.998464925572 1.0
-0.0406260262165 0.998700575556 0.000680935240307 0.998087753832 1.0
-0.0402800808932 0.997372885594 0.000680935240307 0.997684058928 1.0
-0.0399341355698 0.998034236601 0.000680935240307 0.997256419969 1.0
-0.0395881902465 0.995981026362 0.000680935240307 0.996807333622 1.0
-0.0392422449232 0.996325376962 0.000680935240307 0.996339258274 1.0
-0.0388962995998 0.994262471543 0.000680935240307 0.995854650352 1.0
-0.0385503542765 0.995526307911 0.000680935240307 0.995355996803 1.0
-0.0382044089532 0.995141880933 0.000680935240307 0.99484584666 1.0
-0.0378584636299 0.994074572411 0.000680935240307 0.994326844192 1.0
-0.0375125183065 0.994365556959 0.000680935240307 0.993801766342 1.0
-0.0371665729832 0.993488075036 0.000680935240307 0.993273567798 1.0
-0.0368206276599 0.991818493068 0.000680935240307 0.992745438595 1.0
-0.0364746823365 0.991968482613 0.000680935240307 0.992220882042 1.0
-0.0361287370132 0.992696932352 0.000680935240307 0.991703826567 1.0
-0.0357827916899 0.990210102575 0.000680935240307 0.991198797272 1.0
-0.0354368463665 0.990972518317 0.000680935240307 0.990711201558 1.0
-0.0350909010432 0.990480241993 0.000680935240307 0.990247860726 1.0
-0.0347449557199 0.990782773781 0.000680935240307 0.989818184397 1.0
-0.0343990103966 0.989918068137 0.000680935240307 0.989437777926 1.0
-0.0340530650732 0.988748498187 0.000680935240307 0.989151338758 3.0
-0.0337071197499 0.98941687628 0.000680935240307 0.988925452586 3.0
-0.0333611744266 0.989419824934 0.000680935240307 0.988719152846 3.0
-0.0330152291032 0.988022454419 0.000680935240307 0.988527772486 3.0
-0.0326692837799 0.988774561068 0.000680935240307 0.988348652103 3.0
-0.0323233384566 0.988160561273 0.000680935240307 0.988179993134 3.0
-0.0319773931332 0.987852568828 0.000680935240307 0.988020472587 3.0
-0.0316314478099 0.987137989346 0.000680935240307 0.98786906571 3.0
-0.0312855024866 0.986451643287 0.000680935240307 0.987724950306 3.0
-0.0309395571633 0.98832258908 0.000680935240307 0.987587449563 3.0
-0.0305936118399 0.988814212682 0.000680935240307 0.987455995343 3.0
-0.0302476665166 0.987772162377 0.000680935240307 0.987330103299 3.0
-0.0299017211933 0.986738776261 0.000680935240307 0.987209355283 3.0
-0.0295557758699 0.986876113718 0.000680935240307 0.987093386495 3.0
-0.0292098305466 0.987763421387 0.000680935240307 0.986981875837 3.0
-0.0288638852233 0.987110527271 0.000680935240307 0.986874538506 3.0
-0.0285179399 0.985905505131 0.000680935240307 0.986771120195 3.0
-0.0281719945766 0.986844046477 0.000680935240307 0.986671392495 3.0
-0.0278260492533 0.985769692763 0.000680935240307 0.986575149178 3.0
-0.02748010393 0.986712891795 0.000680935240307 0.986482203169 3.0
-0.0271341586066 0.986259780715 0.000680935240307 0.986392384053 3.0
-0.0267882132833 0.985858169298 0.000680935240307 0.986305535996 3.0
-0.02644226796 0.985648609478 0.000680935240307 0.986221515999 3.0
-0.0260963226366 0.986239678183 0.000680935240307 0.986140192425 3.0
-0.0257503773133 0.986042025278 0.000680935240307 0.986061443741 3.0
-0.02540443199 0.986142247755 0.000680935240307 0.985985157441 3.0
-0.0250584866667 0.98653590249 0.000680935240307 0.985911229116 3.0
-0.0247125413433 0.986176067492 0.000680935240307 0.98583956165 3.0
-0.02436659602 0.986753926949 0.000680935240307 0.985770064515 3.0
-0.0240206506967 0.985053184777 0.000680935240307 0.985702653161 3.0
-0.0236747053733 0.984731955441 0.000680935240307 0.985637248469 3.0
-0.02332876005 0.986023986217 0.000680935240307 0.985573776282 3.0
-0.0229828147267 0.986283844162 0.000680935240307 0.985512166976 3.0
-0.0226368694033 0.985180217869 0.000680935240307 0.985452355086 3.0
-0.02229092408 0.986277183866 0.000680935240307 0.985394278971 3.0
-0.0219449787567 0.985143737962 0.000680935240307 0.985337880515 3.0
-0.0215990334334 0.985613880691 0.000680935240307 0.985283104854 3.0
-0.02125308811 0.985181524132 0.000680935240307 0.985229900139 3.0
-0.0209071427867 0.986281590437 0.000680935240307 0.98517821731 3.0
-0.0205611974634 0.98643628729 0.000680935240307 0.985128009903 3.0
-0.02021525214 0.985164550975 0.000680935240307 0.985079233872 3.0
-0.0198693068167 0.984626203157 0.000680935240307 0.985031847418 3.0
-0.0195233614934 0.984529321749 0.000680935240307 0.984985810848 3.0
-0.0191774161701 0.984453299074 0.000680935240307 0.984941086437 3.0
-0.0188314708467 0.984944893501 0.000680935240307 0.984897638301 3.0
-0.0184855255234 0.985106372706 0.000680935240307 0.984855432288 3.0
-0.0181395802001 0.985286968374 0.000680935240307 0.98481443587 3.0
-0.0177936348767 0.985091663344 0.000680935240307 0.984774618049 3.0
-0.0174476895534 0.985114551477 0.000680935240307 0.984735949267 3.0
-0.0171017442301 0.984873288787 0.000680935240307 0.984698401328 3.0
-0.0167557989067 0.983563584736 0.000680935240307 0.98466194732 3.0
-0.0164098535834 0.985632906545 0.000680935240307 0.984626561543 3.0
-0.0160639082601 0.98474942375 0.000680935240307 0.984592219453 3.0
-0.0157179629368 0.986358076067 0.000680935240307 0.984558897593 3.0
-0.0153720176134 0.984253946524 0.000680935240307 0.984526573544 3.0
-0.0150260722901 0.985524552439 0.000680935240307 0.984495225871 3.0
-0.0146801269668 0.984550451786 0.000680935240307 0.984464834076 3.0
-0.0143341816434 0.985816820186 0.000680935240307 0.984435378553 3.0
-0.0139882363201 0.983540145881 0.000680935240307 0.984406840546 3.0
-0.0136422909968 0.985830453263 0.000680935240307 0.984379202113 3.0
-0.0132963456735 0.984207653576 0.000680935240307 0.984352446087 3.0
-0.0129504003501 0.984218649383 0.000680935240307 0.984326556042 3.0
-0.0126044550268 0.983833800107 0.000680935240307 0.984301516265 3.0
-0.0122585097035 0.985205626938 0.000680935240307 0.984277311723 3.0
-0.0119125643801 0.984857717674 0.000680935240307 0.98425392804 3.0
-0.0115666190568 0.983887831298 0.000680935240307 0.984231351463 3.0
-0.0112206737335 0.983350824393 0.000680935240307 0.984209568847 3.0
-0.0108747284101 0.9845059271 0.000680935240307 0.984188567628 3.0
-0.0105287830868 0.984622385929 0.000680935240307 0.984168335798 3.0
-0.0101828377635 0.98527383124 0.000680935240307 0.984148861895 3.0
-0.00983689244016 0.984346264838 0.000680935240307 0.984130134975 3.0
-0.00949094711683 0.984601993796 0.000680935240307 0.984112144598 3.0
-0.0091450017935 0.984060373472 0.000680935240307 0.984094880813 3.0
-0.00879905647017 0.983121744668 0.000680935240307 0.98407833414 3.0
-0.00845311114684 0.984899264391 0.000680935240307 0.984062495557 3.0
-0.00810716582351 0.98367539673 0.000680935240307 0.984047356488 3.0
-0.00776122050018 0.98381441584 0.000680935240307 0.984032908786 3.0
-0.00741527517685 0.985682318944 0.000680935240307 0.984019144725 3.0
-0.00706932985352 0.982595241423 0.000680935240307 0.984006056987 3.0
-0.00672338453019 0.984403704234 0.000680935240307 0.983993638653 3.0
-0.00637743920686 0.983162894309 0.000680935240307 0.983981883191 3.0
-0.00603149388353 0.983727431427 0.000680935240307 0.983970784451 3.0
-0.0056855485602 0.983994150504 0.000680935240307 0.983960336652 3.0
-0.00533960323687 0.984783327703 0.000680935240307 0.983950534375 3.0
-0.00499365791354 0.984865897709 0.000680935240307 0.983941372561 3.0
-0.00464771259021 0.983820261391 0.000680935240307 0.983932846496 3.0
-0.00430176726688 0.984015461875 0.000680935240307 0.983924951812 3.0
-0.00395582194355 0.983668081647 0.000680935240307 0.983917684475 3.0
-0.00360987662022 0.984618532039 0.000680935240307 0.983911040786 3.0
-0.00326393129689 0.98373671103 0.000680935240307 0.983905017372 3.0
-0.00291798597356 0.984544488491 0.000680935240307 0.983899611182 3.0
-0.00257204065023 0.984089500717 0.000680935240307 0.983894819487 3.0
-0.00222609532691 0.984038448047 0.000680935240307 0.983890639869 3.0
-0.00188015000358 0.983045899743 0.000680935240307 0.983887070226 3.0
-0.00153420468025 0.983293042673 0.000680935240307 0.983884108765 3.0
-0.00118825935692 0.981733476754 0.000680935240307 0.983881754 3.0
-0.000842314033587 0.983334904325 0.000680935240307 0.983880004751 3.0
-0.000496368710257 0.983054411193 0.000680935240307 0.983878860141 3.0
-0.000150423386928 0.984129001896 0.000680935240307 0.983878319599 3.0
0.000195521936402 0.984879816307 0.000680935240307 0.983878382853 3.0
0.000541467259732 0.983840517875 0.000680935240307 0.983879049936 3.0
0.000887412583061 0.984024670514 0.000680935240307 0.98388032118 3.0
0.00123335790639 0.983244205441 0.000680935240307 0.983882197223 3.0
0.00157930322972 0.985400223666 0.000680935240307 0.983884679004 3.0
0.00192524855305 0.983428460011 0.000680935240307 0.983887767767 3.0
0.00227119387638 0.984241086109 0.000680935240307 0.983891465061 3.0
0.00261713919971 0.98423399339 0.000680935240307 0.983895772746 3.0
0.00296308452304 0.983280323015 0.000680935240307 0.983900692988 3.0
0.00330902984637 0.984167268516 0.000680935240307 0.983906228271 3.0
0.0036549751697 0.984344104396 0.000680935240307 0.98391238139 3.0
0.00400092049303 0.984555417724 0.000680935240307 0.983919155464 3.0
0.00434686581636 0.983599027966 0.000680935240307 0.983926553934 3.0
0.00469281113969 0.984842026375 0.000680935240307 0.98393458057 3.0
0.00503875646302 0.983527018032 0.000680935240307 0.983943239473 3.0
0.00538470178635 0.984622212324 0.000680935240307 0.983952535084 3.0
0.00573064710968 0.98382051764 0.000680935240307 0.983962472188 3.0
0.006076592433 0.983200695872 0.000680935240307 0.983973055921 3.0
0.00642253775633 0.983610277939 0.000680935240307 0.983984291776 3.0
0.00676848307966 0.983593105169 0.000680935240307 0.98399618561 3.0
0.00711442840299 0.984806604361 0.000680935240307 0.984008743653 3.0
0.00746037372632 0.983867690618 0.000680935240307 0.984021972518 3.0
0.00780631904965 0.984202414712 0.000680935240307 0.984035879206 3.0
0.00815226437298 0.983000045334 0.000680935240307 0.984050471119 3.0
0.00849820969631 0.9832139258 0.000680935240307 0.984065756072 3.0
0.00884415501964 0.98154661517 0.000680935240307 0.984081742298 3.0
0.00919010034297 0.983461454984 0.000680935240307 0.984098438468 3.0
0.0095360456663 0.985024357761 0.000680935240307 0.984115853699 3.0
0.00988199098963 0.984050875165 0.000680935240307 0.984133997567 3.0
0.010227936313 0.984188347255 0.000680935240307 0.984152880124 3.0
0.0105738816363 0.984004383915 0.000680935240307 0.984172511915 3.0
0.0109198269596 0.982983468438 0.000680935240307 0.984192903991 3.0
0.0112657722829 0.984665707905 0.000680935240307 0.984214067928 3.0
0.0116117176063 0.985575203263 0.000680935240307 0.984236015846 3.0
0.0119576629296 0.983635696578 0.000680935240307 0.98425876043 3.0
0.0123036082529 0.985051375794 0.000680935240307 0.984282314952 3.0
0.0126495535763 0.98419992198 0.000680935240307 0.984306693292 3.0
0.0129954988996 0.983649789492 0.000680935240307 0.984331909961 3.0
0.0133414442229 0.983402972029 0.000680935240307 0.984357980135 3.0
0.0136873895463 0.984571885454 0.000680935240307 0.984384919671 3.0
0.0140333348696 0.9844713007 0.000680935240307 0.984412745149 3.0
0.0143792801929 0.984785497647 0.000680935240307 0.984441473894 3.0
0.0147252255162 0.984192315832 0.000680935240307 0.984471124017 3.0
0.0150711708396 0.985162413537 0.000680935240307 0.984501714448 3.0
0.0154171161629 0.98355790049 0.000680935240307 0.984533264977 3.0
0.0157630614862 0.984750557616 0.000680935240307 0.984565796294 3.0
0.0161090068096 0.985029146632 0.000680935240307 0.984599330037 3.0
0.0164549521329 0.98479321503 0.000680935240307 0.984633888837 3.0
0.0168008974562 0.98498258313 0.000680935240307 0.984669496374 3.0
0.0171468427796 0.983618453199 0.000680935240307 0.984706177431 3.0
0.0174927881029 0.984989510304 0.000680935240307 0.984743957954 3.0
0.0178387334262 0.984581591188 0.000680935240307 0.984782865119 3.0
0.0181846787495 0.98362427719 0.000680935240307 0.984822927402 3.0
0.0185306240729 0.984838948313 0.000680935240307 0.984864174655 3.0
0.0188765693962 0.984123092089 0.000680935240307 0.984906638188 3.0
0.0192225147195 0.98516003683 0.000680935240307 0.984950350863 3.0
0.0195684600429 0.984816237652 0.000680935240307 0.984995347185 3.0
0.0199144053662 0.98558236757 0.000680935240307 0.985041663413 3.0
0.0202603506895 0.984491289316 0.000680935240307 0.985089337676 3.0
0.0206062960128 0.985769616318 0.000680935240307 0.985138410096 3.0
0.0209522413362 0.984812311648 0.000680935240307 0.985188922927 3.0
0.0212981866595 0.984204892818 0.000680935240307 0.985240920712 3.0
0.0216441319828 0.984208918356 0.000680935240307 0.985294450441 3.0
0.0219900773062 0.985009071149 0.000680935240307 0.985349561742 3.0
0.0223360226295 0.984708239092 0.000680935240307 0.985406307076 3.0
0.0226819679528 0.985029235351 0.000680935240307 0.985464741969 3.0
0.0230279132762 0.984750489944 0.000680935240307 0.985524925251 3.0
0.0233738585995 0.985335262304 0.000680935240307 0.98558691934 3.0
0.0237198039228 0.98501743207 0.000680935240307 0.985650790541 3.0
0.0240657492461 0.986015825914 0.000680935240307 0.985716609397 3.0
0.0244116945695 0.987087615454 0.000680935240307 0.985784451068 3.0
0.0247576398928 0.985591454212 0.000680935240307 0.985854395768 3.0
0.0251035852161 0.985068108053 0.000680935240307 0.985926529254 3.0
0.0254495305395 0.986537680017 0.000680935240307 0.98600094338 3.0
0.0257954758628 0.987068731309 0.000680935240307 0.986077736729 3.0
0.0261414211861 0.985162569443 0.000680935240307 0.986157015337 3.0
0.0264873665094 0.986867021682 0.000680935240307 0.986238893518 3.0
0.0268333118328 0.986118767217 0.000680935240307 0.98632349483 3.0
0.0271792571561 0.986724195179 0.000680935240307 0.986410953178 3.0
0.0275252024794 0.986134464569 0.000680935240307 0.986501414121 3.0
0.0278711478028 0.98700897565 0.000680935240307 0.986595036393 3.0
0.0282170931261 0.98609566991 0.000680935240307 0.986691993716 3.0
0.0285630384494 0.986170217043 0.000680935240307 0.986792476955 3.0
0.0289089837728 0.987318667669 0.000680935240307 0.986896696715 3.0
0.0292549290961 0.987277490703 0.000680935240307 0.987004886498 3.0
0.0296008744194 0.987424845723 0.000680935240307 0.987117306584 3.0
0.0299468197427 0.98634677274 0.000680935240307 0.987234248856 3.0
0.0302927650661 0.987221900796 0.000680935240307 0.987356042892 3.0
0.0306387103894 0.98808330271 0.000680935240307 0.98748306378 3.0
0.0309846557127 0.987676823716 0.000680935240307 0.987615742345 3.0
0.0313306010361 0.988113570731 0.000680935240307 0.987754578839 3.0
0.0316765463594 0.987074208616 0.000680935240307 0.987900161801 3.0
0.0320224916827 0.988657457293 0.000680935240307 0.988053194949 3.0
0.0323684370061 0.987518789857 0.000680935240307 0.988214537267 3.0
0.0327143823294 0.988963779748 0.000680935240307 0.988385266256 3.0
0.0330603276527 0.9885382324 0.000680935240307 0.988566785768 3.0
0.033406272976 0.989133192855 0.000680935240307 0.98876103134 3.0
0.0337522182994 0.988175807389 0.000680935240307 0.988970937499 3.0
0.0340981636227 0.988975812489 0.000680935240307 0.989202013447 3.0
0.034444108946 0.988973996575 0.000680935240307 0.989512142515 2.0
0.0347900542694 0.990193226907 0.000680935240307 0.989904810678 2.0
0.0351359995927 0.990919966001 0.000680935240307 0.990342527719 2.0
0.035481944916 0.99056951776 0.000680935240307 0.990811616376 2.0
0.0358278902393 0.990902346942 0.000680935240307 0.991303371461 2.0
0.0361738355627 0.991866461482 0.000680935240307 0.991811333311 2.0
0.036519780886 0.992258186833 0.000680935240307 0.992330312069 2.0
0.0368657262093 0.992058889931 0.000680935240307 0.992855926292 2.0
0.0372116715327 0.992574616761 0.000680935240307 0.993384348298 2.0
0.037557616856 0.994775627135 0.000680935240307 0.993912148274 2.0
0.0379035621793 0.994679645063 0.000680935240307 0.994436191122 2.0
0.0382495075027 0.995198220782 0.000680935240307 0.994953563656 2.0
0.038595452826 0.995339606892 0.000680935240307 0.995461520153 2.0
0.0389413981493 0.996003717697 0.000680935240307 0.99595743921 2.0
0.0392873434726 0.996718612555 0.000680935240307 0.996438787461 2.0
0.039633288796 0.996508799091 0.000680935240307 0.996903086957 2.0
0.0399792341193 0.99834629805 0.000680935240307 0.997347883632 2.0
0.0403251794426 0.997717537727 0.000680935240307 0.997770714277 2.0
0.040671124766 0.998080435616 0.000680935240307 0.998169068967 2.0
0.0410170700893 0.999351662778 0.000680935240307 0.998540344551 2.0
0.0413630154126 0.999618367601 0.000680935240307 0.998881782004 2.0
0.041708960736 0.999869722055 0.000680935240307 0.999190374381 2.0
0.0420549060593 0.999549767283 0.000680935240307 0.999462718002 2.0
0.0424008513826 0.999059680315 0.000680935240307 0.999694741849 2.0
0.0427467967059 0.999472340355 0.000680935240307 0.999881127162 2.0
0.0430927420293 0.999797652787 0.000680935240307 1.00001365363 2.0
0.0434386873526 0.999816814857 0.000680935240307 1.00006942621 0.0
0.0437846326759 1.00065120047 0.000680935240307 1.00006942621 0.0
0.0441305779993 0.999516065279 0.000680935240307 1.00006942621 0.0
0.0444765233226 0.999240253359 0.000680935240307 1.00006942621 0.0
0.0448224686459 1.00006874072 0.000680935240307 1.00006942621 0.0
0.0451684139692 0.999960467365 0.000680935240307 1.00006942621 0.0
0.0455143592926 1.00129948472 0.000680935240307 1.00006942621 0.0
0.0458603046159 1.00050549002 0.000680935240307 1.00006942621 0.0
0.0462062499392 0.999497514115 0.000680935240307 1.00006942621 0.0
0.0465521952626 1.00047409022 0.000680935240307 1.00006942621 0.0
0.0468981405859 1.00088989759 0.000680935240307 1.00006942621 0.0
0.0472440859092 1.00014359351 0.000680935240307 1.00006942621 0.0
0.0475900312326 0.999912054222 0.000680935240307 1.00006942621 0.0
0.0479359765559 0.99997895115 0.000680935240307 1.00006942621 0.0
0.0482819218792 1.0001335555 0.000680935240307 1.00006942621 0.0
0.0486278672025 0.999916021628 0.000680935240307 1.00006942621 0.0
0.0489738125259 1.00002454368 0.000680935240307 1.00006942621 0.0
0.0493197578492 0.999774676368 0.000680935240307 1.00006942621 0.0
0.0496657031725 0.999748216459 0.000680935240307 1.00006942621 0.0
0.0500116484959 1.00043397749 0.000680935240307 1.00006942621 0.0
0.0503575938192 1.00035729718 0.000680935240307 1.00006942621 0.0
0.0507035391425 1.00079776882 0.000680935240307 1.00006942621 0.0
0.0510494844658 1.00126428209 0.000680935240307 1.00006942621 0.0
0.0513954297892 0.999884456683 0.000680935240307 1.00006942621 0.0
0.0517413751125 1.00122863444 0.000680935240307 1.00006942621 0.0
