-0.0388590143883 1.00007582344 6.27142560796e-05 1.00000952781 0.0
-0.0385998392201 0.999932943071 6.27142560796e-05 1.00000952781 0.0
-0.0383406640518 1.00003966696 6.27142560796e-05 1.00000952781 0.0
-0.0380814888835 0.999994718219 6.27142560796e-05 1.00000952781 0.0
-0.0378223137153 1.00013741858 6.27142560796e-05 1.00000952781 0.0
-0.037563138547 0.999936464101 6.27142560796e-05 1.00000952781 0.0
-0.0373039633788 0.999990579444 6.27142560796e-05 1.00000952781 0.0
-0.0370447882105 0.999988737037 6.27142560796e-05 1.00000952781 0.0
-0.0367856130422 0.999962704008 6.27142560796e-05 1.00000952781 0.0
-0.036526437874 0.999893072711 6.27142560796e-05 1.00000952781 0.0
-0.0362672627057 0.999955304649 6.27142560796e-05 1.00000952781 0.0
-0.0360080875374 1.00013127702 6.27142560796e-05 1.00000952781 0.0
-0.0357489123692 1.00009648866 6.27142560796e-05 1.00000952781 0.0
-0.0354897372009 0.999990438648 6.27142560796e-05 1.00000952781 0.0
-0.0352305620327 0.999981720441 6.27142560796e-05 1.00000952781 0.0
-0.0349713868644 0.999938880912 6.27142560796e-05 1.00000952781 0.0
-0.0347122116961 0.99997455689 6.27142560796e-05 1.00000952781 0.0
-0.0344530365279 0.999954984675 6.27142560796e-05 1.00000952781 0.0
-0.0341938613596 0.999981538746 6.27142560796e-05 1.00000952781 0.0
-0.0339346861913 1.00004503139 6.27142560796e-05 1.00000952781 0.0
-0.0336755110231 1.00000645895 6.27142560796e-05 1.00000952781 0.0
-0.0334163358548 0.999977246271 6.27142560796e-05 1.00000952781 0.0
-0.0331571606866 0.999966010653 6.27142560796e-05 1.00000952781 0.0
-0.0328979855183 0.999950741278 6.27142560796e-05 1.00000952781 0.0
-0.03263881035 1.00017275628 6.27142560796e-05 1.00000952781 0.0
-0.0323796351818 1.00019634409 6.27142560796e-05 1.00000153255 1.0
-0.0321204600135 0.999952781299 6.27142560796e-05 0.999978792692 1.0
-0.0318612848452 0.999932364953 6.27142560796e-05 0.999943973165 1.0
-0.031602109677 0.999966892923 6.27142560796e-05 0.99990018796 1.0
-0.0313429345087 0.999880022009 6.27142560796e-05 0.999851472585 1.0
-0.0310837593405 0.99965575815 6.27142560796e-05 0.99980386955 1.0
-0.0308245841722 0.999578790175 6.27142560796e-05 0.999768030085 3.0
-0.0305654090039 0.999680572237 6.27142560796e-05 0.999738922158 3.0
-0.0303062338357 0.999812544304 6.27142560796e-05 0.999713587868 3.0
-0.0300470586674 0.99961312761 6.27142560796e-05 0.999690929034 3.0
-0.0297878834992 0.999756965948 6.27142560796e-05 0.99967030059 3.0
-0.0295287083309 0.99972519298 6.27142560796e-05 0.999651288351 3.0
-0.0292695331626 0.999723361209 6.27142560796e-05 0.99963360885 3.0
-0.0290103579944 0.999672942035 6.27142560796e-05 0.999617057012 3.0
-0.0287511828261 0.999773940124 6.27142560796e-05 0.999601477804 3.0
-0.0284920076578 0.999581794105 6.27142560796e-05 0.999586750015 3.0
-0.0282328324896 0.999725032104 6.27142560796e-05 0.999572776416 3.0
-0.0279736573213 0.999489504943 6.27142560796e-05 0.999559477431 3.0
-0.0277144821531 0.999647643915 6.27142560796e-05 0.99954678687 3.0
-0.0274553069848 0.999709379029 6.27142560796e-05 0.999534648931 3.0
-0.0271961318165 0.999508497999 6.27142560796e-05 0.999523016035 3.0
-0.0269369566483 0.999718330836 6.27142560796e-05 0.999511847209 3.0
-0.02667778148 0.999487914729 6.27142560796e-05 0.999501106866 3.0
-0.0264186063117 0.999554710855 6.27142560796e-05 0.999490763859 3.0
-0.0261594311435 0.999450562259 6.27142560796e-05 0.99948079074 3.0
-0.0259002559752 0.999392308092 6.27142560796e-05 0.999471163169 3.0
-0.025641080807 0.999546790067 6.27142560796e-05 0.999461859441 3.0
-0.0253819056387 0.999399088721 6.27142560796e-05 0.999452860107 3.0
-0.0251227304704 0.999249723824 6.27142560796e-05 0.99944414765 3.0
-0.0248635553022 0.999350339344 6.27142560796e-05 0.999435706231 3.0
-0.0246043801339 0.99935804399 6.27142560796e-05 0.999427521469 3.0
-0.0243452049656 0.999508741969 6.27142560796e-05 0.999419580263 3.0
-0.0240860297974 0.999276442463 6.27142560796e-05 0.999411870631 3.0
-0.0238268546291 0.999320433636 6.27142560796e-05 0.999404381587 3.0
-0.0235676794609 0.999489253762 6.27142560796e-05 0.999397103024 3.0
-0.0233085042926 0.999287792475 6.27142560796e-05 0.999390025621 3.0
-0.0230493291243 0.999365062733 6.27142560796e-05 0.99938314076 3.0
-0.0227901539561 0.999379256317 6.27142560796e-05 0.99937644045 3.0
-0.0225309787878 0.999260974017 6.27142560796e-05 0.999369917273 3.0
-0.0222718036195 0.999292346771 6.27142560796e-05 0.999363564319 3.0
-0.0220126284513 0.999191258255 6.27142560796e-05 0.999357375145 3.0
-0.021753453283 0.999266527101 6.27142560796e-05 0.999351343732 3.0
-0.0214942781148 0.999309762112 6.27142560796e-05 0.999345464444 3.0
-0.0212351029465 0.999268984647 6.27142560796e-05 0.999339731996 3.0
-0.0209759277782 0.999400029033 6.27142560796e-05 0.999334141427 3.0
-0.02071675261 0.999376701412 6.27142560796e-05 0.999328688069 3.0
-0.0204575774417 0.998984417471 6.27142560796e-05 0.99932336753 3.0
-0.0201984022735 0.99959140187 6.27142560796e-05 0.999318175663 3.0
-0.0199392271052 0.999202966385 6.27142560796e-05 0.999313108557 3.0
-0.0196800519369 0.999304839611 6.27142560796e-05 0.999308162512 3.0
-0.0194208767687 0.999197192603 6.27142560796e-05 0.999303334028 3.0
-0.0191617016004 0.999230584648 6.27142560796e-05 0.999298619789 3.0
-0.0189025264321 0.999391124415 6.27142560796e-05 0.99929401665 3.0
-0.0186433512639 0.999283754531 6.27142560796e-05 0.999289521626 3.0
-0.0183841760956 0.999232455357 6.27142560796e-05 0.99928513188 3.0
-0.0181250009274 0.999308908838 6.27142560796e-05 0.999280844715 3.0
-0.0178658257591 0.999295870884 6.27142560796e-05 0.999276657563 3.0
-0.0176066505908 0.999232366615 6.27142560796e-05 0.999272567981 3.0
-0.0173474754226 0.999281704148 6.27142560796e-05 0.999268573637 3.0
-0.0170883002543 0.999143254617 6.27142560796e-05 0.999264672308 3.0
-0.016829125086 0.999382806655 6.27142560796e-05 0.999260861872 3.0
-0.0165699499178 0.999148379499 6.27142560796e-05 0.999257140303 3.0
-0.0163107747495 0.999065433068 6.27142560796e-05 0.999253505664 3.0
-0.0160515995813 0.999257843239 6.27142560796e-05 0.999249956102 3.0
-0.015792424413 0.999218533466 6.27142560796e-05 0.999246489846 3.0
-0.0155332492447 0.999324831047 6.27142560796e-05 0.999243105199 3.0
-0.0152740740765 0.999183947576 6.27142560796e-05 0.999239800537 3.0
-0.0150148989082 0.999173415238 6.27142560796e-05 0.999236574304 3.0
-0.0147557237399 0.999122449634 6.27142560796e-05 0.999233425009 3.0
-0.0144965485717 0.999309892781 6.27142560796e-05 0.999230351219 3.0
-0.0142373734034 0.999132739401 6.27142560796e-05 0.999227351564 3.0
-0.0139781982352 0.999261078094 6.27142560796e-05 0.999224424727 3.0
-0.0137190230669 0.999270207728 6.27142560796e-05 0.999221569444 3.0
-0.0134598478986 0.999363679381 6.27142560796e-05 0.999218784502 3.0
-0.0132006727304 0.999381851678 6.27142560796e-05 0.999216068736 3.0
-0.0129414975621 0.999143861391 6.27142560796e-05 0.999213421026 3.0
-0.0126823223938 0.999400559929 6.27142560796e-05 0.999210840297 3.0
-0.0124231472256 0.999343290381 6.27142560796e-05 0.999208325515 3.0
-0.0121639720573 0.999180063231 6.27142560796e-05 0.999205875689 3.0
-0.0119047968891 0.999157919383 6.27142560796e-05 0.999203489862 3.0
-0.0116456217208 0.999221071775 6.27142560796e-05 0.999201167118 3.0
-0.0113864465525 0.999353240539 6.27142560796e-05 0.999198906575 3.0
-0.0111272713843 0.999155501797 6.27142560796e-05 0.999196707385 3.0
-0.010868096216 0.99915374365 6.27142560796e-05 0.999194568732 3.0
-0.0106089210477 0.999409335354 6.27142560796e-05 0.999192489834 3.0
-0.0103497458795 0.999271547622 6.27142560796e-05 0.999190469936 3.0
-0.0100905707112 0.999164811697 6.27142560796e-05 0.999188508317 3.0
-0.00983139554296 0.999045948836 6.27142560796e-05 0.999186604279 3.0
-0.0095722203747 0.999050915405 6.27142560796e-05 0.999184757155 3.0
-0.00931304520644 0.99918303689 6.27142560796e-05 0.999182966302 3.0
-0.00905387003818 0.999171649262 6.27142560796e-05 0.999181231105 3.0
-0.00879469486991 0.999076293081 6.27142560796e-05 0.999179550972 3.0
-0.00853551970165 0.999189932592 6.27142560796e-05 0.999177925335 3.0
-0.00827634453339 0.999175381852 6.27142560796e-05 0.999176353649 3.0
-0.00801716936513 0.999162971635 6.27142560796e-05 0.999174835393 3.0
-0.00775799419687 0.999296852021 6.27142560796e-05 0.999173370065 3.0
-0.0074988190286 0.999080549475 6.27142560796e-05 0.999171957187 3.0
-0.00723964386034 0.999155731163 6.27142560796e-05 0.999170596299 3.0
-0.00698046869208 0.999283351173 6.27142560796e-05 0.999169286964 3.0
-0.00672129352382 0.999127576301 6.27142560796e-05 0.999168028763 3.0
-0.00646211835555 0.999132176511 6.27142560796e-05 0.999166821295 3.0
-0.00620294318729 0.99915186469 6.27142560796e-05 0.999165664179 3.0
-0.00594376801903 0.99922999135 6.27142560796e-05 0.999164557052 3.0
-0.00568459285077 0.999199126464 6.27142560796e-05 0.999163499568 3.0
-0.00542541768251 0.999133601294 6.27142560796e-05 0.999162491399 3.0
-0.00516624251424 0.99937088236 6.27142560796e-05 0.999161532233 3.0
-0.00490706734598 0.999219063001 6.27142560796e-05 0.999160621777 3.0
-0.00464789217772 0.999107538609 6.27142560796e-05 0.99915975975 3.0
-0.00438871700946 0.999128319055 6.27142560796e-05 0.999158945893 3.0
-0.00412954184119 0.999083909984 6.27142560796e-05 0.999158179957 3.0
-0.00387036667293 0.999246750177 6.27142560796e-05 0.999157461711 3.0
-0.00361119150467 0.999263378423 6.27142560796e-05 0.999156790939 3.0
-0.00335201633641 0.999169412682 6.27142560796e-05 0.999156167442 3.0
-0.00309284116815 0.999183624775 6.27142560796e-05 0.999155591031 3.0
-0.00283366599988 0.999138760059 6.27142560796e-05 0.999155061536 3.0
-0.00257449083162 0.999137644484 6.27142560796e-05 0.999154578799 3.0
-0.00231531566336 0.999076153303 6.27142560796e-05 0.999154142678 3.0
-0.0020561404951 0.999088904293 6.27142560796e-05 0.999153753043 3.0
-0.00179696532684 0.999379083599 6.27142560796e-05 0.99915340978 3.0
-0.00153779015857 0.99924312943 6.27142560796e-05 0.999153112788 3.0
-0.00127861499031 0.999022707917 6.27142560796e-05 0.99915286198 3.0
-0.00101943982205 0.999020366998 6.27142560796e-05 0.999152657283 3.0
-0.000760264653786 0.999198957261 6.27142560796e-05 0.999152498637 3.0
-0.000501089485524 0.999181929917 6.27142560796e-05 0.99915236059 3.0
-0.000241914317262 0.999092774796 6.27142560796e-05 0.999152293943 3.0
1.72608510002e-05 0.998980970674 6.27142560796e-05 0.999152273354 3.0
0.000276436019262 0.999143139762 6.27142560796e-05 0.999152298952 3.0
0.000535611187525 0.999129037429 6.27142560796e-05 0.999152370592 3.0
0.000794786355787 0.999157387149 6.27142560796e-05 0.999152513632 3.0
0.00105396152405 0.999263350744 6.27142560796e-05 0.999152677274 3.0
0.00131313669231 0.998948320862 6.27142560796e-05 0.999152886974 3.0
0.00157231186057 0.999196653983 6.27142560796e-05 0.999153142792 3.0
0.00183148702884 0.999044748003 6.27142560796e-05 0.999153444802 3.0
0.0020906621971 0.999096495394 6.27142560796e-05 0.999153793094 3.0
0.00234983736536 0.999458068811 6.27142560796e-05 0.999154187769 3.0
0.00260901253362 0.999147123789 6.27142560796e-05 0.999154628944 3.0
0.00286818770188 0.999367159669 6.27142560796e-05 0.999155116749 3.0
0.00312736287015 0.999117550003 6.27142560796e-05 0.999155651329 3.0
0.00338653803841 0.999128318819 6.27142560796e-05 0.999156232843 3.0
0.00364571320667 0.999438073148 6.27142560796e-05 0.999156861463 3.0
0.00390488837493 0.9991294638 6.27142560796e-05 0.999157537378 3.0
0.0041640635432 0.999188490833 6.27142560796e-05 0.99915826079 3.0
0.00442323871146 0.999090275276 6.27142560796e-05 0.999159031917 3.0
0.00468241387972 0.999134378445 6.27142560796e-05 0.999159850991 3.0
0.00494158904798 0.99934094474 6.27142560796e-05 0.999160718262 3.0
0.00520076421624 0.999283005328 6.27142560796e-05 0.999161633992 3.0
0.00545993938451 0.999040869453 6.27142560796e-05 0.999162598463 3.0
0.00571911455277 0.999341872925 6.27142560796e-05 0.99916361197 3.0
0.00597828972103 0.999232273983 6.27142560796e-05 0.999164674827 3.0
0.00623746488929 0.999031628912 6.27142560796e-05 0.999165787363 3.0
0.00649664005756 0.999146828701 6.27142560796e-05 0.999166949927 3.0
0.00675581522582 0.999068214445 6.27142560796e-05 0.999168162884 3.0
0.00701499039408 0.999250459162 6.27142560796e-05 0.999169426616 3.0
0.00727416556234 0.999209739787 6.27142560796e-05 0.999170741526 3.0
0.0075333407306 0.998993855794 6.27142560796e-05 0.999172108036 3.0
0.00779251589887 0.999245471938 6.27142560796e-05 0.999173526585 3.0
0.00805169106713 0.999171282768 6.27142560796e-05 0.999174997635 3.0
0.00831086623539 0.999326426311 6.27142560796e-05 0.999176521667 3.0
0.00857004140365 0.999172669864 6.27142560796e-05 0.999178099184 3.0
0.00882921657191 0.999094624471 6.27142560796e-05 0.99917973071 3.0
0.00908839174018 0.999127212583 6.27142560796e-05 0.999181416792 3.0
0.00934756690844 0.999211350281 6.27142560796e-05 0.999183158002 3.0
0.0096067420767 0.99902828265 6.27142560796e-05 0.999184954932 3.0
0.00986591724496 0.999084325723 6.27142560796e-05 0.999186808203 3.0
0.0101250924132 0.999174988937 6.27142560796e-05 0.999188718459 3.0
0.0103842675815 0.999332959137 6.27142560796e-05 0.999190686371 3.0
0.0106434427498 0.9992796167 6.27142560796e-05 0.999192712637 3.0
0.010902617918 0.998980919193 6.27142560796e-05 0.999194797985 3.0
0.0111617930863 0.999295094092 6.27142560796e-05 0.999196943171 3.0
0.0114209682545 0.999228690345 6.27142560796e-05 0.999199148982 3.0
0.0116801434228 0.999181242213 6.27142560796e-05 0.999201416235 3.0
0.0119393185911 0.999240990984 6.27142560796e-05 0.999203745784 3.0
0.0121984937593 0.999113863795 6.27142560796e-05 0.999206138513 3.0
0.0124576689276 0.999249785084 6.27142560796e-05 0.999208595344 3.0
0.0127168440958 0.999190781399 6.27142560796e-05 0.999211117235 3.0
0.0129760192641 0.999035825573 6.27142560796e-05 0.999213705184 3.0
0.0132351944324 0.999312605881 6.27142560796e-05 0.999216360229 3.0
0.0134943696006 0.999131483973 6.27142560796e-05 0.99921908345 3.0
0.0137535447689 0.999233820249 6.27142560796e-05 0.999221875971 3.0
0.0140127199372 0.999243621734 6.27142560796e-05 0.999224738961 3.0
0.0142718951054 0.999136986136 6.27142560796e-05 0.999227673641 3.0
0.0145310702737 0.999483634567 6.27142560796e-05 0.999230681279 3.0
0.0147902454419 0.999133435683 6.27142560796e-05 0.999233763197 3.0
0.0150494206102 0.99922065136 6.27142560796e-05 0.999236920775 3.0
0.0153085957785 0.999200526928 6.27142560796e-05 0.999240155448 3.0
0.0155677709467 0.999187694331 6.27142560796e-05 0.999243468716 3.0
0.015826946115 0.999241932296 6.27142560796e-05 0.999246862142 3.0
0.0160861212833 0.999330306224 6.27142560796e-05 0.999250337358 3.0
0.0163452964515 0.998925805058 6.27142560796e-05 0.999253896068 3.0
0.0166044716198 0.999285781126 6.27142560796e-05 0.999257540053 3.0
0.016863646788 0.999240268679 6.27142560796e-05 0.999261271173 3.0
0.0171228219563 0.999150706951 6.27142560796e-05 0.999265091376 3.0
0.0173819971246 0.999255782876 6.27142560796e-05 0.999269002698 3.0
0.0176411722928 0.999201659091 6.27142560796e-05 0.999273007271 3.0
0.0179003474611 0.999345753629 6.27142560796e-05 0.99927710733 3.0
0.0181595226294 0.99939799999 6.27142560796e-05 0.999281305218 3.0
0.0184186977976 0.999260785769 6.27142560796e-05 0.999285603392 3.0
0.0186778729659 0.999371139849 6.27142560796e-05 0.999290004433 3.0
0.0189370481341 0.999183089006 6.27142560796e-05 0.999294511054 3.0
0.0191962233024 0.999316102149 6.27142560796e-05 0.999299126106 3.0
0.0194553984707 0.999432108873 6.27142560796e-05 0.999303852592 3.0
0.0197145736389 0.99925445516 6.27142560796e-05 0.999308693673 3.0
0.0199737488072 0.99944970712 6.27142560796e-05 0.999313652687 3.0
0.0202329239755 0.999218360568 6.27142560796e-05 0.999318733154 3.0
0.0204920991437 0.999218861127 6.27142560796e-05 0.999323938795 3.0
0.020751274312 0.99940158622 6.27142560796e-05 0.999329273548 3.0
0.0210104494802 0.999151198138 6.27142560796e-05 0.999334741583 3.0
0.0212696246485 0.999426321852 6.27142560796e-05 0.999340347323 3.0
0.0215287998168 0.999366114337 6.27142560796e-05 0.999346095465 3.0
0.021787974985 0.999293330101 6.27142560796e-05 0.999351991005 3.0
0.0220471501533 0.999387239636 6.27142560796e-05 0.999358039265 3.0
0.0223063253215 0.999429133609 6.27142560796e-05 0.999364245918 3.0
0.0225655004898 0.999257619311 6.27142560796e-05 0.999370617031 3.0
0.0228246756581 0.999365471932 6.27142560796e-05 0.999377159094 3.0
0.0230838508263 0.999362553822 6.27142560796e-05 0.999383879068 3.0
0.0233430259946 0.999317815351 6.27142560796e-05 0.999390784434 3.0
0.0236022011629 0.999465019071 6.27142560796e-05 0.999397883244 3.0
0.0238613763311 0.999150906861 6.27142560796e-05 0.999405184191 3.0
0.0241205514994 0.999552711696 6.27142560796e-05 0.999412696677 3.0
0.0243797266676 0.999495114408 6.27142560796e-05 0.999420430899 3.0
0.0246389018359 0.999462468781 6.27142560796e-05 0.999428397946 3.0
0.0248980770042 0.999422101658 6.27142560796e-05 0.999436609912 3.0
0.0251572521724 0.999401491092 6.27142560796e-05 0.999445080034 3.0
0.0254164273407 0.999479494085 6.27142560796e-05 0.999453822838 3.0
0.025675602509 0.999401176115 6.27142560796e-05 0.999462854336 3.0
0.0259347776772 0.99947524772 6.27142560796e-05 0.999472192239 3.0
0.0261939528455 0.999608046989 6.27142560796e-05 0.999481856227 3.0
0.0264531280137 0.999425904548 6.27142560796e-05 0.99949186827 3.0
0.026712303182 0.999582446202 6.27142560796e-05 0.99950225302 3.0
0.0269714783503 0.999547125459 6.27142560796e-05 0.999513038297 3.0
0.0272306535185 0.999499011703 6.27142560796e-05 0.99952425569 3.0
0.0274898286868 0.999691337488 6.27142560796e-05 0.999535941321 3.0
0.0277490038551 0.999598104489 6.27142560796e-05 0.999548136815 3.0
0.0280081790233 0.999581461091 6.27142560796e-05 0.999560890558 3.0
0.0282673541916 0.999672208798 6.27142560796e-05 0.999574259361 3.0
0.0285265293598 0.999733315154 6.27142560796e-05 0.999588310706 3.0
0.0287857045281 0.999734317947 6.27142560796e-05 0.99960312585 3.0
0.0290448796964 0.999673087304 6.27142560796e-05 0.999618804271 3.0
0.0293040548646 0.999729218896 6.27142560796e-05 0.999635470291 3.0
0.0295632300329 0.999663528689 6.27142560796e-05 0.99965328344 3.0
0.0298224052012 0.999705830149 6.27142560796e-05 0.999672455631 3.0
0.0300815803694 0.999650023474 6.27142560796e-05 0.999693281394 3.0
0.0303407555377 0.999742347063 6.27142560796e-05 0.999716193938 3.0
0.0305999307059 0.999714213031 6.27142560796e-05 0.999741872926 3.0
0.0308591058742 0.9995273446 6.27142560796e-05 0.999771496511 3.0
0.0311182810425 0.999766333306 6.27142560796e-05 0.999808651717 2.0
0.0313774562107 0.99985666426 6.27142560796e-05 0.99985685321 2.0
0.031636631379 0.999936055274 6.27142560796e-05 0.999905259443 2.0
0.0318958065473 0.999850944761 6.27142560796e-05 0.999948250038 2.0
0.0321549817155 1.00003284282 6.27142560796e-05 0.999981893721 2.0
0.0324141568838 1.00011470338 6.27142560796e-05 1.00000316371 2.0
0.032673332052 1.00013051265 6.27142560796e-05 1.00000952781 0.0
0.0329325072203 1.00001168507 6.27142560796e-05 1.00000952781 0.0
0.0331916823886 1.0000042566 6.27142560796e-05 1.00000952781 0.0
0.0334508575568 0.999947138149 6.27142560796e-05 1.00000952781 0.0
0.0337100327251 0.999977152875 6.27142560796e-05 1.00000952781 0.0
0.0339692078933 0.999926516784 6.27142560796e-05 1.00000952781 0.0
0.0342283830616 0.999931408601 6.27142560796e-05 1.00000952781 0.0
0.0344875582299 1.00009971259 6.27142560796e-05 1.00000952781 0.0
0.0347467333981 1.00000470356 6.27142560796e-05 1.00000952781 0.0
0.0350059085664 0.999988676898 6.27142560796e-05 1.00000952781 0.0
0.0352650837347 1.00012385191 6.27142560796e-05 1.00000952781 0.0
0.0355242589029 0.999940061547 6.27142560796e-05 1.00000952781 0.0
0.0357834340712 0.999885245579 6.27142560796e-05 1.00000952781 0.0
0.0360426092394 1.00004525637 6.27142560796e-05 1.00000952781 0.0
0.0363017844077 0.999917199208 6.27142560796e-05 1.00000952781 0.0
0.036560959576 0.99989027285 6.27142560796e-05 1.00000952781 0.0
0.0368201347442 1.0000104191 6.27142560796e-05 1.00000952781 0.0
0.0370793099125 0.99999775126 6.27142560796e-05 1.00000952781 0.0
0.0373384850808 0.999944245443 6.27142560796e-05 1.00000952781 0.0
0.037597660249 1.00003050583 6.27142560796e-05 1.00000952781 0.0
0.0378568354173 1.00013257268 6.27142560796e-05 1.00000952781 0.0
0.0381160105855 1.00004020624 6.27142560796e-05 1.00000952781 0.0
0.0383751857538 1.00004336796 6.27142560796e-05 1.00000952781 0.0
0.0386343609221 1.00003529863 6.27142560796e-05 1.00000952781 0.0
