-0.255539800618 1.00120207613 0.000646507111815 1.00010653412 0.0
-0.253835520288 1.00101434494 0.000646507111815 1.00010653412 0.0
-0.252131239958 0.999615406848 0.000646507111815 1.00010653412 0.0
-0.250426959628 1.00019094622 0.000646507111815 1.00010653412 0.0
-0.248722679297 1.00107272927 0.000646507111815 1.00010653412 0.0
-0.247018398967 0.999630573916 0.000646507111815 1.00010653412 0.0
-0.245314118637 0.999706750192 0.000646507111815 1.00010653412 0.0
-0.243609838307 1.00100929799 0.000646507111815 1.00010653412 0.0
-0.241905557977 0.999581154635 0.000646507111815 1.00010653412 0.0
-0.240201277647 1.0000726649 0.000646507111815 1.00010653412 0.0
-0.238496997316 1.00114672056 0.000646507111815 1.00010653412 0.0
-0.236792716986 0.999827628976 0.000646507111815 1.00010653412 0.0
-0.235088436656 0.999805424705 0.000646507111815 1.00010653412 0.0
-0.233384156326 0.998812642235 0.000646507111815 1.00010653412 0.0
-0.231679875996 0.999761488199 0.000646507111815 1.00010653412 0.0
-0.229975595666 0.999229155163 0.000646507111815 1.00010653412 0.0
-0.228271315335 0.999810062888 0.000646507111815 1.00010653412 0.0
-0.226567035005 0.999766305441 0.000646507111815 1.00010653412 0.0
-0.224862754675 0.999947494728 0.000646507111815 1.00010653412 0.0
-0.223158474345 1.00050895053 0.000646507111815 1.00010653412 0.0
-0.221454194015 0.999872001331 0.000646507111815 1.00010653412 0.0
-0.219749913685 0.999340163239 0.000646507111815 1.00010653412 0.0
-0.218045633354 1.00038934561 0.000646507111815 1.00010653412 0.0
-0.216341353024 0.99937183929 0.000646507111815 1.00010653412 0.0
-0.214637072694 0.999735459037 0.000646507111815 1.00010653412 0.0
-0.212932792364 0.999860686086 0.000646507111815 1.00008324978 1.0
-0.211228512034 0.999712118966 0.000646507111815 0.99999980757 1.0
-0.209524231704 1.00116836446 0.000646507111815 0.99987811038 1.0
-0.207819951373 1.00039870338 0.000646507111815 0.999725787437 1.0
-0.206115671043 0.999579772917 0.000646507111815 0.999547399162 1.0
-0.204411390713 0.998287804165 0.000646507111815 0.999346311628 1.0
-0.202707110383 0.998857324276 0.000646507111815 0.99912527861 1.0
-0.201002830053 0.998911733461 0.000646507111815 0.998886697862 1.0
-0.199298549722 0.997354535336 0.000646507111815 0.998632747325 1.0
-0.197594269392 0.998360197245 0.000646507111815 0.998365467565 1.0
-0.195889989062 0.998187385882 0.000646507111815 0.998086817222 1.0
-0.194185708732 0.99790150496 0.000646507111815 0.997798714131 1.0
-0.192481428402 0.998028051615 0.000646507111815 0.997503068951 1.0
-0.190777148072 0.997016032439 0.000646507111815 0.997201815572 1.0
-0.189072867741 0.99694207297 0.000646507111815 0.996896941601 1.0
-0.187368587411 0.996860735902 0.000646507111815 0.996590522064 1.0
-0.185664307081 0.994976618021 0.000646507111815 0.996284760273 1.0
-0.183960026751 0.996398772048 0.000646507111815 0.995982041675 1.0
-0.182255746421 0.995674426472 0.000646507111815 0.995685010655 1.0
-0.180551466091 0.994938391994 0.000646507111815 0.995396689307 1.0
-0.17884718576 0.995415366209 0.000646507111815 0.995120678996 1.0
-0.17714290543 0.995364794402 0.000646507111815 0.994861546756 1.0
-0.1754386251 0.995536551798 0.000646507111815 0.994625719167 1.0
-0.17373434477 0.994575783466 0.000646507111815 0.994424512659 1.0
-0.17203006444 0.993808629103 0.000646507111815 0.994288736378 3.0
-0.17032578411 0.994067192693 0.000646507111815 0.994180937371 3.0
-0.168621503779 0.994575625581 0.000646507111815 0.994082373667 3.0
-0.166917223449 0.994979824015 0.000646507111815 0.99399092535 3.0
-0.165212943119 0.99367265035 0.000646507111815 0.993905341081 3.0
-0.163508662789 0.995028037525 0.000646507111815 0.99382476505 3.0
-0.161804382459 0.992997788904 0.000646507111815 0.993748564237 3.0
-0.160100102129 0.993327129893 0.000646507111815 0.993676246672 3.0
-0.158395821798 0.993420696601 0.000646507111815 0.993607416792 3.0
-0.156691541468 0.993656232394 0.000646507111815 0.993541748561 3.0
-0.154987261138 0.993668873544 0.000646507111815 0.993478968118 3.0
-0.153282980808 0.993314906553 0.000646507111815 0.993418841949 3.0
-0.151578700478 0.993000784614 0.000646507111815 0.993361168495 3.0
-0.149874420148 0.993411939939 0.000646507111815 0.993305771987 3.0
-0.148170139817 0.993276959975 0.000646507111815 0.993252497807 3.0
-0.146465859487 0.993092888376 0.000646507111815 0.993201208911 3.0
-0.144761579157 0.992416046019 0.000646507111815 0.993151783029 3.0
-0.143057298827 0.994022944804 0.000646507111815 0.993104110433 3.0
-0.141353018497 0.992174129545 0.000646507111815 0.993058092135 3.0
-0.139648738166 0.992226136332 0.000646507111815 0.993013638416 3.0
-0.137944457836 0.992584529139 0.000646507111815 0.992970667616 3.0
-0.136240177506 0.993191943564 0.000646507111815 0.992929105122 3.0
-0.134535897176 0.99232574909 0.000646507111815 0.992888882521 3.0
-0.132831616846 0.993004967017 0.000646507111815 0.992849936883 3.0
-0.131127336516 0.993804228793 0.000646507111815 0.992812210149 3.0
-0.129423056185 0.993252921067 0.000646507111815 0.992775648613 3.0
-0.127718775855 0.993185846108 0.000646507111815 0.992740202465 3.0
-0.126014495525 0.991895134374 0.000646507111815 0.992705825402 3.0
-0.124310215195 0.993515392126 0.000646507111815 0.99267247429 3.0
-0.122605934865 0.992564781706 0.000646507111815 0.992640108865 3.0
-0.120901654535 0.992105851154 0.000646507111815 0.992608691468 3.0
-0.119197374204 0.993421135349 0.000646507111815 0.99257818682 3.0
-0.117493093874 0.993096979012 0.000646507111815 0.992548561814 3.0
-0.115788813544 0.992680652416 0.000646507111815 0.992519785334 3.0
-0.114084533214 0.992701328613 0.000646507111815 0.992491828092 3.0
-0.112380252884 0.992730156579 0.000646507111815 0.992464662486 3.0
-0.110675972554 0.991941471328 0.000646507111815 0.992438262466 3.0
-0.108971692223 0.991693217501 0.000646507111815 0.992412603421 3.0
-0.107267411893 0.993249103755 0.000646507111815 0.992387662072 3.0
-0.105563131563 0.991766937355 0.000646507111815 0.992363416374 3.0
-0.103858851233 0.992596343851 0.000646507111815 0.992339845434 3.0
-0.102154570903 0.992535877479 0.000646507111815 0.99231692943 3.0
-0.100450290573 0.992383232616 0.000646507111815 0.99229464954 3.0
-0.0987460102424 0.992489687931 0.000646507111815 0.992272987875 3.0
-0.0970417299122 0.991820409062 0.000646507111815 0.992251927423 3.0
-0.095337449582 0.992494369319 0.000646507111815 0.992231451991 3.0
-0.0936331692518 0.991637436283 0.000646507111815 0.992211546157 3.0
-0.0919288889217 0.991976721876 0.000646507111815 0.992192195223 3.0
-0.0902246085915 0.9924004898 0.000646507111815 0.992173385174 3.0
-0.0885203282613 0.9918607046 0.000646507111815 0.992155102636 3.0
-0.0868160479312 0.991692926 0.000646507111815 0.992137334842 3.0
-0.085111767601 0.992617087089 0.000646507111815 0.992120069601 3.0
-0.0834074872708 0.991861051153 0.000646507111815 0.992103295263 3.0
-0.0817032069406 0.992611411025 0.000646507111815 0.992087000691 3.0
-0.0799989266105 0.992163659949 0.000646507111815 0.992071175238 3.0
-0.0782946462803 0.990569849201 0.000646507111815 0.992055808718 3.0
-0.0765903659501 0.992115300429 0.000646507111815 0.992040891387 3.0
-0.07488608562 0.99297438726 0.000646507111815 0.992026413919 3.0
-0.0731818052898 0.991898755175 0.000646507111815 0.992012367387 3.0
-0.0714775249596 0.993310619771 0.000646507111815 0.991998743245 3.0
-0.0697732446294 0.991943966264 0.000646507111815 0.99198553331 3.0
-0.0680689642993 0.99071297055 0.000646507111815 0.991972729745 3.0
-0.0663646839691 0.992394767405 0.000646507111815 0.991960325047 3.0
-0.0646604036389 0.99136154572 0.000646507111815 0.991948312029 3.0
-0.0629561233088 0.99254939696 0.000646507111815 0.991936683812 3.0
-0.0612518429786 0.993238931779 0.000646507111815 0.991925433804 3.0
-0.0595475626484 0.991332539257 0.000646507111815 0.9919145557 3.0
-0.0578432823182 0.992411397307 0.000646507111815 0.991904043459 3.0
-0.0561390019881 0.991890275373 0.000646507111815 0.991893891304 3.0
-0.0544347216579 0.992744530925 0.000646507111815 0.991884093705 3.0
-0.0527304413277 0.991267910538 0.000646507111815 0.991874645376 3.0
-0.0510261609976 0.992662776495 0.000646507111815 0.991865541263 3.0
-0.0493218806674 0.992225221773 0.000646507111815 0.991856776534 3.0
-0.0476176003372 0.992476292029 0.000646507111815 0.991848346577 3.0
-0.045913320007 0.992146016899 0.000646507111815 0.991840246991 3.0
-0.0442090396769 0.991475260591 0.000646507111815 0.991832473576 3.0
-0.0425047593467 0.992317535746 0.000646507111815 0.991825022332 3.0
-0.0408004790165 0.991649946186 0.000646507111815 0.99181788945 3.0
-0.0390961986864 0.991678460051 0.000646507111815 0.991811071307 3.0
-0.0373919183562 0.991975164103 0.000646507111815 0.991804564461 3.0
-0.035687638026 0.991428918923 0.000646507111815 0.991798365649 3.0
-0.0339833576958 0.992349135653 0.000646507111815 0.991792471777 3.0
-0.0322790773657 0.992870869628 0.000646507111815 0.991786879921 3.0
-0.0305747970355 0.992174940206 0.000646507111815 0.991781587319 3.0
-0.0288705167053 0.991220471695 0.000646507111815 0.991776591372 3.0
-0.0271662363752 0.992021834622 0.000646507111815 0.991771889635 3.0
-0.025461956045 0.991879854783 0.000646507111815 0.991767479818 3.0
-0.0237576757148 0.991700876897 0.000646507111815 0.991763359782 3.0
-0.0220533953846 0.992100286839 0.000646507111815 0.991759527537 3.0
-0.0203491150545 0.991583033989 0.000646507111815 0.991755981236 3.0
-0.0186448347243 0.992295262465 0.000646507111815 0.991752719178 3.0
-0.0169405543941 0.990901736688 0.000646507111815 0.9917497398 3.0
-0.0152362740639 0.99218836946 0.000646507111815 0.991747041682 3.0
-0.0135319937338 0.991917575376 0.000646507111815 0.991744623538 3.0
-0.0118277134036 0.991457758549 0.000646507111815 0.991742484221 3.0
-0.0101234330734 0.991382915547 0.000646507111815 0.991740622715 3.0
-0.00841915274326 0.992106518407 0.000646507111815 0.991739038139 3.0
-0.00671487241309 0.991539176445 0.000646507111815 0.991737729746 3.0
-0.00501059208292 0.991720831507 0.000646507111815 0.991736696918 3.0
-0.00330631175275 0.991886722733 0.000646507111815 0.991735939166 3.0
-0.00160203142258 0.99167239893 0.000646507111815 0.991735456136 3.0
0.000102248907596 0.990553419308 0.000646507111815 0.991735247599 3.0
0.00180652923777 0.991668385569 0.000646507111815 0.991735313456 3.0
0.00351080956794 0.992672549322 0.000646507111815 0.99173565374 3.0
0.00521508989811 0.992150470398 0.000646507111815 0.99173626861 3.0
0.00691937022828 0.99093778456 0.000646507111815 0.991737158356 3.0
0.00862365055845 0.99260659264 0.000646507111815 0.991738323396 3.0
0.0103279308886 0.992036332271 0.000646507111815 0.991739764282 3.0
0.0120322112188 0.990866719519 0.000646507111815 0.991741481692 3.0
0.013736491549 0.991137254073 0.000646507111815 0.99174347644 3.0
0.0154407718791 0.992083955918 0.000646507111815 0.991745749469 3.0
0.0171450522093 0.990863328207 0.000646507111815 0.991748301859 3.0
0.0188493325395 0.990873677946 0.000646507111815 0.991751134823 3.0
0.0205536128697 0.991193116301 0.000646507111815 0.991754249711 3.0
0.0222578931998 0.991933273676 0.000646507111815 0.991757648013 3.0
0.02396217353 0.991733658051 0.000646507111815 0.991761331356 3.0
0.0256664538602 0.991401519144 0.000646507111815 0.991765301512 3.0
0.0273707341903 0.991434660126 0.000646507111815 0.991769560395 3.0
0.0290750145205 0.992358000766 0.000646507111815 0.991774110068 3.0
0.0307792948507 0.991790359452 0.000646507111815 0.991778952742 3.0
0.0324835751809 0.991865351896 0.000646507111815 0.99178409078 3.0
0.034187855511 0.990820089489 0.000646507111815 0.9917895267 3.0
0.0358921358412 0.992079046482 0.000646507111815 0.99179526318 3.0
0.0375964161714 0.992113132323 0.000646507111815 0.991801303059 3.0
0.0393006965015 0.991787727376 0.000646507111815 0.991807649342 3.0
0.0410049768317 0.991194937557 0.000646507111815 0.991814305203 3.0
0.0427092571619 0.991897353689 0.000646507111815 0.991821273991 3.0
0.0444135374921 0.992018789846 0.000646507111815 0.991828559235 3.0
0.0461178178222 0.991051390215 0.000646507111815 0.991836164646 3.0
0.0478220981524 0.99046105677 0.000646507111815 0.991844094123 3.0
0.0495263784826 0.991898609919 0.000646507111815 0.991852351763 3.0
0.0512306588127 0.993069508111 0.000646507111815 0.99186094186 3.0
0.0529349391429 0.992109732101 0.000646507111815 0.991869868917 3.0
0.0546392194731 0.991714317702 0.000646507111815 0.99187913765 3.0
0.0563434998033 0.99256954882 0.000646507111815 0.991888752996 3.0
0.0580477801334 0.99191307232 0.000646507111815 0.99189872012 3.0
0.0597520604636 0.992566425084 0.000646507111815 0.991909044424 3.0
0.0614563407938 0.99193834566 0.000646507111815 0.991919731556 3.0
0.0631606211239 0.992134570486 0.000646507111815 0.991930787417 3.0
0.0648649014541 0.992117898368 0.000646507111815 0.991942218175 3.0
0.0665691817843 0.991942827783 0.000646507111815 0.99195403027 3.0
0.0682734621145 0.99177927257 0.000646507111815 0.991966230431 3.0
0.0699777424446 0.992357045403 0.000646507111815 0.991978825683 3.0
0.0716820227748 0.99056360249 0.000646507111815 0.991991823364 3.0
0.073386303105 0.990602507574 0.000646507111815 0.992005231135 3.0
0.0750905834351 0.993043640047 0.000646507111815 0.992019056996 3.0
0.0767948637653 0.99127379161 0.000646507111815 0.992033309303 3.0
0.0784991440955 0.992530400617 0.000646507111815 0.992047996783 3.0
0.0802034244257 0.991473012383 0.000646507111815 0.992063128551 3.0
0.0819077047558 0.992116876321 0.000646507111815 0.992078714133 3.0
0.083611985086 0.991530497596 0.000646507111815 0.992094763481 3.0
0.0853162654162 0.991908318831 0.000646507111815 0.992111287 3.0
0.0870205457464 0.991877495113 0.000646507111815 0.992128295569 3.0
0.0887248260765 0.993237599257 0.000646507111815 0.992145800566 3.0
0.0904291064067 0.992600253569 0.000646507111815 0.992163813899 3.0
0.0921333867369 0.992600332227 0.000646507111815 0.992182348032 3.0
0.093837667067 0.992364619112 0.000646507111815 0.992201416018 3.0
0.0955419473972 0.992423150987 0.000646507111815 0.992221031533 3.0
0.0972462277274 0.992366790606 0.000646507111815 0.992241208917 3.0
0.0989505080576 0.99215374774 0.000646507111815 0.992261963208 3.0
0.100654788388 0.99187467148 0.000646507111815 0.992283310194 3.0
0.102359068718 0.990696228407 0.000646507111815 0.992305266454 3.0
0.104063349048 0.992563570954 0.000646507111815 0.992327849413 3.0
0.105767629378 0.992853628986 0.000646507111815 0.992351077401 3.0
0.107471909708 0.992630273953 0.000646507111815 0.992374969711 3.0
0.109176190039 0.993665233432 0.000646507111815 0.99239954667 3.0
0.110880470369 0.991510598075 0.000646507111815 0.992424829714 3.0
0.112584750699 0.992627156224 0.000646507111815 0.992450841468 3.0
0.114289031029 0.991868273943 0.000646507111815 0.99247760584 3.0
0.115993311359 0.993275299804 0.000646507111815 0.992505148116 3.0
0.117697591689 0.992627472682 0.000646507111815 0.992533495076 3.0
0.11940187202 0.990351354739 0.000646507111815 0.992562675116 3.0
0.12110615235 0.992675267124 0.000646507111815 0.992592718379 3.0
0.12281043268 0.992429464584 0.000646507111815 0.992623656918 3.0
0.12451471301 0.992323078975 0.000646507111815 0.992655524859 3.0
0.12621899334 0.992763554691 0.000646507111815 0.992688358595 3.0
0.12792327367 0.992743300407 0.000646507111815 0.992722197005 3.0
0.129627554001 0.992096549899 0.000646507111815 0.992757081696 3.0
0.131331834331 0.99204567952 0.000646507111815 0.992793057285 3.0
0.133036114661 0.992074848685 0.000646507111815 0.992830171711 3.0
0.134740394991 0.994061181041 0.000646507111815 0.992868476604 3.0
0.136444675321 0.993782955249 0.000646507111815 0.992908027698 3.0
0.138148955652 0.993556481104 0.000646507111815 0.99294888532 3.0
0.139853235982 0.993300654437 0.000646507111815 0.99299111495 3.0
0.141557516312 0.99409243771 0.000646507111815 0.99303478788 3.0
0.143261796642 0.994207022031 0.000646507111815 0.993079981992 3.0
0.144966076972 0.992461098924 0.000646507111815 0.993126782676 3.0
0.146670357302 0.993227386624 0.000646507111815 0.993175283935 3.0
0.148374637633 0.99285644898 0.000646507111815 0.99322558971 3.0
0.150078917963 0.993321418305 0.000646507111815 0.993277815503 3.0
0.151783198293 0.99293216029 0.000646507111815 0.993332090365 3.0
0.153487478623 0.994290757787 0.000646507111815 0.993388559385 3.0
0.155191758953 0.993493236618 0.000646507111815 0.99344738683 3.0
0.156896039283 0.992642992431 0.000646507111815 0.99350876019 3.0
0.158600319614 0.993352516905 0.000646507111815 0.993572895477 3.0
0.160304599944 0.993417031012 0.000646507111815 0.99364004435 3.0
0.162008880274 0.993415504705 0.000646507111815 0.993710503965 3.0
0.163713160604 0.992547619854 0.000646507111815 0.993784631105 3.0
0.165417440934 0.993804288461 0.000646507111815 0.993862863436 3.0
0.167121721264 0.994288747533 0.000646507111815 0.993945753443 3.0
0.168826001595 0.994872563654 0.000646507111815 0.994034027277 3.0
0.170530281925 0.994359428127 0.000646507111815 0.994128699236 3.0
0.172234562255 0.994071835684 0.000646507111815 0.994231339312 3.0
0.173938842585 0.99459876525 0.000646507111815 0.994345037357 2.0
0.175643122915 0.993553077136 0.000646507111815 0.994515625532 2.0
0.177347403245 0.992944632458 0.000646507111815 0.994735485618 2.0
0.179051683576 0.994459261767 0.000646507111815 0.994983487427 2.0
0.180755963906 0.995352043414 0.000646507111815 0.995251377947 2.0
0.182460244236 0.995268901004 0.000646507111815 0.99553379605 2.0
0.184164524566 0.996358769339 0.000646507111815 0.995826705994 2.0
0.185868804896 0.997497194074 0.000646507111815 0.996126817688 2.0
0.187573085226 0.996489702823 0.000646507111815 0.99643130904 2.0
0.189277365557 0.996379660488 0.000646507111815 0.996737671597 2.0
0.190981645887 0.997507981429 0.000646507111815 0.997043615209 2.0
0.192685926217 0.996687009346 0.000646507111815 0.997347003897 2.0
0.194390206547 0.998467846973 0.000646507111815 0.997645809151 2.0
0.196094486877 0.998519205082 0.000646507111815 0.99793807308 2.0
0.197798767208 0.998596304965 0.000646507111815 0.998221876674 2.0
0.199503047538 0.999440968203 0.000646507111815 0.998495309739 2.0
0.201207327868 0.997982268394 0.000646507111815 0.998756439389 2.0
0.202911608198 0.998767363704 0.000646507111815 0.999003273469 2.0
0.204615888528 0.999902632099 0.000646507111815 0.999233713649 2.0
0.206320168858 0.998945231706 0.000646507111815 0.999445489179 2.0
0.208024449189 0.998723044428 0.000646507111815 0.999636053458 2.0
0.209728729519 1.00037176398 0.000646507111815 0.999802402955 2.0
0.211433009849 0.999445664673 0.000646507111815 0.999940708245 2.0
0.213137290179 0.999626256371 0.000646507111815 1.00004535591 2.0
0.214841570509 1.00052124404 0.000646507111815 1.00010447229 0.0
0.216545850839 1.00039951417 0.000646507111815 1.00010653412 0.0
0.21825013117 1.00072004032 0.000646507111815 1.00010653412 0.0
0.2199544115 1.00017734535 0.000646507111815 1.00010653412 0.0
0.22165869183 0.999977350174 0.000646507111815 1.00010653412 0.0
0.22336297216 0.999682708893 0.000646507111815 1.00010653412 0.0
0.22506725249 0.999967343565 0.000646507111815 1.00010653412 0.0
0.22677153282 0.999688853984 0.000646507111815 1.00010653412 0.0
0.228475813151 0.999881479451 0.000646507111815 1.00010653412 0.0
0.230180093481 1.00050515937 0.000646507111815 1.00010653412 0.0
0.231884373811 1.00004731345 0.000646507111815 1.00010653412 0.0
0.233588654141 1.00019178398 0.000646507111815 1.00010653412 0.0
0.235292934471 1.00133090815 0.000646507111815 1.00010653412 0.0
0.236997214801 1.0001796889 0.000646507111815 1.00010653412 0.0
0.238701495132 1.00023700405 0.000646507111815 1.00010653412 0.0
0.240405775462 1.00097601535 0.000646507111815 1.00010653412 0.0
0.242110055792 1.00026420956 0.000646507111815 1.00010653412 0.0
0.243814336122 1.00104683286 0.000646507111815 1.00010653412 0.0
0.245518616452 0.998249718589 0.000646507111815 1.00010653412 0.0
0.247222896782 1.00104442902 0.000646507111815 1.00010653412 0.0
0.248927177113 1.00043235897 0.000646507111815 1.00010653412 0.0
0.250631457443 0.999932520654 0.000646507111815 1.00010653412 0.0
0.252335737773 1.00003508925 0.000646507111815 1.00010653412 0.0
0.254040018103 0.999878185761 0.000646507111815 1.00010653412 0.0
