-0.225547925608 0.999959498331 0.000354722760144 0.99998617766 0.0
-0.223836626937 0.999452295086 0.000354722760144 0.99998617766 0.0
-0.222125328265 1.00006253744 0.000354722760144 0.99998617766 0.0
-0.220414029594 0.999902376445 0.000354722760144 0.99998617766 0.0
-0.218702730922 0.999875915732 0.000354722760144 0.99998617766 0.0
-0.21699143225 1.00034762382 0.000354722760144 0.99998617766 0.0
-0.215280133579 1.00056605542 0.000354722760144 0.99998617766 0.0
-0.213568834907 1.0004034547 0.000354722760144 0.99998617766 0.0
-0.211857536236 1.00012393887 0.000354722760144 0.99998617766 0.0
-0.210146237564 1.00041293813 0.000354722760144 0.99998617766 0.0
-0.208434938893 0.999667422985 0.000354722760144 0.99998617766 0.0
-0.206723640221 1.00035859669 0.000354722760144 0.99998617766 0.0
-0.20501234155 0.999508921955 0.000354722760144 0.99998617766 0.0
-0.203301042878 1.00012170626 0.000354722760144 0.99998617766 0.0
-0.201589744207 1.00025507586 0.000354722760144 0.99998617766 0.0
-0.199878445535 1.00076774165 0.000354722760144 0.99998617766 0.0
-0.198167146864 0.999752907749 0.000354722760144 0.99998617766 0.0
-0.196455848192 0.999233670768 0.000354722760144 0.99998617766 0.0
-0.19474454952 1.00003715628 0.000354722760144 0.99998617766 0.0
-0.193033250849 1.00040507017 0.000354722760144 0.99998617766 0.0
-0.191321952177 1.00024753429 0.000354722760144 0.99998617766 0.0
-0.189610653506 0.999915566974 0.000354722760144 0.99998617766 0.0
-0.187899354834 1.00047324545 0.000354722760144 0.999958462501 1.0
-0.186188056163 0.999843522225 0.000354722760144 0.999824662423 1.0
-0.184476757491 0.999310397509 0.000354722760144 0.999628003486 1.0
-0.18276545882 0.999447095055 0.000354722760144 0.99938398413 1.0
-0.181054160148 0.999132869503 0.000354722760144 0.999100988676 1.0
-0.179342861477 0.998735464226 0.000354722760144 0.998784834774 1.0
-0.177631562805 0.998365281639 0.000354722760144 0.998440059983 1.0
-0.175920264134 0.998784376721 0.000354722760144 0.998070462657 1.0
-0.174208965462 0.997730222808 0.000354722760144 0.997679379177 1.0
-0.17249766679 0.997261951317 0.000354722760144 0.997269845665 1.0
-0.170786368119 0.996844029423 0.000354722760144 0.996844702075 1.0
-0.169075069447 0.996777541567 0.000354722760144 0.996406665146 1.0
-0.167363770776 0.99631310641 0.000354722760144 0.995958383871 1.0
-0.165652472104 0.995194092147 0.000354722760144 0.995502485386 1.0
-0.163941173433 0.995511752256 0.000354722760144 0.995041616436 1.0
-0.162229874761 0.994310602368 0.000354722760144 0.99457848444 1.0
-0.16051857609 0.993943398029 0.000354722760144 0.994115901976 1.0
-0.158807277418 0.993339070685 0.000354722760144 0.9936568392 1.0
-0.157095978747 0.994084446467 0.000354722760144 0.993204490585 1.0
-0.155384680075 0.993482749886 0.000354722760144 0.992762366234 1.0
-0.153673381403 0.991960383925 0.000354722760144 0.992334426142 1.0
-0.151962082732 0.991041781356 0.000354722760144 0.991925293756 1.0
-0.15025078406 0.991846434571 0.000354722760144 0.991540630224 1.0
-0.148539485389 0.990560770319 0.000354722760144 0.991187884283 1.0
-0.146828186717 0.990559448486 0.000354722760144 0.990878160033 1.0
-0.145116888046 0.99069561577 0.000354722760144 0.990633839632 1.0
-0.143405589374 0.989934502551 0.000354722760144 0.990502062784 3.0
-0.141694290703 0.989775642818 0.000354722760144 0.990391628875 3.0
-0.139982992031 0.989753070758 0.000354722760144 0.990288829303 3.0
-0.13827169336 0.990477827394 0.000354722760144 0.990192112608 3.0
-0.136560394688 0.989683144002 0.000354722760144 0.990100518448 3.0
-0.134849096017 0.989595843563 0.000354722760144 0.99001337289 3.0
-0.133137797345 0.989572018465 0.000354722760144 0.989930169197 3.0
-0.131426498673 0.989785597747 0.000354722760144 0.989850509046 3.0
-0.129715200002 0.989165653838 0.000354722760144 0.989774069453 3.0
-0.12800390133 0.990441404285 0.000354722760144 0.989700582428 3.0
-0.126292602659 0.989058855901 0.000354722760144 0.989629821618 3.0
-0.124581303987 0.990127457684 0.000354722760144 0.989561593107 3.0
-0.122870005316 0.988562533485 0.000354722760144 0.989495728819 3.0
-0.121158706644 0.989680738364 0.000354722760144 0.989432081642 3.0
-0.119447407973 0.989314134648 0.000354722760144 0.989370521738 3.0
-0.117736109301 0.989376850197 0.000354722760144 0.989310933686 3.0
-0.11602481063 0.988880010493 0.000354722760144 0.98925321423 3.0
-0.114313511958 0.988949103915 0.000354722760144 0.989197270483 3.0
-0.112602213287 0.989654134823 0.000354722760144 0.989143018469 3.0
-0.110890914615 0.989086441071 0.000354722760144 0.989090381928 3.0
-0.109179615943 0.988500175407 0.000354722760144 0.989039291331 3.0
-0.107468317272 0.98870478741 0.000354722760144 0.988989683054 3.0
-0.1057570186 0.988815530012 0.000354722760144 0.988941498682 3.0
-0.104045719929 0.988164910661 0.000354722760144 0.988894684422 3.0
-0.102334421257 0.988310139866 0.000354722760144 0.988849190598 3.0
-0.100623122586 0.988525423857 0.000354722760144 0.98880497122 3.0
-0.0989118239142 0.989046012486 0.000354722760144 0.98876198361 3.0
-0.0972005252427 0.988492117926 0.000354722760144 0.988720188076 3.0
-0.0954892265711 0.989186400268 0.000354722760144 0.988679547633 3.0
-0.0937779278996 0.988298212534 0.000354722760144 0.98864002775 3.0
-0.0920666292281 0.988692710727 0.000354722760144 0.988601596134 3.0
-0.0903553305565 0.98797730593 0.000354722760144 0.988564222537 3.0
-0.088644031885 0.988518179913 0.000354722760144 0.98852787858 3.0
-0.0869327332134 0.988520453953 0.000354722760144 0.988492537609 3.0
-0.0852214345419 0.988206471448 0.000354722760144 0.988458174552 3.0
-0.0835101358704 0.988392004512 0.000354722760144 0.988424765797 3.0
-0.0817988371988 0.987650208111 0.000354722760144 0.988392289086 3.0
-0.0800875385273 0.989036633784 0.000354722760144 0.988360723415 3.0
-0.0783762398557 0.988814250066 0.000354722760144 0.988330048943 3.0
-0.0766649411842 0.988991882914 0.000354722760144 0.988300246912 3.0
-0.0749536425127 0.987952124306 0.000354722760144 0.988271299578 3.0
-0.0732423438411 0.988096639228 0.000354722760144 0.988243190136 3.0
-0.0715310451696 0.988191741795 0.000354722760144 0.988215902668 3.0
-0.0698197464981 0.988163751792 0.000354722760144 0.988189422081 3.0
-0.0681084478265 0.988556197996 0.000354722760144 0.988163734064 3.0
-0.066397149155 0.988609054881 0.000354722760144 0.988138825032 3.0
-0.0646858504834 0.988548512058 0.000354722760144 0.988114682091 3.0
-0.0629745518119 0.988771835606 0.000354722760144 0.988091292999 3.0
-0.0612632531404 0.988814539768 0.000354722760144 0.988068646123 3.0
-0.0595519544688 0.988278010544 0.000354722760144 0.988046730414 3.0
-0.0578406557973 0.988763488253 0.000354722760144 0.988025535374 3.0
-0.0561293571257 0.988500657069 0.000354722760144 0.988005051025 3.0
-0.0544180584542 0.988723926998 0.000354722760144 0.987985267887 3.0
-0.0527067597827 0.988321176096 0.000354722760144 0.987966176951 3.0
-0.0509954611111 0.987263989892 0.000354722760144 0.987947769658 3.0
-0.0492841624396 0.98865203427 0.000354722760144 0.98793003788 3.0
-0.047572863768 0.98796055925 0.000354722760144 0.987912973898 3.0
-0.0458615650965 0.98820178366 0.000354722760144 0.987896570386 3.0
-0.044150266425 0.987505386657 0.000354722760144 0.987880820393 3.0
-0.0424389677534 0.988362993033 0.000354722760144 0.987865717331 3.0
-0.0407276690819 0.988191359208 0.000354722760144 0.987851254957 3.0
-0.0390163704103 0.988861812095 0.000354722760144 0.987837427362 3.0
-0.0373050717388 0.988005218675 0.000354722760144 0.987824228958 3.0
-0.0355937730673 0.987719091462 0.000354722760144 0.987811654469 3.0
-0.0338824743957 0.987305767125 0.000354722760144 0.987799698916 3.0
-0.0321711757242 0.988229459265 0.000354722760144 0.98778835761 3.0
-0.0304598770526 0.987889941345 0.000354722760144 0.987777626143 3.0
-0.0287485783811 0.987440653499 0.000354722760144 0.987767500381 3.0
-0.0270372797096 0.987591072284 0.000354722760144 0.987757976452 3.0
-0.025325981038 0.988096988446 0.000354722760144 0.987749050743 3.0
-0.0236146823665 0.987940887478 0.000354722760144 0.987740719891 3.0
-0.0219033836949 0.987819985366 0.000354722760144 0.987732980777 3.0
-0.0201920850234 0.987208522732 0.000354722760144 0.987725830522 3.0
-0.0184807863519 0.987509790411 0.000354722760144 0.987719266483 3.0
-0.0167694876803 0.987354726692 0.000354722760144 0.987713286242 3.0
-0.0150581890088 0.987349214404 0.000354722760144 0.987707887611 3.0
-0.0133468903372 0.98661945236 0.000354722760144 0.987703068619 3.0
-0.0116355916657 0.987970474715 0.000354722760144 0.987698827518 3.0
-0.00992429299416 0.986670459643 0.000354722760144 0.98769516277 3.0
-0.00821299432262 0.987722965941 0.000354722760144 0.987692073055 3.0
-0.00650169565108 0.987605163557 0.000354722760144 0.987689557258 3.0
-0.00479039697954 0.987219316763 0.000354722760144 0.987687614477 3.0
-0.00307909830801 0.987181865066 0.000354722760144 0.987686244014 3.0
-0.00136779963647 0.987411976169 0.000354722760144 0.987685445379 3.0
0.000343499035074 0.988125759016 0.000354722760144 0.987685218285 3.0
0.00205479770661 0.986953800963 0.000354722760144 0.987685562652 3.0
0.00376609637815 0.98757110505 0.000354722760144 0.987686478603 3.0
0.00547739504969 0.987105765872 0.000354722760144 0.987687966465 3.0
0.00718869372123 0.987976937682 0.000354722760144 0.987690026772 3.0
0.00889999239277 0.987329211277 0.000354722760144 0.987692660263 3.0
0.0106112910643 0.98704304183 0.000354722760144 0.987695867884 3.0
0.0123225897359 0.987867805981 0.000354722760144 0.987699650791 3.0
0.0140338884074 0.987101517778 0.000354722760144 0.98770401035 3.0
0.0157451870789 0.987618623587 0.000354722760144 0.98770894814 3.0
0.0174564857505 0.987211455036 0.000354722760144 0.987714465957 3.0
0.019167784422 0.987594351584 0.000354722760144 0.987720565814 3.0
0.0208790830935 0.987446261234 0.000354722760144 0.987727249947 3.0
0.0225903817651 0.987220348035 0.000354722760144 0.987734520819 3.0
0.0243016804366 0.98775523128 0.000354722760144 0.987742381121 3.0
0.0260129791082 0.987796887642 0.000354722760144 0.987750833783 3.0
0.0277242777797 0.987266696818 0.000354722760144 0.987759881972 3.0
0.0294355764512 0.98803833954 0.000354722760144 0.9877695291 3.0
0.0311468751228 0.988041145682 0.000354722760144 0.987779778836 3.0
0.0328581737943 0.987462646359 0.000354722760144 0.987790635102 3.0
0.0345694724659 0.987579238549 0.000354722760144 0.98780210209 3.0
0.0362807711374 0.988050406965 0.000354722760144 0.987814184264 3.0
0.0379920698089 0.987853953622 0.000354722760144 0.987826886372 3.0
0.0397033684805 0.988283958097 0.000354722760144 0.987840213453 3.0
0.041414667152 0.98796415001 0.000354722760144 0.987854170845 3.0
0.0431259658236 0.987935616769 0.000354722760144 0.987868764203 3.0
0.0448372644951 0.987739308418 0.000354722760144 0.987883999503 3.0
0.0465485631666 0.988584999273 0.000354722760144 0.987899883056 3.0
0.0482598618382 0.987859381343 0.000354722760144 0.987916421526 3.0
0.0499711605097 0.988566897908 0.000354722760144 0.987933621937 3.0
0.0516824591813 0.988221512224 0.000354722760144 0.987951491696 3.0
0.0533937578528 0.988054217557 0.000354722760144 0.987970038603 3.0
0.0551050565243 0.989126334153 0.000354722760144 0.987989270875 3.0
0.0568163551959 0.988015641268 0.000354722760144 0.98800919716 3.0
0.0585276538674 0.988383488683 0.000354722760144 0.988029826561 3.0
0.060238952539 0.988591033357 0.000354722760144 0.98805116866 3.0
0.0619502512105 0.988394475394 0.000354722760144 0.988073233539 3.0
0.063661549882 0.987990013986 0.000354722760144 0.988096031806 3.0
0.0653728485536 0.988012082432 0.000354722760144 0.988119574629 3.0
0.0670841472251 0.988650736244 0.000354722760144 0.988143873761 3.0
0.0687954458967 0.988115388404 0.000354722760144 0.988168941576 3.0
0.0705067445682 0.988437004291 0.000354722760144 0.988194791107 3.0
0.0722180432397 0.988499352964 0.000354722760144 0.988221436082 3.0
0.0739293419113 0.988752277881 0.000354722760144 0.988248890972 3.0
0.0756406405828 0.98764951484 0.000354722760144 0.988277171033 3.0
0.0773519392544 0.988097773445 0.000354722760144 0.98830629236 3.0
0.0790632379259 0.988468830431 0.000354722760144 0.988336271946 3.0
0.0807745365974 0.987976316153 0.000354722760144 0.988367127739 3.0
0.082485835269 0.988338536483 0.000354722760144 0.988398878711 3.0
0.0841971339405 0.988533292223 0.000354722760144 0.988431544935 3.0
0.0859084326121 0.98874745665 0.000354722760144 0.988465147665 3.0
0.0876197312836 0.988896348178 0.000354722760144 0.98849970943 3.0
0.0893310299551 0.988415294996 0.000354722760144 0.988535254131 3.0
0.0910423286267 0.98799526591 0.000354722760144 0.988571807153 3.0
0.0927536272982 0.988870993414 0.000354722760144 0.988609395495 3.0
0.0944649259698 0.988325116185 0.000354722760144 0.988648047905 3.0
0.0961762246413 0.988210126132 0.000354722760144 0.988687795035 3.0
0.0978875233128 0.988916458496 0.000354722760144 0.988728669623 3.0
0.0995988219844 0.988675142942 0.000354722760144 0.988770706683 3.0
0.101310120656 0.988831447091 0.000354722760144 0.988813943736 3.0
0.103021419327 0.988326709298 0.000354722760144 0.988858421061 3.0
0.104732717999 0.988696558738 0.000354722760144 0.988904181988 3.0
0.106444016671 0.988948440703 0.000354722760144 0.988951273232 3.0
0.108155315342 0.988262943728 0.000354722760144 0.988999745275 3.0
0.109866614014 0.988932395901 0.000354722760144 0.989049652816 3.0
0.111577912685 0.988986294473 0.000354722760144 0.989101055287 3.0
0.113289211357 0.989358688013 0.000354722760144 0.989154017464 3.0
0.115000510028 0.98904168634 0.000354722760144 0.989208610185 3.0
0.1167118087 0.989563044253 0.000354722760144 0.989264911206 3.0
0.118423107371 0.988844766998 0.000354722760144 0.989323006228 3.0
0.120134406043 0.989228960035 0.000354722760144 0.989382990136 3.0
0.121845704714 0.989294461863 0.000354722760144 0.989444968524 3.0
0.123557003386 0.989572391396 0.000354722760144 0.98950905957 3.0
0.125268302057 0.989903318433 0.000354722760144 0.9895753964 3.0
0.126979600729 0.9899476988 0.000354722760144 0.989644130095 3.0
0.128690899401 0.989694609851 0.000354722760144 0.989715433589 3.0
0.130402198072 0.989943693084 0.000354722760144 0.989789506849 3.0
0.132113496744 0.991022767217 0.000354722760144 0.989866583911 3.0
0.133824795415 0.990162926026 0.000354722760144 0.989946942788 3.0
0.135536094087 0.990602486637 0.000354722760144 0.990030919959 3.0
0.137247392758 0.989890692445 0.000354722760144 0.990118932721 3.0
0.13895869143 0.990240955286 0.000354722760144 0.990211516093 3.0
0.140669990101 0.991477981253 0.000354722760144 0.99030938992 3.0
0.142381288773 0.991502174058 0.000354722760144 0.990413599949 3.0
0.144092587444 0.990436103304 0.000354722760144 0.990525906588 3.0
0.145803886116 0.991093758007 0.000354722760144 0.990676361025 2.0
0.147515184787 0.990955557581 0.000354722760144 0.990937431872 2.0
0.149226483459 0.991586087018 0.000354722760144 0.991257208328 2.0
0.150937782131 0.991307937592 0.000354722760144 0.991617244637 2.0
0.152649080802 0.991952746585 0.000354722760144 0.992007462091 2.0
0.154360379474 0.99239466504 0.000354722760144 0.992420874152 2.0
0.156071678145 0.993406527018 0.000354722760144 0.992852076228 2.0
0.157782976817 0.993516673819 0.000354722760144 0.993296604442 2.0
0.159494275488 0.993869249247 0.000354722760144 0.993750605167 2.0
0.16120557416 0.994400566113 0.000354722760144 0.99421064224 2.0
0.162916872831 0.993830763433 0.000354722760144 0.994673573663 2.0
0.164628171503 0.995073628569 0.000354722760144 0.995136466473 2.0
0.166339470174 0.995721225186 0.000354722760144 0.995596533609 2.0
0.168050768846 0.995825974271 0.000354722760144 0.99605108356 2.0
0.169762067517 0.995904405559 0.000354722760144 0.996497476912 2.0
0.171473366189 0.997079682565 0.000354722760144 0.996933085507 2.0
0.173184664861 0.997019825491 0.000354722760144 0.997355250418 2.0
0.174895963532 0.997783073517 0.000354722760144 0.997761234577 2.0
0.176607262204 0.998182427535 0.000354722760144 0.998148164488 2.0
0.178318560875 0.998373952168 0.000354722760144 0.998512952279 2.0
0.180029859547 0.999229655797 0.000354722760144 0.998852182574 2.0
0.181741158218 0.999168979739 0.000354722760144 0.999161933434 2.0
0.18345245689 0.999191372335 0.000354722760144 0.999437462176 2.0
0.185163755561 0.999855473795 0.000354722760144 0.999672571746 2.0
0.186875054233 0.998969735409 0.000354722760144 0.999858015615 2.0
0.188586352904 0.999847891131 0.000354722760144 0.999974920996 2.0
0.190297651576 0.999971102815 0.000354722760144 0.99998617766 0.0
0.192008950248 1.0002231797 0.000354722760144 0.99998617766 0.0
0.193720248919 1.00003680396 0.000354722760144 0.99998617766 0.0
0.195431547591 0.999929687798 0.000354722760144 0.99998617766 0.0
0.197142846262 0.999930745742 0.000354722760144 0.99998617766 0.0
0.198854144934 1.00020968778 0.000354722760144 0.99998617766 0.0
0.200565443605 1.00023566261 0.000354722760144 0.99998617766 0.0
0.202276742277 0.999890914497 0.000354722760144 0.99998617766 0.0
0.203988040948 0.999646763571 0.000354722760144 0.99998617766 0.0
0.20569933962 1.00050768441 0.000354722760144 0.99998617766 0.0
0.207410638291 0.999882112556 0.000354722760144 0.99998617766 0.0
0.209121936963 0.999594113004 0.000354722760144 0.99998617766 0.0
0.210833235634 0.999585542076 0.000354722760144 0.99998617766 0.0
0.212544534306 1.00041136847 0.000354722760144 0.99998617766 0.0
0.214255832978 0.999750285435 0.000354722760144 0.99998617766 0.0
0.215967131649 1.00007449597 0.000354722760144 0.99998617766 0.0
0.217678430321 0.999622226832 0.000354722760144 0.99998617766 0.0
0.219389728992 0.99904240233 0.000354722760144 0.99998617766 0.0
0.221101027664 1.00010648568 0.000354722760144 0.99998617766 0.0
0.222812326335 1.00013150639 0.000354722760144 0.99998617766 0.0
0.224523625007 0.999372629476 0.000354722760144 0.99998617766 0.0
0.226234923678 1.00012338083 0.000354722760144 0.99998617766 0.0
