-0.130664533992 0.999925657684 0.00028381512814 0.999952396224 0.0
-0.129791024097 0.999868544544 0.00028381512814 0.999952396224 0.0
-0.128917514202 0.999820163703 0.00028381512814 0.999952396224 0.0
-0.128044004307 0.999652218605 0.00028381512814 0.999952396224 0.0
-0.127170494411 1.00014293527 0.00028381512814 0.999952396224 0.0
-0.126296984516 0.999461164987 0.00028381512814 0.999952396224 0.0
-0.125423474621 1.00034842094 0.00028381512814 0.999952396224 0.0
-0.124549964726 1.00009753487 0.00028381512814 0.999952396224 0.0
-0.12367645483 1.00019797695 0.00028381512814 0.999952396224 0.0
-0.122802944935 0.999758725862 0.00028381512814 0.999952396224 0.0
-0.12192943504 1.00045042668 0.00028381512814 0.999952396224 0.0
-0.121055925145 1.00032120047 0.00028381512814 0.999952396224 0.0
-0.120182415249 0.99931994602 0.00028381512814 0.999952396224 0.0
-0.119308905354 1.00035745327 0.00028381512814 0.999952396224 0.0
-0.118435395459 0.999881050666 0.00028381512814 0.999952396224 0.0
-0.117561885564 0.99961920931 0.00028381512814 0.999952396224 0.0
-0.116688375668 0.999581661518 0.00028381512814 0.999952396224 0.0
-0.115814865773 0.999890079769 0.00028381512814 0.999952396224 0.0
-0.114941355878 0.999901418193 0.00028381512814 0.999952396224 0.0
-0.114067845983 0.999987221713 0.00028381512814 0.999952396224 0.0
-0.113194336087 1.00016086012 0.00028381512814 0.999952396224 0.0
-0.112320826192 1.00013971736 0.00028381512814 0.999952396224 0.0
-0.111447316297 1.00029862485 0.00028381512814 0.999952396224 0.0
-0.110573806402 0.999581354153 0.00028381512814 0.999952396224 0.0
-0.109700296506 0.999829923962 0.00028381512814 0.999952396224 0.0
-0.108826786611 1.00035987606 0.00028381512814 0.999944807509 1.0
-0.107953276716 0.999887230295 0.00028381512814 0.999863119814 1.0
-0.107079766821 0.999941098408 0.00028381512814 0.999734967051 1.0
-0.106206256925 0.999474624594 0.00028381512814 0.999574296996 1.0
-0.10533274703 0.999549464519 0.00028381512814 0.999387947779 1.0
-0.104459237135 0.999284022569 0.00028381512814 0.999180531394 1.0
-0.10358572724 0.999065748485 0.00028381512814 0.998955610856 1.0
-0.102712217345 0.998546399449 0.00028381512814 0.998716169156 1.0
-0.101838707449 0.998671724226 0.00028381512814 0.99846484424 1.0
-0.100965197554 0.998135449872 0.00028381512814 0.998204066052 1.0
-0.100091687659 0.998052465739 0.00028381512814 0.997936146951 1.0
-0.0992181777635 0.997778893721 0.00028381512814 0.99766334888 1.0
-0.0983446678683 0.997824297104 0.00028381512814 0.99738793987 1.0
-0.097471157973 0.996796224059 0.00028381512814 0.997112248279 1.0
-0.0965976480778 0.996425904942 0.00028381512814 0.996838722239 1.0
-0.0957241381826 0.996446076719 0.00028381512814 0.996570003431 1.0
-0.0948506282873 0.995615756461 0.00028381512814 0.996309029558 1.0
-0.0939771183921 0.996212253276 0.00028381512814 0.996059192809 1.0
-0.0931036084968 0.996332859161 0.00028381512814 0.995824614664 1.0
-0.0922300986016 0.995436189869 0.00028381512814 0.995610697301 1.0
-0.0913565887063 0.994844036471 0.00028381512814 0.995425512893 1.0
-0.0904830788111 0.995497189503 0.00028381512814 0.995285718735 1.0
-0.0896095689158 0.995181381413 0.00028381512814 0.995222767862 3.0
-0.0887360590206 0.995709174799 0.00028381512814 0.995170110671 3.0
-0.0878625491254 0.995287999786 0.00028381512814 0.99512078121 3.0
-0.0869890392301 0.995161973045 0.00028381512814 0.995074080539 3.0
-0.0861155293349 0.995070274253 0.00028381512814 0.9950295804 3.0
-0.0852420194396 0.995302953241 0.00028381512814 0.994986983261 3.0
-0.0843685095444 0.994777595829 0.00028381512814 0.994946067147 3.0
-0.0834949996491 0.994675743063 0.00028381512814 0.994906658697 3.0
-0.0826214897539 0.99486094318 0.00028381512814 0.994868618162 3.0
-0.0817479798586 0.995026589823 0.00028381512814 0.994831830232 3.0
-0.0808744699634 0.994844201933 0.00028381512814 0.994796198035 3.0
-0.0800009600682 0.994633120228 0.00028381512814 0.994761639015 3.0
-0.0791274501729 0.994384903804 0.00028381512814 0.994728081974 3.0
-0.0782539402777 0.994689490948 0.00028381512814 0.994695464894 3.0
-0.0773804303824 0.994412472059 0.00028381512814 0.994663733286 3.0
-0.0765069204872 0.994776433358 0.00028381512814 0.994632838917 3.0
-0.0756334105919 0.995155115553 0.00028381512814 0.99460273881 3.0
-0.0747599006967 0.994750557875 0.00028381512814 0.994573394445 3.0
-0.0738863908014 0.994639897228 0.00028381512814 0.994544771119 3.0
-0.0730128809062 0.994245378561 0.00028381512814 0.994516837413 3.0
-0.072139371011 0.994334713828 0.00028381512814 0.994489564767 3.0
-0.0712658611157 0.994031383437 0.00028381512814 0.994462927115 3.0
-0.0703923512205 0.994741869203 0.00028381512814 0.994436900583 3.0
-0.0695188413252 0.994501179347 0.00028381512814 0.994411463233 3.0
-0.06864533143 0.994564023417 0.00028381512814 0.994386594848 3.0
-0.0677718215347 0.995149157363 0.00028381512814 0.994362276741 3.0
-0.0668983116395 0.994210544423 0.00028381512814 0.994338491602 3.0
-0.0660248017442 0.994720463598 0.00028381512814 0.994315223351 3.0
-0.065151291849 0.993864309021 0.00028381512814 0.994292457022 3.0
-0.0642777819538 0.994345160309 0.00028381512814 0.994270178659 3.0
-0.0634042720585 0.994086882971 0.00028381512814 0.994248375217 3.0
-0.0625307621633 0.994062333183 0.00028381512814 0.994227034486 3.0
-0.061657252268 0.994391407714 0.00028381512814 0.994206145017 3.0
-0.0607837423728 0.994179548266 0.00028381512814 0.994185696055 3.0
-0.0599102324775 0.994257364076 0.00028381512814 0.994165677486 3.0
-0.0590367225823 0.994205265149 0.00028381512814 0.994146079785 3.0
-0.058163212687 0.994633982482 0.00028381512814 0.994126893967 3.0
-0.0572897027918 0.994133375691 0.00028381512814 0.994108111548 3.0
-0.0564161928966 0.993902657514 0.00028381512814 0.99408972451 3.0
-0.0555426830013 0.993630328765 0.00028381512814 0.994071725263 3.0
-0.0546691731061 0.994476613684 0.00028381512814 0.994054106617 3.0
-0.0537956632108 0.993531539448 0.00028381512814 0.994036861755 3.0
-0.0529221533156 0.993672388621 0.00028381512814 0.994019984206 3.0
-0.0520486434203 0.993865465185 0.00028381512814 0.994003467824 3.0
-0.0511751335251 0.994237377686 0.00028381512814 0.993987306766 3.0
-0.0503016236298 0.994074155537 0.00028381512814 0.993971495473 3.0
-0.0494281137346 0.993439005306 0.00028381512814 0.993956028651 3.0
-0.0485546038394 0.994442855051 0.00028381512814 0.993940901258 3.0
-0.0476810939441 0.99361835532 0.00028381512814 0.993926108489 3.0
-0.0468075840489 0.994377473531 0.00028381512814 0.993911645756 3.0
-0.0459340741536 0.993784212137 0.00028381512814 0.993897508685 3.0
-0.0450605642584 0.993715665349 0.00028381512814 0.993883693097 3.0
-0.0441870543631 0.994165414165 0.00028381512814 0.993870195001 3.0
-0.0433135444679 0.994319722982 0.00028381512814 0.993857010582 3.0
-0.0424400345726 0.994044571804 0.00028381512814 0.993844136193 3.0
-0.0415665246774 0.993663340501 0.00028381512814 0.993831568347 3.0
-0.0406930147822 0.994004479472 0.00028381512814 0.993819303705 3.0
-0.0398195048869 0.994246556681 0.00028381512814 0.993807339076 3.0
-0.0389459949917 0.99435594218 0.00028381512814 0.993795671402 3.0
-0.0380724850964 0.993529397634 0.00028381512814 0.993784297757 3.0
-0.0371989752012 0.993866333033 0.00028381512814 0.993773215338 3.0
-0.0363254653059 0.993489539872 0.00028381512814 0.993762421462 3.0
-0.0354519554107 0.993899480192 0.00028381512814 0.993751913559 3.0
-0.0345784455154 0.993529694263 0.00028381512814 0.993741689167 3.0
-0.0337049356202 0.993814403816 0.00028381512814 0.993731745928 3.0
-0.032831425725 0.99357078515 0.00028381512814 0.993722081582 3.0
-0.0319579158297 0.993276510281 0.00028381512814 0.993712693968 3.0
-0.0310844059345 0.993984057357 0.00028381512814 0.993703581014 3.0
-0.0302108960392 0.993953445042 0.00028381512814 0.993694740736 3.0
-0.029337386144 0.993703015642 0.00028381512814 0.993686171237 3.0
-0.0284638762487 0.993442032137 0.00028381512814 0.993677870699 3.0
-0.0275903663535 0.99363281069 0.00028381512814 0.993669837385 3.0
-0.0267168564582 0.993711740463 0.00028381512814 0.993662069633 3.0
-0.025843346563 0.993603010612 0.00028381512814 0.993654565855 3.0
-0.0249698366678 0.993979224013 0.00028381512814 0.993647324533 3.0
-0.0240963267725 0.993833535117 0.00028381512814 0.993640344218 3.0
-0.0232228168773 0.993577163368 0.00028381512814 0.993633623528 3.0
-0.022349306982 0.99328274513 0.00028381512814 0.993627161146 3.0
-0.0214757970868 0.993818405387 0.00028381512814 0.993620955816 3.0
-0.0206022871915 0.993494285185 0.00028381512814 0.993615006344 3.0
-0.0197287772963 0.993854042084 0.00028381512814 0.993609311594 3.0
-0.018855267401 0.993588737389 0.00028381512814 0.993603870491 3.0
-0.0179817575058 0.994105917059 0.00028381512814 0.993598682011 3.0
-0.0171082476106 0.993679141599 0.00028381512814 0.99359374519 3.0
-0.0162347377153 0.993863509094 0.00028381512814 0.993589059112 3.0
-0.0153612278201 0.994111102069 0.00028381512814 0.993584622919 3.0
-0.0144877179248 0.993750029572 0.00028381512814 0.993580435799 3.0
-0.0136142080296 0.993672124106 0.00028381512814 0.993576496994 3.0
-0.0127406981343 0.993739571498 0.00028381512814 0.993572805793 3.0
-0.0118671882391 0.993130883628 0.00028381512814 0.993569361533 3.0
-0.0109936783438 0.993596622272 0.00028381512814 0.993566163601 3.0
-0.0101201684486 0.993085083348 0.00028381512814 0.993563211427 3.0
-0.00924665855336 0.993688670728 0.00028381512814 0.993560504489 3.0
-0.00837314865811 0.993518672378 0.00028381512814 0.993558042311 3.0
-0.00749963876287 0.993665013301 0.00028381512814 0.99355582446 3.0
-0.00662612886762 0.993926169269 0.00028381512814 0.993553850548 3.0
-0.00575261897238 0.993284071224 0.00028381512814 0.99355212023 3.0
-0.00487910907714 0.993617279793 0.00028381512814 0.993550633206 3.0
-0.00400559918189 0.993398320337 0.00028381512814 0.993549389216 3.0
-0.00313208928665 0.993735412527 0.00028381512814 0.993548388047 3.0
-0.0022585793914 0.993525419111 0.00028381512814 0.993547629523 3.0
-0.00138506949616 0.993483901726 0.00028381512814 0.993547113514 3.0
-0.000511559600913 0.993567273402 0.00028381512814 0.993546839931 3.0
0.000361950294331 0.99336883937 0.00028381512814 0.993546808727 3.0
0.00123546018958 0.993464866355 0.00028381512814 0.993547019896 3.0
0.00210897008482 0.993686332855 0.00028381512814 0.993547473476 3.0
0.00298247998006 0.993424867271 0.00028381512814 0.993548169543 3.0
0.00385598987531 0.993477627385 0.00028381512814 0.993549108218 3.0
0.00472949977055 0.993775963867 0.00028381512814 0.993550289665 3.0
0.0056030096658 0.993680076324 0.00028381512814 0.993551714087 3.0
0.00647651956104 0.993537130293 0.00028381512814 0.993553381731 3.0
0.00735002945629 0.993299452182 0.00028381512814 0.993555292888 3.0
0.00822353935153 0.993643093987 0.00028381512814 0.993557447892 3.0
0.00909704924678 0.993225572187 0.00028381512814 0.993559847118 3.0
0.00997055914202 0.993650585172 0.00028381512814 0.993562490988 3.0
0.0108440690373 0.993590261115 0.00028381512814 0.993565379967 3.0
0.0117175789325 0.993596062148 0.00028381512814 0.993568514567 3.0
0.0125910888278 0.99343083707 0.00028381512814 0.993571895342 3.0
0.013464598723 0.993571991568 0.00028381512814 0.993575522896 3.0
0.0143381086182 0.993818552269 0.00028381512814 0.993579397879 3.0
0.0152116185135 0.993176720513 0.00028381512814 0.993583520989 3.0
0.0160851284087 0.99331849481 0.00028381512814 0.993587892973 3.0
0.016958638304 0.993458708149 0.00028381512814 0.993592514627 3.0
0.0178321481992 0.993062349927 0.00028381512814 0.993597386798 3.0
0.0187056580945 0.99390960345 0.00028381512814 0.993602510388 3.0
0.0195791679897 0.993661740851 0.00028381512814 0.993607886347 3.0
0.020452677885 0.993685560155 0.00028381512814 0.993613515684 3.0
0.0213261877802 0.993949377105 0.00028381512814 0.993619399461 3.0
0.0221996976754 0.993647940914 0.00028381512814 0.993625538798 3.0
0.0230732075707 0.99362472575 0.00028381512814 0.993631934873 3.0
0.0239467174659 0.993891472642 0.00028381512814 0.993638588928 3.0
0.0248202273612 0.994216938618 0.00028381512814 0.993645502262 3.0
0.0256937372564 0.994234099176 0.00028381512814 0.993652676241 3.0
0.0265672471517 0.992704134176 0.00028381512814 0.993660112296 3.0
0.0274407570469 0.993033890753 0.00028381512814 0.993667811928 3.0
0.0283142669422 0.993399672763 0.00028381512814 0.993675776706 3.0
0.0291877768374 0.993573725507 0.00028381512814 0.993684008272 3.0
0.0300612867326 0.993682558758 0.00028381512814 0.993692508345 3.0
0.0309347966279 0.993555221647 0.00028381512814 0.993701278722 3.0
0.0318083065231 0.993291859312 0.00028381512814 0.993710321278 3.0
0.0326818164184 0.994128739159 0.00028381512814 0.993719637975 3.0
0.0335553263136 0.993358944714 0.00028381512814 0.993729230861 3.0
0.0344288362089 0.993721423083 0.00028381512814 0.993739102076 3.0
0.0353023461041 0.993456219139 0.00028381512814 0.993749253852 3.0
0.0361758559994 0.993601181811 0.00028381512814 0.993759688522 3.0
0.0370493658946 0.994215075492 0.00028381512814 0.993770408521 3.0
0.0379228757898 0.993929062889 0.00028381512814 0.99378141639 3.0
0.0387963856851 0.994105261068 0.00028381512814 0.993792714783 3.0
0.0396698955803 0.993006034006 0.00028381512814 0.993804306473 3.0
0.0405434054756 0.993877818871 0.00028381512814 0.993816194351 3.0
0.0414169153708 0.993310328373 0.00028381512814 0.993828381442 3.0
0.0422904252661 0.993777264462 0.00028381512814 0.993840870902 3.0
0.0431639351613 0.99394997217 0.00028381512814 0.993853666032 3.0
0.0440374450566 0.993535009656 0.00028381512814 0.993866770278 3.0
0.0449109549518 0.993812684548 0.00028381512814 0.993880187247 3.0
0.045784464847 0.993607852842 0.00028381512814 0.993893920709 3.0
0.0466579747423 0.993865002293 0.00028381512814 0.993907974609 3.0
0.0475314846375 0.993718193419 0.00028381512814 0.993922353076 3.0
0.0484049945328 0.993642905233 0.00028381512814 0.993937060434 3.0
0.049278504428 0.994370764976 0.00028381512814 0.993952101214 3.0
0.0501520143233 0.994059907991 0.00028381512814 0.993967480162 3.0
0.0510255242185 0.99384103783 0.00028381512814 0.993983202262 3.0
0.0518990341138 0.994278332045 0.00028381512814 0.993999272737 3.0
0.052772544009 0.994350196737 0.00028381512814 0.994015697079 3.0
0.0536460539042 0.994164934289 0.00028381512814 0.994032481055 3.0
0.0545195637995 0.993999039952 0.00028381512814 0.994049630732 3.0
0.0553930736947 0.994432057154 0.00028381512814 0.994067152494 3.0
0.05626658359 0.993190304377 0.00028381512814 0.994085053067 3.0
0.0571400934852 0.99400302329 0.00028381512814 0.994103339544 3.0
0.0580136033805 0.994272667584 0.00028381512814 0.994122019406 3.0
0.0588871132757 0.99449079381 0.00028381512814 0.99414110056 3.0
0.059760623171 0.994278897675 0.00028381512814 0.994160591367 3.0
0.0606341330662 0.994710049824 0.00028381512814 0.994180500677 3.0
0.0615076429614 0.994596705673 0.00028381512814 0.994200837873 3.0
0.0623811528567 0.994385721912 0.00028381512814 0.994221612914 3.0
0.0632546627519 0.994564562651 0.00028381512814 0.994242836383 3.0
0.0641281726472 0.993998262815 0.00028381512814 0.994264519545 3.0
0.0650016825424 0.994021413647 0.00028381512814 0.994286674408 3.0
0.0658751924377 0.994267805366 0.00028381512814 0.994309313792 3.0
0.0667487023329 0.994301519641 0.00028381512814 0.994332451414 3.0
0.0676222122282 0.994347308426 0.00028381512814 0.994356101968 3.0
0.0684957221234 0.993898468407 0.00028381512814 0.994380281236 3.0
0.0693692320186 0.994143684623 0.00028381512814 0.994405006201 3.0
0.0702427419139 0.994319352529 0.00028381512814 0.994430295179 3.0
0.0711162518091 0.994470826728 0.00028381512814 0.994456167976 3.0
0.0719897617044 0.994557074754 0.00028381512814 0.994482646069 3.0
0.0728632715996 0.994454738357 0.00028381512814 0.99450975281 3.0
0.0737367814949 0.994694376964 0.00028381512814 0.994537513673 3.0
0.0746102913901 0.994099166069 0.00028381512814 0.994565956546 3.0
0.0754838012854 0.994837770854 0.00028381512814 0.994595112071 3.0
0.0763573111806 0.994493716454 0.00028381512814 0.994625014061 3.0
0.0772308210758 0.99446544036 0.00028381512814 0.994655699996 3.0
0.0781043309711 0.994962603522 0.00028381512814 0.994687211637 3.0
0.0789778408663 0.994324314801 0.00028381512814 0.994719595777 3.0
0.0798513507616 0.995056960019 0.00028381512814 0.994752905184 3.0
0.0807248606568 0.994251239757 0.00028381512814 0.994787199797 3.0
0.0815983705521 0.995214942498 0.00028381512814 0.994822548267 3.0
0.0824718804473 0.99487363864 0.00028381512814 0.994859029979 3.0
0.0833453903426 0.994922956553 0.00028381512814 0.99489673778 3.0
0.0842189002378 0.995029680756 0.00028381512814 0.99493578175 3.0
0.085092410133 0.994928636542 0.00028381512814 0.99497629463 3.0
0.0859659200283 0.99448234363 0.00028381512814 0.99501843999 3.0
0.0868394299235 0.99493669873 0.00028381512814 0.995062425353 3.0
0.0877129398188 0.994958769828 0.00028381512814 0.995108525121 3.0
0.088586449714 0.995185678614 0.00028381512814 0.995157125722 3.0
0.0894599596093 0.995309579682 0.00028381512814 0.995208832574 3.0
0.0903334695045 0.99523897746 0.00028381512814 0.995264856868 3.0
0.0912069793998 0.995223691957 0.00028381512814 0.995384056391 2.0
0.092080489295 0.995370082108 0.00028381512814 0.995559841899 2.0
0.0929539991902 0.995702105722 0.00028381512814 0.995767298321 2.0
0.0938275090855 0.996165636948 0.00028381512814 0.995997144296 2.0
0.0947010189807 0.996183551211 0.00028381512814 0.996243484389 2.0
0.095574528876 0.996596339054 0.00028381512814 0.996501937913 2.0
0.0964480387712 0.997247742759 0.00028381512814 0.996768958121 2.0
0.0973215486665 0.997362073361 0.00028381512814 0.997041508629 2.0
0.0981950585617 0.997443937103 0.00028381512814 0.997316882944 2.0
0.099068568457 0.997715130324 0.00028381512814 0.997592590983 2.0
0.0999420783522 0.997892841115 0.00028381512814 0.997866279619 2.0
0.100815588247 0.998249882062 0.00028381512814 0.99813567055 2.0
0.101689098143 0.998579054356 0.00028381512814 0.998398505444 2.0
0.102562608038 0.998661925319 0.00028381512814 0.998652490746 2.0
0.103436117933 0.998767946382 0.00028381512814 0.998895234215 2.0
0.104309627828 0.998768115644 0.00028381512814 0.999124162116 2.0
0.105183137724 0.998770757137 0.00028381512814 0.999336397486 2.0
0.106056647619 0.999367063986 0.00028381512814 0.99952855822 2.0
0.106930157514 1.00000257165 0.00028381512814 0.999696371344 2.0
0.107803667409 0.99915302902 0.00028381512814 0.999833771791 2.0
0.108677177305 0.99999463077 0.00028381512814 0.999929809754 2.0
0.1095506872 0.999467148763 0.00028381512814 0.999952396224 0.0
0.110424197095 0.999999822894 0.00028381512814 0.999952396224 0.0
0.11129770699 0.999422736981 0.00028381512814 0.999952396224 0.0
0.112171216886 1.0001848676 0.00028381512814 0.999952396224 0.0
0.113044726781 0.999737364144 0.00028381512814 0.999952396224 0.0
0.113918236676 0.999633289238 0.00028381512814 0.999952396224 0.0
0.114791746571 0.999820011853 0.00028381512814 0.999952396224 0.0
0.115665256467 1.00053543863 0.00028381512814 0.999952396224 0.0
0.116538766362 0.99984544619 0.00028381512814 0.999952396224 0.0
0.117412276257 1.00007944484 0.00028381512814 0.999952396224 0.0
0.118285786152 0.999591779464 0.00028381512814 0.999952396224 0.0
0.119159296048 1.00030493145 0.00028381512814 0.999952396224 0.0
0.120032805943 0.999765660087 0.00028381512814 0.999952396224 0.0
0.120906315838 1.00009951349 0.00028381512814 0.999952396224 0.0
0.121779825733 1.00036211181 0.00028381512814 0.999952396224 0.0
0.122653335629 0.999828431673 0.00028381512814 0.999952396224 0.0
0.123526845524 0.999758776736 0.00028381512814 0.999952396224 0.0
0.124400355419 1.00027569205 0.00028381512814 0.999952396224 0.0
0.125273865314 0.999298310551 0.00028381512814 0.999952396224 0.0
0.12614737521 1.00038632529 0.00028381512814 0.999952396224 0.0
0.127020885105 0.99993215427 0.00028381512814 0.999952396224 0.0
0.127894395 0.999870034757 0.00028381512814 0.999952396224 0.0
0.128767904895 0.999961680913 0.00028381512814 0.999952396224 0.0
0.129641414791 1.00063976283 0.00028381512814 0.999952396224 0.0
0.130514924686 1.00019648901 0.00028381512814 0.999952396224 0.0
