-0.0963112110286 1.00090028462 0.000632078296294 1.00002264654 0.0
-0.0956659966312 1.0001807034 0.000632078296294 1.00002264654 0.0
-0.0950207822337 0.999885552613 0.000632078296294 1.00002264654 0.0
-0.0943755678363 0.999441414122 0.000632078296294 1.00002264654 0.0
-0.0937303534388 0.999769234186 0.000632078296294 1.00002264654 0.0
-0.0930851390413 1.00077492429 0.000632078296294 1.00002264654 0.0
-0.0924399246439 1.00013312334 0.000632078296294 1.00002264654 0.0
-0.0917947102464 1.00015027653 0.000632078296294 1.00002264654 0.0
-0.091149495849 1.00025940265 0.000632078296294 1.00002264654 0.0
-0.0905042814515 0.999804312253 0.000632078296294 1.00002264654 0.0
-0.0898590670541 1.00050243877 0.000632078296294 1.00002264654 0.0
-0.0892138526566 0.999762641089 0.000632078296294 1.00002264654 0.0
-0.0885686382591 1.00006409203 0.000632078296294 1.00002264654 0.0
-0.0879234238617 1.00070556523 0.000632078296294 1.00002264654 0.0
-0.0872782094642 0.999620338487 0.000632078296294 1.00002264654 0.0
-0.0866329950668 0.999718118408 0.000632078296294 1.00002264654 0.0
-0.0859877806693 0.99960913946 0.000632078296294 1.00002264654 0.0
-0.0853425662718 1.00062628608 0.000632078296294 1.00002264654 0.0
-0.0846973518744 1.00082119264 0.000632078296294 1.00002264654 0.0
-0.0840521374769 0.999889658656 0.000632078296294 1.00002264654 0.0
-0.0834069230795 0.999099652694 0.000632078296294 1.00002264654 0.0
-0.082761708682 1.00016066068 0.000632078296294 1.00002264654 0.0
-0.0821164942845 1.00164131945 0.000632078296294 1.00002264654 0.0
-0.0814712798871 0.999644502549 0.000632078296294 1.00002264654 0.0
-0.0808260654896 1.00008780712 0.000632078296294 1.00001717645 1.0
-0.0801808510922 0.999520124826 0.000632078296294 0.999889894841 1.0
-0.0795356366947 0.99986545967 0.000632078296294 0.999678850176 1.0
-0.0788904222973 0.99839181164 0.000632078296294 0.999409994348 1.0
-0.0782452078998 0.99878186839 0.000632078296294 0.999094676657 1.0
-0.0775999935023 0.998738647808 0.000632078296294 0.99874008969 1.0
-0.0769547791049 0.998077136358 0.000632078296294 0.998351505089 1.0
-0.0763095647074 0.997512931892 0.000632078296294 0.997933124802 1.0
-0.07566435031 0.997525980509 0.000632078296294 0.997488491321 1.0
-0.0750191359125 0.996885845467 0.000632078296294 0.997020715518 1.0
-0.074373921515 0.996770137083 0.000632078296294 0.99653261644 1.0
-0.0737287071176 0.996377977101 0.000632078296294 0.99602681405 1.0
-0.0730834927201 0.995539930595 0.000632078296294 0.995505795043 1.0
-0.0724382783227 0.995360886794 0.000632078296294 0.994971962577 1.0
-0.0717930639252 0.995003137035 0.000632078296294 0.994427676321 1.0
-0.0711478495277 0.993888622409 0.000632078296294 0.993875286889 1.0
-0.0705026351303 0.993614999461 0.000632078296294 0.993317167537 1.0
-0.0698574207328 0.99258057559 0.000632078296294 0.992755745458 1.0
-0.0692122063354 0.992408964903 0.000632078296294 0.992193534853 1.0
-0.0685669919379 0.991730352347 0.000632078296294 0.991633174195 1.0
-0.0679217775405 0.991011443833 0.000632078296294 0.991077470776 1.0
-0.067276563143 0.990736430505 0.000632078296294 0.990529456974 1.0
-0.0666313487455 0.990596015452 0.000632078296294 0.989992465114 1.0
-0.0659861343481 0.990140331896 0.000632078296294 0.989470232556 1.0
-0.0653409199506 0.988799761095 0.000632078296294 0.988967058051 1.0
-0.0646957055532 0.987644863872 0.000632078296294 0.988488051148 1.0
-0.0640504911557 0.988396331363 0.000632078296294 0.988039567319 1.0
-0.0634052767582 0.987286374961 0.000632078296294 0.987630069927 1.0
-0.0627600623608 0.987138278639 0.000632078296294 0.98727222602 1.0
-0.0621148479633 0.985864110608 0.000632078296294 0.986990801751 1.0
-0.0614696335659 0.986931904814 0.000632078296294 0.986849433323 3.0
-0.0608244191684 0.986636295126 0.000632078296294 0.986739421273 3.0
-0.0601792047709 0.986637868594 0.000632078296294 0.986634566343 3.0
-0.0595339903735 0.985901059998 0.000632078296294 0.986533891594 3.0
-0.058888775976 0.985954226739 0.000632078296294 0.986436801756 3.0
-0.0582435615786 0.987206883289 0.000632078296294 0.986342881163 3.0
-0.0575983471811 0.987323883088 0.000632078296294 0.986251817829 3.0
-0.0569531327836 0.986293319405 0.000632078296294 0.986163366604 3.0
-0.0563079183862 0.9861462261 0.000632078296294 0.986077328612 3.0
-0.0556627039887 0.986045038423 0.000632078296294 0.985993538673 3.0
-0.0550174895913 0.984968077061 0.000632078296294 0.985911857081 3.0
-0.0543722751938 0.987044304998 0.000632078296294 0.985832163956 3.0
-0.0537270607964 0.984673914139 0.000632078296294 0.985754355211 3.0
-0.0530818463989 0.985896226406 0.000632078296294 0.985678339572 3.0
-0.0524366320014 0.984999623021 0.000632078296294 0.98560403633 3.0
-0.051791417604 0.984884052999 0.000632078296294 0.9855313736 3.0
-0.0511462032065 0.984571942947 0.000632078296294 0.985460286953 3.0
-0.0505009888091 0.985642297687 0.000632078296294 0.985390718316 3.0
-0.0498557744116 0.985259237693 0.000632078296294 0.985322615091 3.0
-0.0492105600141 0.985633339181 0.000632078296294 0.985255929424 3.0
-0.0485653456167 0.985162080438 0.000632078296294 0.985190617605 3.0
-0.0479201312192 0.985309865673 0.000632078296294 0.985126639562 3.0
-0.0472749168218 0.984260920997 0.000632078296294 0.98506395844 3.0
-0.0466297024243 0.984216310139 0.000632078296294 0.985002540237 3.0
-0.0459844880268 0.985729586387 0.000632078296294 0.9849423535 3.0
-0.0453392736294 0.984704755774 0.000632078296294 0.984883369057 3.0
-0.0446940592319 0.984336946175 0.000632078296294 0.984825559788 3.0
-0.0440488448345 0.985501726125 0.000632078296294 0.984768900427 3.0
-0.043403630437 0.984967890598 0.000632078296294 0.984713367388 3.0
-0.0427584160396 0.984865269803 0.000632078296294 0.984658938609 3.0
-0.0421132016421 0.984044877034 0.000632078296294 0.98460559342 3.0
-0.0414679872446 0.984749668296 0.000632078296294 0.984553312423 3.0
-0.0408227728472 0.983927451626 0.000632078296294 0.984502077387 3.0
-0.0401775584497 0.984187892707 0.000632078296294 0.984451871151 3.0
-0.0395323440523 0.983751182304 0.000632078296294 0.98440267754 3.0
-0.0388871296548 0.983685435853 0.000632078296294 0.984354481293 3.0
-0.0382419152573 0.984560656771 0.000632078296294 0.984307267989 3.0
-0.0375967008599 0.98240535253 0.000632078296294 0.984261023991 3.0
-0.0369514864624 0.984641770301 0.000632078296294 0.984215736386 3.0
-0.036306272065 0.983988839085 0.000632078296294 0.984171392938 3.0
-0.0356610576675 0.983380638325 0.000632078296294 0.98412798204 3.0
-0.03501584327 0.984646513626 0.000632078296294 0.984085492673 3.0
-0.0343706288726 0.984048325297 0.000632078296294 0.98404391437 3.0
-0.0337254144751 0.98451288505 0.000632078296294 0.984003237177 3.0
-0.0330802000777 0.9829095203 0.000632078296294 0.983963451627 3.0
-0.0324349856802 0.982496446136 0.000632078296294 0.983924548703 3.0
-0.0317897712828 0.984341234307 0.000632078296294 0.98388651982 3.0
-0.0311445568853 0.983592065118 0.000632078296294 0.983849356794 3.0
-0.0304993424878 0.983658598062 0.000632078296294 0.983813051822 3.0
-0.0298541280904 0.984437114268 0.000632078296294 0.98377759746 3.0
-0.0292089136929 0.984785929525 0.000632078296294 0.983742986604 3.0
-0.0285636992955 0.98357490023 0.000632078296294 0.983709212473 3.0
-0.027918484898 0.984749240144 0.000632078296294 0.983676268591 3.0
-0.0272732705005 0.982234958994 0.000632078296294 0.983644148771 3.0
-0.0266280561031 0.984151680026 0.000632078296294 0.983612847104 3.0
-0.0259828417056 0.98394435333 0.000632078296294 0.98358235794 3.0
-0.0253376273082 0.982915249964 0.000632078296294 0.983552675883 3.0
-0.0246924129107 0.984769728356 0.000632078296294 0.983523795772 3.0
-0.0240471985132 0.983252989066 0.000632078296294 0.983495712677 3.0
-0.0234019841158 0.982988145665 0.000632078296294 0.983468421883 3.0
-0.0227567697183 0.984174602766 0.000632078296294 0.983441918884 3.0
-0.0221115553209 0.983512984346 0.000632078296294 0.983416199375 3.0
-0.0214663409234 0.982749615044 0.000632078296294 0.983391259241 3.0
-0.0208211265259 0.98312416813 0.000632078296294 0.983367094551 3.0
-0.0201759121285 0.983302739578 0.000632078296294 0.983343701552 3.0
-0.019530697731 0.982901679927 0.000632078296294 0.983321076659 3.0
-0.0188854833336 0.983903601102 0.000632078296294 0.983299216453 3.0
-0.0182402689361 0.983453670067 0.000632078296294 0.983278117669 3.0
-0.0175950545387 0.982263242026 0.000632078296294 0.983257777199 3.0
-0.0169498401412 0.983603407333 0.000632078296294 0.98323819208 3.0
-0.0163046257437 0.983649808344 0.000632078296294 0.983219359489 3.0
-0.0156594113463 0.983192670323 0.000632078296294 0.983201276746 3.0
-0.0150141969488 0.982881364625 0.000632078296294 0.983183941301 3.0
-0.0143689825514 0.983250478727 0.000632078296294 0.983167350734 3.0
-0.0137237681539 0.983151003528 0.000632078296294 0.983151502751 3.0
-0.0130785537564 0.982915937168 0.000632078296294 0.983136395183 3.0
-0.012433339359 0.983056719525 0.000632078296294 0.983122025976 3.0
-0.0117881249615 0.982914922114 0.000632078296294 0.983108393196 3.0
-0.0111429105641 0.982570002575 0.000632078296294 0.98309549502 3.0
-0.0104976961666 0.982422001428 0.000632078296294 0.983083329737 3.0
-0.00985248176915 0.98190793007 0.000632078296294 0.983071895745 3.0
-0.00920726737169 0.983045086188 0.000632078296294 0.983061191547 3.0
-0.00856205297423 0.982575132489 0.000632078296294 0.983051215749 3.0
-0.00791683857677 0.983239169968 0.000632078296294 0.983041967062 3.0
-0.00727162417931 0.983350434832 0.000632078296294 0.983033444295 3.0
-0.00662640978185 0.984347198798 0.000632078296294 0.983025646357 3.0
-0.00598119538439 0.983300565219 0.000632078296294 0.983018572254 3.0
-0.00533598098694 0.982197678965 0.000632078296294 0.983012221088 3.0
-0.00469076658948 0.984045125726 0.000632078296294 0.983006592054 3.0
-0.00404555219202 0.983551560868 0.000632078296294 0.983001684444 3.0
-0.00340033779456 0.982462531322 0.000632078296294 0.98299749764 3.0
-0.0027551233971 0.98265535626 0.000632078296294 0.982994031117 3.0
-0.00210990899964 0.98412710337 0.000632078296294 0.982991284441 3.0
-0.00146469460218 0.983538975725 0.000632078296294 0.982989257269 3.0
-0.000819480204723 0.982761476346 0.000632078296294 0.982987949348 3.0
-0.000174265807264 0.982229671535 0.000632078296294 0.982987360515 3.0
0.000470948590195 0.981784980161 0.000632078296294 0.982987490697 3.0
0.00111616298765 0.982985714747 0.000632078296294 0.982988339909 3.0
0.00176137738511 0.98241143898 0.000632078296294 0.982989908258 3.0
0.00240659178257 0.983642768318 0.000632078296294 0.982992195939 3.0
0.00305180618003 0.98361838724 0.000632078296294 0.982995203238 3.0
0.00369702057749 0.982936708838 0.000632078296294 0.98299893053 3.0
0.00434223497495 0.982426076049 0.000632078296294 0.983003378284 3.0
0.00498744937241 0.982989132725 0.000632078296294 0.983008547056 3.0
0.00563266376987 0.983084768619 0.000632078296294 0.983014437498 3.0
0.00627787816733 0.9828061147 0.000632078296294 0.983021050353 3.0
0.00692309256478 0.983019713199 0.000632078296294 0.983028386458 3.0
0.00756830696224 0.982076298703 0.000632078296294 0.983036446748 3.0
0.0082135213597 0.98384363723 0.000632078296294 0.98304523225 3.0
0.00885873575716 0.983014892565 0.000632078296294 0.983054744092 3.0
0.00950395015462 0.982811190434 0.000632078296294 0.9830649835 3.0
0.0101491645521 0.982091998239 0.000632078296294 0.983075951801 3.0
0.0107943789495 0.982931177584 0.000632078296294 0.983087650426 3.0
0.011439593347 0.98300054178 0.000632078296294 0.983100080909 3.0
0.0120848077445 0.984029783851 0.000632078296294 0.983113244893 3.0
0.0127300221419 0.98419462901 0.000632078296294 0.983127144128 3.0
0.0133752365394 0.983264757668 0.000632078296294 0.983141780477 3.0
0.0140204509368 0.98277429103 0.000632078296294 0.983157155917 3.0
0.0146656653343 0.983487914483 0.000632078296294 0.983173272543 3.0
0.0153108797318 0.983004536951 0.000632078296294 0.983190132571 3.0
0.0159560941292 0.981532428399 0.000632078296294 0.983207738338 3.0
0.0166013085267 0.983941308213 0.000632078296294 0.98322609231 3.0
0.0172465229241 0.983310380203 0.000632078296294 0.983245197085 3.0
0.0178917373216 0.983513429606 0.000632078296294 0.983265055396 3.0
0.018536951719 0.983273725857 0.000632078296294 0.983285670112 3.0
0.0191821661165 0.982397846212 0.000632078296294 0.983307044251 3.0
0.019827380514 0.984135893847 0.000632078296294 0.983329180977 3.0
0.0204725949114 0.984109524799 0.000632078296294 0.983352083609 3.0
0.0211178093089 0.983081700798 0.000632078296294 0.983375755626 3.0
0.0217630237063 0.983249622882 0.000632078296294 0.983400200673 3.0
0.0224082381038 0.984852830375 0.000632078296294 0.983425422567 3.0
0.0230534525013 0.983514734706 0.000632078296294 0.983451425304 3.0
0.0236986668987 0.983487330723 0.000632078296294 0.983478213068 3.0
0.0243438812962 0.983719758242 0.000632078296294 0.983505790235 3.0
0.0249890956936 0.98355586264 0.000632078296294 0.983534161386 3.0
0.0256343100911 0.98370050889 0.000632078296294 0.983563331312 3.0
0.0262795244886 0.983243783965 0.000632078296294 0.983593305027 3.0
0.026924738886 0.98480181345 0.000632078296294 0.983624087774 3.0
0.0275699532835 0.983958498815 0.000632078296294 0.983655685041 3.0
0.0282151676809 0.983456126809 0.000632078296294 0.983688102569 3.0
0.0288603820784 0.983649221255 0.000632078296294 0.983721346367 3.0
0.0295055964758 0.983900102503 0.000632078296294 0.983755422725 3.0
0.0301508108733 0.983353634866 0.000632078296294 0.983790338227 3.0
0.0307960252708 0.983062267616 0.000632078296294 0.983826099769 3.0
0.0314412396682 0.985121413494 0.000632078296294 0.983862714578 3.0
0.0320864540657 0.983867335317 0.000632078296294 0.983900190223 3.0
0.0327316684631 0.984361919118 0.000632078296294 0.983938534643 3.0
0.0333768828606 0.9840515502 0.000632078296294 0.983977756166 3.0
0.0340220972581 0.985054406968 0.000632078296294 0.984017863529 3.0
0.0346673116555 0.984072518824 0.000632078296294 0.984058865909 3.0
0.035312526053 0.984332779662 0.000632078296294 0.984100772946 3.0
0.0359577404504 0.984643906799 0.000632078296294 0.984143594775 3.0
0.0366029548479 0.984719502761 0.000632078296294 0.984187342061 3.0
0.0372481692454 0.985040891133 0.000632078296294 0.98423202603 3.0
0.0378933836428 0.984435291575 0.000632078296294 0.984277658512 3.0
0.0385385980403 0.984500471494 0.000632078296294 0.984324251981 3.0
0.0391838124377 0.982443207044 0.000632078296294 0.984371819609 3.0
0.0398290268352 0.985355159534 0.000632078296294 0.984420375308 3.0
0.0404742412326 0.983109643929 0.000632078296294 0.984469933796 3.0
0.0411194556301 0.985997856318 0.000632078296294 0.984520510658 3.0
0.0417646700276 0.984181199969 0.000632078296294 0.984572122416 3.0
0.042409884425 0.984686991976 0.000632078296294 0.984624786608 3.0
0.0430550988225 0.984990576205 0.000632078296294 0.984678521876 3.0
0.0437003132199 0.98414352782 0.000632078296294 0.984733348067 3.0
0.0443455276174 0.984628148979 0.000632078296294 0.984789286339 3.0
0.0449907420149 0.985349939347 0.000632078296294 0.98484635929 3.0
0.0456359564123 0.984492700221 0.000632078296294 0.984904591096 3.0
0.0462811708098 0.98604176785 0.000632078296294 0.984964007673 3.0
0.0469263852072 0.984052019307 0.000632078296294 0.985024636858 3.0
0.0475715996047 0.985689550855 0.000632078296294 0.985086508622 3.0
0.0482168140022 0.984978244686 0.000632078296294 0.98514965531 3.0
0.0488620283996 0.985024884491 0.000632078296294 0.985214111916 3.0
0.0495072427971 0.985711147397 0.000632078296294 0.985279916417 3.0
0.0501524571945 0.985944859223 0.000632078296294 0.985347110149 3.0
0.050797671592 0.986182890962 0.000632078296294 0.985415738259 3.0
0.0514428859895 0.984819551383 0.000632078296294 0.985485850246 3.0
0.0520881003869 0.985162692253 0.000632078296294 0.985557500596 3.0
0.0527333147844 0.985376355669 0.000632078296294 0.985630749574 3.0
0.0533785291818 0.985370341982 0.000632078296294 0.985705664168 3.0
0.0540237435793 0.986611048484 0.000632078296294 0.985782319284 3.0
0.0546689579767 0.987280277489 0.000632078296294 0.985860799232 3.0
0.0553141723742 0.986822902267 0.000632078296294 0.985941199633 3.0
0.0559593867717 0.986362585057 0.000632078296294 0.986023629904 3.0
0.0566046011691 0.985314409631 0.000632078296294 0.986108216567 3.0
0.0572498155666 0.98606310177 0.000632078296294 0.986195107793 3.0
0.057895029964 0.985558702618 0.000632078296294 0.986284479835 3.0
0.0585402443615 0.986856523401 0.000632078296294 0.986376546561 3.0
0.059185458759 0.986424296682 0.000632078296294 0.986471574349 3.0
0.0598306731564 0.986526699659 0.000632078296294 0.986569907171 3.0
0.0604758875539 0.987237064511 0.000632078296294 0.986672013526 3.0
0.0611211019513 0.98709102714 0.000632078296294 0.986778590368 3.0
0.0617663163488 0.986438668066 0.000632078296294 0.986890891468 3.0
0.0624115307463 0.987186328158 0.000632078296294 0.987081025112 2.0
0.0630567451437 0.987032103356 0.000632078296294 0.987394730272 2.0
0.0637019595412 0.98908804147 0.000632078296294 0.987773184358 2.0
0.0643471739386 0.987958366776 0.000632078296294 0.988197971177 2.0
0.0649923883361 0.989054240405 0.000632078296294 0.988658348414 2.0
0.0656376027335 0.989245149135 0.000632078296294 0.989146762939 2.0
0.066282817131 0.98949803661 0.000632078296294 0.989657379396 2.0
0.0669280315285 0.989111656933 0.000632078296294 0.990185419405 2.0
0.0675732459259 0.990246792564 0.000632078296294 0.990726810165 2.0
0.0682184603234 0.990713833352 0.000632078296294 0.991277975743 2.0
0.0688636747208 0.991115150412 0.000632078296294 0.991835702656 2.0
0.0695088891183 0.99175943534 0.000632078296294 0.992397047515 2.0
0.0701541035158 0.99354855869 0.000632078296294 0.992959269926 2.0
0.0707993179132 0.993770475282 0.000632078296294 0.993519781105 2.0
0.0714445323107 0.993594364247 0.000632078296294 0.994076102383 2.0
0.0720897467081 0.994581478972 0.000632078296294 0.994625829777 2.0
0.0727349611056 0.995458269161 0.000632078296294 0.995166601819 2.0
0.0733801755031 0.996296795243 0.000632078296294 0.995696068367 2.0
0.0740253899005 0.99718898531 0.000632078296294 0.996211858205 2.0
0.074670604298 0.997449272986 0.000632078296294 0.996711542952 2.0
0.0753158186954 0.997334917296 0.000632078296294 0.997192594075 2.0
0.0759610330929 0.997585649393 0.000632078296294 0.997652328234 2.0
0.0766062474903 0.998328101144 0.000632078296294 0.998087833317 2.0
0.0772514618878 0.997514457255 0.000632078296294 0.998495861718 2.0
0.0778966762853 0.998383462208 0.000632078296294 0.998872665125 2.0
0.0785418906827 0.998605897794 0.000632078296294 0.999213716289 2.0
0.0791871050802 0.999446728419 0.000632078296294 0.999513185058 2.0
0.0798323194776 1.00015668084 0.000632078296294 0.999762772603 2.0
0.0804775338751 1.00049996896 0.000632078296294 0.999948203563 2.0
0.0811227482726 1.00040353196 0.000632078296294 1.00002264654 0.0
0.08176796267 0.999141101038 0.000632078296294 1.00002264654 0.0
0.0824131770675 1.00003527319 0.000632078296294 1.00002264654 0.0
0.0830583914649 1.00041624866 0.000632078296294 1.00002264654 0.0
0.0837036058624 1.00015743922 0.000632078296294 1.00002264654 0.0
0.0843488202599 1.00092324736 0.000632078296294 1.00002264654 0.0
0.0849940346573 1.00034195952 0.000632078296294 1.00002264654 0.0
0.0856392490548 1.00006376567 0.000632078296294 1.00002264654 0.0
0.0862844634522 0.999886295886 0.000632078296294 1.00002264654 0.0
0.0869296778497 0.999367100866 0.000632078296294 1.00002264654 0.0
0.0875748922472 1.00037110019 0.000632078296294 1.00002264654 0.0
0.0882201066446 0.999922927257 0.000632078296294 1.00002264654 0.0
0.0888653210421 0.999564203353 0.000632078296294 1.00002264654 0.0
0.0895105354395 1.00008111794 0.000632078296294 1.00002264654 0.0
0.090155749837 1.00015966787 0.000632078296294 1.00002264654 0.0
0.0908009642344 1.00092284554 0.000632078296294 1.00002264654 0.0
0.0914461786319 1.0003305079 0.000632078296294 1.00002264654 0.0
0.0920913930294 0.999618057034 0.000632078296294 1.00002264654 0.0
0.0927366074268 0.999705309689 0.000632078296294 1.00002264654 0.0
0.0933818218243 0.999552003262 0.000632078296294 1.00002264654 0.0
0.0940270362217 0.999634756595 0.000632078296294 1.00002264654 0.0
0.0946722506192 0.999499524186 0.000632078296294 1.00002264654 0.0
0.0953174650167 0.999881304267 0.000632078296294 1.00002264654 0.0
0.0959626794141 0.99907990414 0.000632078296294 1.00002264654 0.0
0.0966078938116 0.999408985349 0.000632078296294 1.00002264654 0.0
