-0.0694108886111 0.999976606508 8.62437605529e-05 0.999987753517 0.0
-0.0689465822364 0.999757053102 8.62437605529e-05 0.999987753517 0.0
-0.0684822758616 0.999895147443 8.62437605529e-05 0.999987753517 0.0
-0.0680179694869 1.00003053989 8.62437605529e-05 0.999987753517 0.0
-0.0675536631121 1.00010204489 8.62437605529e-05 0.999987753517 0.0
-0.0670893567373 1.00008253479 8.62437605529e-05 0.999987753517 0.0
-0.0666250503626 0.999913243305 8.62437605529e-05 0.999987753517 0.0
-0.0661607439878 0.999879400661 8.62437605529e-05 0.999987753517 0.0
-0.0656964376131 0.999818941005 8.62437605529e-05 0.999987753517 0.0
-0.0652321312383 0.99995212933 8.62437605529e-05 0.999987753517 0.0
-0.0647678248636 0.999988809602 8.62437605529e-05 0.999987753517 0.0
-0.0643035184888 1.00017903246 8.62437605529e-05 0.999987753517 0.0
-0.063839212114 1.00003693617 8.62437605529e-05 0.999987753517 0.0
-0.0633749057393 0.999974196187 8.62437605529e-05 0.999987753517 0.0
-0.0629105993645 0.999986402779 8.62437605529e-05 0.999987753517 0.0
-0.0624462929898 0.999961148894 8.62437605529e-05 0.999987753517 0.0
-0.061981986615 1.0000245682 8.62437605529e-05 0.999987753517 0.0
-0.0615176802402 0.999920928109 8.62437605529e-05 0.999987753517 0.0
-0.0610533738655 0.999917766268 8.62437605529e-05 0.999987753517 0.0
-0.0605890674907 1.00000951668 8.62437605529e-05 0.999987753517 0.0
-0.060124761116 1.00000734523 8.62437605529e-05 0.999987753517 0.0
-0.0596604547412 1.00014193206 8.62437605529e-05 0.999987753517 0.0
-0.0591961483664 1.0000175813 8.62437605529e-05 0.999987753517 0.0
-0.0587318419917 1.00009533703 8.62437605529e-05 0.999987753517 0.0
-0.0582675356169 0.999879324827 8.62437605529e-05 0.999987753517 0.0
-0.0578032292422 0.9997788537 8.62437605529e-05 0.999966134651 1.0
-0.0573389228674 0.99992773946 8.62437605529e-05 0.999912782996 1.0
-0.0568746164926 0.999943406748 8.62437605529e-05 0.999841191028 1.0
-0.0564103101179 0.999703917297 8.62437605529e-05 0.999756198466 1.0
-0.0559460037431 0.999645397346 8.62437605529e-05 0.999661054676 1.0
-0.0554816973684 0.99956049083 8.62437605529e-05 0.999558401728 1.0
-0.0550173909936 0.999437279418 8.62437605529e-05 0.999450631636 1.0
-0.0545530846188 0.999467649001 8.62437605529e-05 0.999340078174 1.0
-0.0540887782441 0.999155134401 8.62437605529e-05 0.999229161729 1.0
-0.0536244718693 0.99908232927 8.62437605529e-05 0.999120548438 1.0
-0.0531601654946 0.999023653962 8.62437605529e-05 0.999017403743 1.0
-0.0526958591198 0.998863615457 8.62437605529e-05 0.998923957693 1.0
-0.052231552745 0.998885828101 8.62437605529e-05 0.998847434903 1.0
-0.0517672463703 0.998819479968 8.62437605529e-05 0.998806588439 3.0
-0.0513029399955 0.998777075428 8.62437605529e-05 0.998777996033 3.0
-0.0508386336208 0.998655129247 8.62437605529e-05 0.998751882004 3.0
-0.050374327246 0.99875988672 8.62437605529e-05 0.998727580333 3.0
-0.0499100208712 0.998693004089 8.62437605529e-05 0.998704728626 3.0
-0.0494457144965 0.998646134676 8.62437605529e-05 0.998683088518 3.0
-0.0489814081217 0.9986410892 8.62437605529e-05 0.998662487895 3.0
-0.048517101747 0.998650439487 8.62437605529e-05 0.998642795977 3.0
-0.0480527953722 0.998578330943 8.62437605529e-05 0.99862391007 3.0
-0.0475884889974 0.998633472411 8.62437605529e-05 0.998605747553 3.0
-0.0471241826227 0.99874643334 8.62437605529e-05 0.998588240651 3.0
-0.0466598762479 0.998705640576 8.62437605529e-05 0.998571332857 3.0
-0.0461955698732 0.998451476649 8.62437605529e-05 0.998554976401 3.0
-0.0457312634984 0.998519020377 8.62437605529e-05 0.998539130416 3.0
-0.0452669571236 0.998417354446 8.62437605529e-05 0.998523759572 3.0
-0.0448026507489 0.998512945414 8.62437605529e-05 0.998508833051 3.0
-0.0443383443741 0.998390415348 8.62437605529e-05 0.998494323751 3.0
-0.0438740379994 0.998417400675 8.62437605529e-05 0.998480207674 3.0
-0.0434097316246 0.998547802376 8.62437605529e-05 0.998466463434 3.0
-0.0429454252498 0.998489504646 8.62437605529e-05 0.998453071867 3.0
-0.0424811188751 0.998513826402 8.62437605529e-05 0.998440015711 3.0
-0.0420168125003 0.998333598062 8.62437605529e-05 0.998427279349 3.0
-0.0415525061256 0.998480172094 8.62437605529e-05 0.998414848593 3.0
-0.0410881997508 0.99845100686 8.62437605529e-05 0.998402710504 3.0
-0.040623893376 0.998433495081 8.62437605529e-05 0.99839085324 3.0
-0.0401595870013 0.998397883488 8.62437605529e-05 0.998379265933 3.0
-0.0396952806265 0.998399967808 8.62437605529e-05 0.998367938573 3.0
-0.0392309742518 0.998427668485 8.62437605529e-05 0.99835686192 3.0
-0.038766667877 0.998265496011 8.62437605529e-05 0.998346027423 3.0
-0.0383023615022 0.998321768561 8.62437605529e-05 0.998335427147 3.0
-0.0378380551275 0.998171676837 8.62437605529e-05 0.998325053716 3.0
-0.0373737487527 0.998227340003 8.62437605529e-05 0.998314900256 3.0
-0.036909442378 0.998475647045 8.62437605529e-05 0.998304960351 3.0
-0.0364451360032 0.99831795597 8.62437605529e-05 0.998295228002 3.0
-0.0359808296284 0.998398694081 8.62437605529e-05 0.998285697588 3.0
-0.0355165232537 0.9983286043 8.62437605529e-05 0.998276363835 3.0
-0.0350522168789 0.998309918025 8.62437605529e-05 0.998267221788 3.0
-0.0345879105042 0.998396319612 8.62437605529e-05 0.998258266783 3.0
-0.0341236041294 0.998323174948 8.62437605529e-05 0.998249494426 3.0
-0.0336592977546 0.998317773241 8.62437605529e-05 0.998240900572 3.0
-0.0331949913799 0.998248213888 8.62437605529e-05 0.998232481304 3.0
-0.0327306850051 0.998280037367 8.62437605529e-05 0.998224232918 3.0
-0.0322663786304 0.998296138882 8.62437605529e-05 0.998216151908 3.0
-0.0318020722556 0.998135822486 8.62437605529e-05 0.998208234951 3.0
-0.0313377658808 0.998189265895 8.62437605529e-05 0.998200478895 3.0
-0.0308734595061 0.998079107052 8.62437605529e-05 0.998192880746 3.0
-0.0304091531313 0.998282966754 8.62437605529e-05 0.998185437661 3.0
-0.0299448467566 0.998276097063 8.62437605529e-05 0.998178146933 3.0
-0.0294805403818 0.998291117125 8.62437605529e-05 0.998171005988 3.0
-0.029016234007 0.998343415339 8.62437605529e-05 0.998164012373 3.0
-0.0285519276323 0.998168879939 8.62437605529e-05 0.998157163749 3.0
-0.0280876212575 0.998150822458 8.62437605529e-05 0.998150457888 3.0
-0.0276233148828 0.998077383108 8.62437605529e-05 0.998143892659 3.0
-0.027159008508 0.998133591276 8.62437605529e-05 0.998137466031 3.0
-0.0266947021333 0.997978469481 8.62437605529e-05 0.99813117606 3.0
-0.0262303957585 0.998122940647 8.62437605529e-05 0.998125020891 3.0
-0.0257660893837 0.998183283021 8.62437605529e-05 0.998118998746 3.0
-0.025301783009 0.998138358047 8.62437605529e-05 0.998113107927 3.0
-0.0248374766342 0.998070080228 8.62437605529e-05 0.998107346805 3.0
-0.0243731702595 0.998053333092 8.62437605529e-05 0.998101713824 3.0
-0.0239088638847 0.998161825194 8.62437605529e-05 0.99809620749 3.0
-0.0234445575099 0.998124788565 8.62437605529e-05 0.998090826373 3.0
-0.0229802511352 0.998005975835 8.62437605529e-05 0.998085569101 3.0
-0.0225159447604 0.998218034255 8.62437605529e-05 0.99808043436 3.0
-0.0220516383857 0.99811101783 8.62437605529e-05 0.998075420888 3.0
-0.0215873320109 0.998032275212 8.62437605529e-05 0.998070527476 3.0
-0.0211230256361 0.998062788562 8.62437605529e-05 0.998065752962 3.0
-0.0206587192614 0.99806856076 8.62437605529e-05 0.998061096234 3.0
-0.0201944128866 0.997930177809 8.62437605529e-05 0.998056556221 3.0
-0.0197301065119 0.99809658978 8.62437605529e-05 0.998052131899 3.0
-0.0192658001371 0.998062687565 8.62437605529e-05 0.998047822284 3.0
-0.0188014937623 0.998184565129 8.62437605529e-05 0.998043626428 3.0
-0.0183371873876 0.998098702893 8.62437605529e-05 0.998039543427 3.0
-0.0178728810128 0.9980337728 8.62437605529e-05 0.99803557241 3.0
-0.0174085746381 0.998047476733 8.62437605529e-05 0.998031712542 3.0
-0.0169442682633 0.998125508409 8.62437605529e-05 0.998027963021 3.0
-0.0164799618885 0.99795852789 8.62437605529e-05 0.998024323079 3.0
-0.0160156555138 0.99799270212 8.62437605529e-05 0.998020791978 3.0
-0.015551349139 0.998000085791 8.62437605529e-05 0.998017369014 3.0
-0.0150870427643 0.997958274606 8.62437605529e-05 0.998014053507 3.0
-0.0146227363895 0.997903382714 8.62437605529e-05 0.998010844811 3.0
-0.0141584300147 0.997874373451 8.62437605529e-05 0.998007742303 3.0
-0.01369412364 0.99812997829 8.62437605529e-05 0.998004745389 3.0
-0.0132298172652 0.997962923277 8.62437605529e-05 0.9980018535 3.0
-0.0127655108905 0.997994024843 8.62437605529e-05 0.997999066094 3.0
-0.0123012045157 0.997982774116 8.62437605529e-05 0.997996382651 3.0
-0.0118368981409 0.997839246026 8.62437605529e-05 0.997993802676 3.0
-0.0113725917662 0.998081102528 8.62437605529e-05 0.997991325698 3.0
-0.0109082853914 0.997958965075 8.62437605529e-05 0.997988951265 3.0
-0.0104439790167 0.997983907011 8.62437605529e-05 0.997986678951 3.0
-0.0099796726419 0.997925838387 8.62437605529e-05 0.99798450835 3.0
-0.00951536626714 0.998061843188 8.62437605529e-05 0.997982439075 3.0
-0.00905105989238 0.997854863239 8.62437605529e-05 0.997980470763 3.0
-0.00858675351762 0.998063745662 8.62437605529e-05 0.997978603068 3.0
-0.00812244714286 0.9979682609 8.62437605529e-05 0.997976835665 3.0
-0.0076581407681 0.997979465218 8.62437605529e-05 0.997975168248 3.0
-0.00719383439334 0.997896869326 8.62437605529e-05 0.997973600531 3.0
-0.00672952801858 0.998088233619 8.62437605529e-05 0.997972132243 3.0
-0.00626522164382 0.998062152372 8.62437605529e-05 0.997970763136 3.0
-0.00580091526906 0.997985202444 8.62437605529e-05 0.997969492976 3.0
-0.0053366088943 0.997839745583 8.62437605529e-05 0.997968321548 3.0
-0.00487230251954 0.998039949189 8.62437605529e-05 0.997967248657 3.0
-0.00440799614478 0.998002190259 8.62437605529e-05 0.997966274121 3.0
-0.00394368977002 0.998040675318 8.62437605529e-05 0.997965397777 3.0
-0.00347938339526 0.997822466042 8.62437605529e-05 0.99796461948 3.0
-0.0030150770205 0.997930829418 8.62437605529e-05 0.997963939099 3.0
-0.00255077064574 0.997974173076 8.62437605529e-05 0.997963356523 3.0
-0.00208646427098 0.997920336739 8.62437605529e-05 0.997962871654 3.0
-0.00162215789622 0.998095018171 8.62437605529e-05 0.997962484412 3.0
-0.00115785152146 0.998114341159 8.62437605529e-05 0.997962194733 3.0
-0.000693545146705 0.997867900737 8.62437605529e-05 0.99796200257 3.0
-0.000229238771945 0.998074777254 8.62437605529e-05 0.99796190789 3.0
0.000235067602814 0.998065320898 8.62437605529e-05 0.997961910679 3.0
0.000699373977574 0.998011569845 8.62437605529e-05 0.997962010936 3.0
0.00116368035233 0.997957090681 8.62437605529e-05 0.997962208679 3.0
0.00162798672709 0.99792491616 8.62437605529e-05 0.997962503939 3.0
0.00209229310185 0.998086688466 8.62437605529e-05 0.997962896766 3.0
0.00255659947661 0.998005231227 8.62437605529e-05 0.997963387224 3.0
0.00302090585137 0.998035501598 8.62437605529e-05 0.997963975394 3.0
0.00348521222613 0.997890941868 8.62437605529e-05 0.997964661375 3.0
0.00394951860089 0.997948975174 8.62437605529e-05 0.997965445279 3.0
0.00441382497565 0.998231134938 8.62437605529e-05 0.997966327238 3.0
0.00487813135041 0.998155570057 8.62437605529e-05 0.997967307398 3.0
0.00534243772517 0.997986263171 8.62437605529e-05 0.997968385923 3.0
0.00580674409993 0.998055998796 8.62437605529e-05 0.997969562994 3.0
0.00627105047469 0.998021497576 8.62437605529e-05 0.997970838811 3.0
0.00673535684945 0.997954082105 8.62437605529e-05 0.997972213587 3.0
0.00719966322421 0.997857810535 8.62437605529e-05 0.997973687558 3.0
0.00766396959897 0.997812457656 8.62437605529e-05 0.997975260973 3.0
0.00812827597373 0.997926419279 8.62437605529e-05 0.997976934104 3.0
0.00859258234849 0.997864684835 8.62437605529e-05 0.997978707237 3.0
0.00905688872325 0.998022155743 8.62437605529e-05 0.997980580681 3.0
0.00952119509801 0.998148021027 8.62437605529e-05 0.997982554761 3.0
0.00998550147277 0.998022704582 8.62437605529e-05 0.997984629824 3.0
0.0104498078475 0.998002033828 8.62437605529e-05 0.997986806236 3.0
0.0109141142223 0.997863305686 8.62437605529e-05 0.997989084382 3.0
0.011378420597 0.997966657952 8.62437605529e-05 0.997991464671 3.0
0.0118427269718 0.998011786056 8.62437605529e-05 0.997993947531 3.0
0.0123070333466 0.997983990454 8.62437605529e-05 0.997996533414 3.0
0.0127713397213 0.997943425615 8.62437605529e-05 0.997999222792 3.0
0.0132356460961 0.997838501444 8.62437605529e-05 0.998002016163 3.0
0.0136999524708 0.997988869641 8.62437605529e-05 0.998004914047 3.0
0.0141642588456 0.997900185311 8.62437605529e-05 0.998007916988 3.0
0.0146285652204 0.997938708534 8.62437605529e-05 0.998011025556 3.0
0.0150928715951 0.997901420156 8.62437605529e-05 0.998014240348 3.0
0.0155571779699 0.998050238971 8.62437605529e-05 0.998017561986 3.0
0.0160214843446 0.998060995545 8.62437605529e-05 0.99802099112 3.0
0.0164857907194 0.997816283557 8.62437605529e-05 0.998024528429 3.0
0.0169500970942 0.997996871741 8.62437605529e-05 0.998028174622 3.0
0.0174144034689 0.998014586085 8.62437605529e-05 0.998031930436 3.0
0.0178787098437 0.997838868447 8.62437605529e-05 0.998035796643 3.0
0.0183430162184 0.998007143573 8.62437605529e-05 0.998039774046 3.0
0.0188073225932 0.997966108281 8.62437605529e-05 0.998043863481 3.0
0.019271628968 0.997956199742 8.62437605529e-05 0.998048065821 3.0
0.0197359353427 0.99798271895 8.62437605529e-05 0.998052381975 3.0
0.0202002417175 0.998017659157 8.62437605529e-05 0.99805681289 3.0
0.0206645480922 0.997921447178 8.62437605529e-05 0.998061359554 3.0
0.021128854467 0.998139758466 8.62437605529e-05 0.998066022993 3.0
0.0215931608418 0.998155005453 8.62437605529e-05 0.99807080428 3.0
0.0220574672165 0.997962788798 8.62437605529e-05 0.998075704531 3.0
0.0225217735913 0.998183170575 8.62437605529e-05 0.99808072491 3.0
0.022986079966 0.998155689497 8.62437605529e-05 0.998085866628 3.0
0.0234503863408 0.99807667471 8.62437605529e-05 0.998091130951 3.0
0.0239146927156 0.998188984161 8.62437605529e-05 0.998096519196 3.0
0.0243789990903 0.998069865117 8.62437605529e-05 0.998102032738 3.0
0.0248433054651 0.998055587724 8.62437605529e-05 0.998107673011 3.0
0.0253076118398 0.998153429582 8.62437605529e-05 0.998113441511 3.0
0.0257719182146 0.998161687794 8.62437605529e-05 0.998119339801 3.0
0.0262362245894 0.998057069727 8.62437605529e-05 0.998125369512 3.0
0.0267005309641 0.998153998554 8.62437605529e-05 0.998131532346 3.0
0.0271648373389 0.998023256909 8.62437605529e-05 0.998137830086 3.0
0.0276291437136 0.998159320987 8.62437605529e-05 0.998144264593 3.0
0.0280934500884 0.998047248649 8.62437605529e-05 0.998150837813 3.0
0.0285577564632 0.998018233348 8.62437605529e-05 0.998157551786 3.0
0.0290220628379 0.998174808095 8.62437605529e-05 0.998164408645 3.0
0.0294863692127 0.998205444813 8.62437605529e-05 0.998171410627 3.0
0.0299506755874 0.998253687472 8.62437605529e-05 0.998178560076 3.0
0.0304149819622 0.998256969163 8.62437605529e-05 0.998185859452 3.0
0.030879288337 0.998177408562 8.62437605529e-05 0.998193311336 3.0
0.0313435947117 0.998277110415 8.62437605529e-05 0.998200918443 3.0
0.0318079010865 0.998172724149 8.62437605529e-05 0.998208683625 3.0
0.0322722074612 0.998342953668 8.62437605529e-05 0.998216609883 3.0
0.032736513836 0.998339679914 8.62437605529e-05 0.998224700379 3.0
0.0332008202108 0.998397398916 8.62437605529e-05 0.998232958447 3.0
0.0336651265855 0.998297875289 8.62437605529e-05 0.998241387604 3.0
0.0341294329603 0.998169951373 8.62437605529e-05 0.998249991565 3.0
0.034593739335 0.998197186169 8.62437605529e-05 0.99825877426 3.0
0.0350580457098 0.99813050572 8.62437605529e-05 0.998267739847 3.0
0.0355223520846 0.998349596278 8.62437605529e-05 0.998276892736 3.0
0.0359866584593 0.998236142709 8.62437605529e-05 0.998286237607 3.0
0.0364509648341 0.998386038788 8.62437605529e-05 0.998295779431 3.0
0.0369152712088 0.998295454597 8.62437605529e-05 0.998305523502 3.0
0.0373795775836 0.998344450771 8.62437605529e-05 0.998315475462 3.0
0.0378438839584 0.998286006042 8.62437605529e-05 0.998325641333 3.0
0.0383081903331 0.998107104881 8.62437605529e-05 0.998336027555 3.0
0.0387724967079 0.998251444807 8.62437605529e-05 0.99834664103 3.0
0.0392368030826 0.998326510497 8.62437605529e-05 0.998357489164 3.0
0.0397011094574 0.998294986042 8.62437605529e-05 0.998368579927 3.0
0.0401654158322 0.99827256152 8.62437605529e-05 0.998379921906 3.0
0.0406297222069 0.998518972641 8.62437605529e-05 0.998391524384 3.0
0.0410940285817 0.998419503123 8.62437605529e-05 0.998403397415 3.0
0.0415583349564 0.998482714555 8.62437605529e-05 0.998415551923 3.0
0.0420226413312 0.998421536359 8.62437605529e-05 0.998427999807 3.0
0.042486947706 0.998432083505 8.62437605529e-05 0.998440754073 3.0
0.0429512540807 0.998468140863 8.62437605529e-05 0.998453828987 3.0
0.0434155604555 0.998384587684 8.62437605529e-05 0.998467240254 3.0
0.0438798668302 0.998461604894 8.62437605529e-05 0.998481005235 3.0
0.044344173205 0.998472008157 8.62437605529e-05 0.998495143214 3.0
0.0448084795798 0.998503430261 8.62437605529e-05 0.998509675715 3.0
0.0452727859545 0.998429055529 8.62437605529e-05 0.998524626899 3.0
0.0457370923293 0.998520330095 8.62437605529e-05 0.998540024063 3.0
0.046201398704 0.998521593095 8.62437605529e-05 0.998555898259 3.0
0.0466657050788 0.998545532765 8.62437605529e-05 0.998572285103 3.0
0.0471300114535 0.998588487183 8.62437605529e-05 0.998589225819 3.0
0.0475943178283 0.998569552183 8.62437605529e-05 0.99860676862 3.0
0.0480586242031 0.998629123184 8.62437605529e-05 0.998624970583 3.0
0.0485229305778 0.99861240536 8.62437605529e-05 0.998643900222 3.0
0.0489872369526 0.998511976851 8.62437605529e-05 0.998663641146 3.0
0.0494515433273 0.998894245676 8.62437605529e-05 0.998684297407 3.0
0.0499158497021 0.998620183756 8.62437605529e-05 0.998706001723 3.0
0.0503801560769 0.998720412233 8.62437605529e-05 0.998728929161 3.0
0.0508444624516 0.998904897806 8.62437605529e-05 0.998753323111 3.0
0.0513087688264 0.998792073163 8.62437605529e-05 0.998779556413 3.0
0.0517730752011 0.998820254757 8.62437605529e-05 0.998808324895 3.0
0.0522373815759 0.998880981613 8.62437605529e-05 0.99885112169 2.0
0.0527016879507 0.998992329857 8.62437605529e-05 0.99892894292 2.0
0.0531659943254 0.99904706598 8.62437605529e-05 0.999023092361 2.0
0.0536303007002 0.999048667016 8.62437605529e-05 0.999126649682 2.0
0.0540946070749 0.999173696566 8.62437605529e-05 0.999235473745 2.0
0.0545589134497 0.999360608962 8.62437605529e-05 0.999346438116 2.0
0.0550232198245 0.999582177964 8.62437605529e-05 0.999456896114 2.0
0.0554875261992 0.99950029412 8.62437605529e-05 0.999564436191 2.0
0.055951832574 0.999565458223 8.62437605529e-05 0.999666725289 2.0
0.0564161389487 0.999897415887 8.62437605529e-05 0.999761363072 2.0
0.0568804453235 0.99987692785 8.62437605529e-05 0.999845684942 2.0
0.0573447516983 0.999958118134 8.62437605529e-05 0.999916387982 2.0
0.057809058073 0.999878382015 8.62437605529e-05 0.999968471327 2.0
0.0582733644478 1.00004532043 8.62437605529e-05 0.999987753517 0.0
0.0587376708225 0.999827370399 8.62437605529e-05 0.999987753517 0.0
0.0592019771973 1.00002681449 8.62437605529e-05 0.999987753517 0.0
0.0596662835721 1.00008982868 8.62437605529e-05 0.999987753517 0.0
0.0601305899468 0.999993705515 8.62437605529e-05 0.999987753517 0.0
0.0605948963216 0.999924118066 8.62437605529e-05 0.999987753517 0.0
0.0610592026963 1.00019663589 8.62437605529e-05 0.999987753517 0.0
0.0615235090711 0.999849962461 8.62437605529e-05 0.999987753517 0.0
0.0619878154459 0.999959500924 8.62437605529e-05 0.999987753517 0.0
0.0624521218206 1.00006444285 8.62437605529e-05 0.999987753517 0.0
0.0629164281954 1.00005577255 8.62437605529e-05 0.999987753517 0.0
0.0633807345701 1.00004075973 8.62437605529e-05 0.999987753517 0.0
0.0638450409449 1.00007395883 8.62437605529e-05 0.999987753517 0.0
0.0643093473197 0.999974417057 8.62437605529e-05 0.999987753517 0.0
0.0647736536944 1.0000185413 8.62437605529e-05 0.999987753517 0.0
0.0652379600692 0.999862117457 8.62437605529e-05 0.999987753517 0.0
0.0657022664439 0.999975895096 8.62437605529e-05 0.999987753517 0.0
0.0661665728187 0.999823083134 8.62437605529e-05 0.999987753517 0.0
0.0666308791935 0.9999475792 8.62437605529e-05 0.999987753517 0.0
0.0670951855682 1.00007553656 8.62437605529e-05 0.999987753517 0.0
0.067559491943 1.00002388341 8.62437605529e-05 0.999987753517 0.0
0.0680237983177 1.00005926494 8.62437605529e-05 0.999987753517 0.0
0.0684881046925 0.999938562784 8.62437605529e-05 0.999987753517 0.0
0.0689524110673 1.00004895853 8.62437605529e-05 0.999987753517 0.0
0.069416717442 1.00004933118 8.62437605529e-05 0.999987753517 0.0
