-0.0794128943999 0.999991544744 0.000139026497649 1.00000205255 0.0
-0.0788824672253 1.00009658178 0.000139026497649 1.00000205255 0.0
-0.0783520400507 0.99997681139 0.000139026497649 1.00000205255 0.0
-0.077821612876 1.00016244048 0.000139026497649 1.00000205255 0.0
-0.0772911857014 0.9999897165 0.000139026497649 1.00000205255 0.0
-0.0767607585268 0.999946909506 0.000139026497649 1.00000205255 0.0
-0.0762303313521 0.999967608738 0.000139026497649 1.00000205255 0.0
-0.0756999041775 0.999893056689 0.000139026497649 1.00000205255 0.0
-0.0751694770029 0.999846905057 0.000139026497649 1.00000205255 0.0
-0.0746390498282 0.999903302088 0.000139026497649 1.00000205255 0.0
-0.0741086226536 0.999892896084 0.000139026497649 1.00000205255 0.0
-0.073578195479 0.999956042732 0.000139026497649 1.00000205255 0.0
-0.0730477683043 1.00013244221 0.000139026497649 1.00000205255 0.0
-0.0725173411297 1.00007875739 0.000139026497649 1.00000205255 0.0
-0.0719869139551 1.00003745642 0.000139026497649 1.00000205255 0.0
-0.0714564867804 1.00014939835 0.000139026497649 1.00000205255 0.0
-0.0709260596058 0.999996297695 0.000139026497649 1.00000205255 0.0
-0.0703956324312 0.999948588749 0.000139026497649 1.00000205255 0.0
-0.0698652052565 1.00000851213 0.000139026497649 1.00000205255 0.0
-0.0693347780819 1.00010343459 0.000139026497649 1.00000205255 0.0
-0.0688043509073 1.00001143888 0.000139026497649 1.00000205255 0.0
-0.0682739237326 1.00008813338 0.000139026497649 1.00000205255 0.0
-0.067743496558 1.00027341974 0.000139026497649 1.00000205255 0.0
-0.0672130693833 0.999896656099 0.000139026497649 1.00000205255 0.0
-0.0666826422087 0.999967902159 0.000139026497649 1.00000205255 0.0
-0.0661522150341 1.0000109248 0.000139026497649 0.999976653824 1.0
-0.0656217878594 0.999642692986 0.000139026497649 0.999830131026 1.0
-0.0650913606848 0.999399231457 0.000139026497649 0.999606552609 1.0
-0.0645609335102 0.999225560907 0.000139026497649 0.999322657945 1.0
-0.0640305063355 0.999280427996 0.000139026497649 0.99898692352 1.0
-0.0635000791609 0.998452244212 0.000139026497649 0.998604921922 1.0
-0.0629696519863 0.99817409922 0.000139026497649 0.998180775427 1.0
-0.0624392248116 0.997764962284 0.000139026497649 0.997717753199 1.0
-0.061908797637 0.997521728251 0.000139026497649 0.997218570536 1.0
-0.0613783704624 0.996862370553 0.000139026497649 0.996685558369 1.0
-0.0608479432877 0.996074568427 0.000139026497649 0.996120767734 1.0
-0.0603175161131 0.995502981484 0.000139026497649 0.995526038301 1.0
-0.0597870889385 0.994881088551 0.000139026497649 0.994903045532 1.0
-0.0592566617638 0.994229373952 0.000139026497649 0.994253334404 1.0
-0.0587262345892 0.993780551119 0.000139026497649 0.99357834428 1.0
-0.0581958074146 0.992827715622 0.000139026497649 0.992879427742 1.0
-0.0576653802399 0.991876208987 0.000139026497649 0.992157865165 1.0
-0.0571349530653 0.991390323185 0.000139026497649 0.991414876219 1.0
-0.0566045258907 0.990804107913 0.000139026497649 0.990651629085 1.0
-0.056074098716 0.990050477249 0.000139026497649 0.989869247961 1.0
-0.0555436715414 0.988933953586 0.000139026497649 0.989068819248 1.0
-0.0550132443668 0.988170653394 0.000139026497649 0.988251396705 1.0
-0.0544828171921 0.987525834452 0.000139026497649 0.987418005799 1.0
-0.0539523900175 0.986503640657 0.000139026497649 0.986569647401 1.0
-0.0534219628429 0.98570595381 0.000139026497649 0.985707300961 1.0
-0.0528915356682 0.984706850899 0.000139026497649 0.984831927254 1.0
-0.0523611084936 0.983752270332 0.000139026497649 0.983944470776 1.0
-0.0518306813189 0.983132845114 0.000139026497649 0.983045861847 1.0
-0.0513002541443 0.982367844695 0.000139026497649 0.98213701847 1.0
-0.0507698269697 0.981040899326 0.000139026497649 0.981218847985 1.0
-0.050239399795 0.980339010521 0.000139026497649 0.980292248554 1.0
-0.0497089726204 0.979331797715 0.000139026497649 0.979358110494 1.0
-0.0491785454458 0.978779515309 0.000139026497649 0.978417317488 1.0
-0.0486481182711 0.9776586394 0.000139026497649 0.977470747693 1.0
-0.0481176910965 0.976335139177 0.000139026497649 0.976519274756 1.0
-0.0475872639219 0.975439429293 0.000139026497649 0.975563768752 1.0
-0.0470568367472 0.974896021173 0.000139026497649 0.974605097061 1.0
-0.0465264095726 0.973667799549 0.000139026497649 0.973644125193 1.0
-0.045995982398 0.97293779868 0.000139026497649 0.972681717565 1.0
-0.0454655552233 0.97169086183 0.000139026497649 0.971718738251 1.0
-0.0449351280487 0.970802524844 0.000139026497649 0.9707560517 1.0
-0.0444047008741 0.969615604441 0.000139026497649 0.969794523448 1.0
-0.0438742736994 0.968884259122 0.000139026497649 0.968835020813 1.0
-0.0433438465248 0.968041124704 0.000139026497649 0.967878413602 1.0
-0.0428134193502 0.967076600809 0.000139026497649 0.966925574826 1.0
-0.0422829921755 0.966164595947 0.000139026497649 0.965977381442 1.0
-0.0417525650009 0.964741593798 0.000139026497649 0.965034715136 1.0
-0.0412221378263 0.964066527227 0.000139026497649 0.964098463158 1.0
-0.0406917106516 0.963005115602 0.000139026497649 0.963169519223 1.0
-0.040161283477 0.962108098664 0.000139026497649 0.962248784519 1.0
-0.0396308563024 0.961251154907 0.000139026497649 0.961337168822 1.0
-0.0391004291277 0.960433383365 0.000139026497649 0.960435591769 1.0
-0.0385700019531 0.959685089824 0.000139026497649 0.959544984326 1.0
-0.0380395747785 0.95861984047 0.000139026497649 0.958666290496 1.0
-0.0375091476038 0.957737535237 0.000139026497649 0.957800469339 1.0
-0.0369787204292 0.956823834418 0.000139026497649 0.956948497386 1.0
-0.0364482932545 0.956083280942 0.000139026497649 0.956111371551 1.0
-0.0359178660799 0.955282182722 0.000139026497649 0.955290112699 1.0
-0.0353874389053 0.95447430436 0.000139026497649 0.954485770058 1.0
-0.0348570117306 0.95354090737 0.000139026497649 0.953699426733 1.0
-0.034326584556 0.953074830039 0.000139026497649 0.952932206723 1.0
-0.0337961573814 0.952158712293 0.000139026497649 0.952185283938 1.0
-0.0332657302067 0.951331044917 0.000139026497649 0.951459894008 1.0
-0.0327353030321 0.950680080938 0.000139026497649 0.950757350038 1.0
-0.0322048758575 0.949892423408 0.000139026497649 0.950079064092 1.0
-0.0316744486828 0.949407324469 0.000139026497649 0.949426577268 1.0
-0.0311440215082 0.94898766644 0.000139026497649 0.948801603222 1.0
-0.0306135943336 0.948149841 0.000139026497649 0.948206093693 1.0
-0.0300831671589 0.947670882209 0.000139026497649 0.947642342508 1.0
-0.0295527399843 0.947191749576 0.000139026497649 0.947113162505 1.0
-0.0290223128097 0.946465295485 0.000139026497649 0.946622217668 1.0
-0.028491885635 0.945921365921 0.000139026497649 0.9461747479 1.0
-0.0279614584604 0.945809878759 0.000139026497649 0.945779640952 1.0
-0.0274310312858 0.94572684185 0.000139026497649 0.945464130335 3.0
-0.0269006041111 0.945231892478 0.000139026497649 0.945226755595 3.0
-0.0263701769365 0.944899563656 0.000139026497649 0.945004098745 3.0
-0.0258397497619 0.944592041639 0.000139026497649 0.944793460217 3.0
-0.0253093225872 0.944517313754 0.000139026497649 0.944593330515 3.0
-0.0247788954126 0.944468182451 0.000139026497649 0.944402653196 3.0
-0.024248468238 0.944213879183 0.000139026497649 0.944220620301 3.0
-0.0237180410633 0.943950637012 0.000139026497649 0.944046582133 3.0
-0.0231876138887 0.943717479075 0.000139026497649 0.943879998934 3.0
-0.022657186714 0.94380813961 0.000139026497649 0.943720411831 3.0
-0.0221267595394 0.943533487512 0.000139026497649 0.943567423963 3.0
-0.0215963323648 0.943483056687 0.000139026497649 0.943420687515 3.0
-0.0210659051901 0.943254616535 0.000139026497649 0.943279894414 3.0
-0.0205354780155 0.943343643119 0.000139026497649 0.943144769433 3.0
-0.0200050508409 0.942952609195 0.000139026497649 0.943015064932 3.0
-0.0194746236662 0.942985877244 0.000139026497649 0.942890556761 3.0
-0.0189441964916 0.942788184632 0.000139026497649 0.942771041006 3.0
-0.018413769317 0.942872981493 0.000139026497649 0.942656331359 3.0
-0.0178833421423 0.94258483189 0.000139026497649 0.942546256969 3.0
-0.0173529149677 0.942343004207 0.000139026497649 0.942440660662 3.0
-0.0168224877931 0.942400396299 0.000139026497649 0.942339397451 3.0
-0.0162920606184 0.942211127417 0.000139026497649 0.942242333272 3.0
-0.0157616334438 0.942206913098 0.000139026497649 0.942149343918 3.0
-0.0152312062692 0.94210247291 0.000139026497649 0.942060314112 3.0
-0.0147007790945 0.941766730272 0.000139026497649 0.941975136714 3.0
-0.0141703519199 0.941957539385 0.000139026497649 0.941893712032 3.0
-0.0136399247453 0.942041223575 0.000139026497649 0.941815947215 3.0
-0.0131094975706 0.941736040115 0.000139026497649 0.941741755726 3.0
-0.012579070396 0.941395712036 0.000139026497649 0.941671056873 3.0
-0.0120486432214 0.941467157204 0.000139026497649 0.941603775397 3.0
-0.0115182160467 0.941593608987 0.000139026497649 0.941539841107 3.0
-0.0109877888721 0.941565684606 0.000139026497649 0.941479188552 3.0
-0.0104573616975 0.941523600709 0.000139026497649 0.94142175673 3.0
-0.00992693452282 0.941137524923 0.000139026497649 0.941367488826 3.0
-0.00939650734819 0.941139025024 0.000139026497649 0.941316331984 3.0
-0.00886608017355 0.941343959539 0.000139026497649 0.941268237093 3.0
-0.00833565299892 0.940984408479 0.000139026497649 0.941223158598 3.0
-0.00780522582428 0.941135463707 0.000139026497649 0.941181054338 3.0
-0.00727479864965 0.941331710078 0.000139026497649 0.941141885386 3.0
-0.00674437147501 0.941341048644 0.000139026497649 0.941105615918 3.0
-0.00621394430038 0.940904638153 0.000139026497649 0.941072213092 3.0
-0.00568351712574 0.940980224483 0.000139026497649 0.941041646932 3.0
-0.00515308995111 0.94108703357 0.000139026497649 0.941013890238 3.0
-0.00462266277648 0.94093650368 0.000139026497649 0.940988918494 3.0
-0.00409223560184 0.94104704462 0.000139026497649 0.940966709793 3.0
-0.00356180842721 0.940911893803 0.000139026497649 0.94094724477 3.0
-0.00303138125257 0.940924505983 0.000139026497649 0.940930506541 3.0
-0.00250095407794 0.941079667999 0.000139026497649 0.940916480656 3.0
-0.0019705269033 0.940765161969 0.000139026497649 0.940905155052 3.0
-0.00144009972867 0.940855732527 0.000139026497649 0.940896520021 3.0
-0.000909672554033 0.940970836633 0.000139026497649 0.940890568178 3.0
-0.000379245379399 0.940838919792 0.000139026497649 0.940887294443 3.0
0.000151181795236 0.940801207327 0.000139026497649 0.940886696026 3.0
0.00068160896987 0.94106153744 0.000139026497649 0.940888772417 3.0
0.0012120361445 0.940846445352 0.000139026497649 0.940893525384 3.0
0.00174246331914 0.940950016252 0.000139026497649 0.940900958983 3.0
0.00227289049377 0.941093070506 0.000139026497649 0.940911079565 3.0
0.00280331766841 0.940688996509 0.000139026497649 0.940923895794 3.0
0.00333374484304 0.940806236309 0.000139026497649 0.940939418675 3.0
0.00386417201768 0.94106383938 0.000139026497649 0.940957661588 3.0
0.00439459919231 0.940882704685 0.000139026497649 0.940978640319 3.0
0.00492502636695 0.940996288633 0.000139026497649 0.941002373118 3.0
0.00545545354158 0.941070211437 0.000139026497649 0.941028880746 3.0
0.00598588071622 0.94111262731 0.000139026497649 0.941058186542 3.0
0.00651630789085 0.940998706347 0.000139026497649 0.941090316495 3.0
0.00704673506548 0.941123907222 0.000139026497649 0.941125299328 3.0
0.00757716224012 0.941074883237 0.000139026497649 0.941163166588 3.0
0.00810758941475 0.941125026948 0.000139026497649 0.94120395275 3.0
0.00863801658939 0.941075051202 0.000139026497649 0.941247695336 3.0
0.00916844376402 0.941352824398 0.000139026497649 0.941294435042 3.0
0.00969887093866 0.941262226697 0.000139026497649 0.941344215886 3.0
0.0102292981133 0.941518438135 0.000139026497649 0.941397085363 3.0
0.0107597252879 0.941561514377 0.000139026497649 0.941453094632 3.0
0.0112901524626 0.941734694413 0.000139026497649 0.941512298707 3.0
0.0118205796372 0.941507187366 0.000139026497649 0.941574756686 3.0
0.0123510068118 0.941442634518 0.000139026497649 0.941640531995 3.0
0.0128814339865 0.941882581873 0.000139026497649 0.941709692667 3.0
0.0134118611611 0.941691125629 0.000139026497649 0.94178231165 3.0
0.0139422883357 0.942026258633 0.000139026497649 0.941858467156 3.0
0.0144727155104 0.942056348159 0.000139026497649 0.941938243053 3.0
0.015003142685 0.942105171973 0.000139026497649 0.942021729305 3.0
0.0155335698596 0.942291366092 0.000139026497649 0.942109022472 3.0
0.0160639970343 0.942298156097 0.000139026497649 0.942200226283 3.0
0.0165944242089 0.942314993167 0.000139026497649 0.942295452281 3.0
0.0171248513835 0.942503031632 0.000139026497649 0.942394820571 3.0
0.0176552785582 0.94243320145 0.000139026497649 0.942498460685 3.0
0.0181857057328 0.942638104687 0.000139026497649 0.942606512577 3.0
0.0187161329074 0.942681640886 0.000139026497649 0.9427191278 3.0
0.0192465600821 0.942812890258 0.000139026497649 0.942836470882 3.0
0.0197769872567 0.942846215545 0.000139026497649 0.942958720972 3.0
0.0203074144313 0.943103420426 0.000139026497649 0.943086073815 3.0
0.020837841606 0.94319900167 0.000139026497649 0.943218744143 3.0
0.0213682687806 0.943108591372 0.000139026497649 0.943356968636 3.0
0.0218986959553 0.943493692869 0.000139026497649 0.943501009603 3.0
0.0224291231299 0.943741902301 0.000139026497649 0.943651159679 3.0
0.0229595503045 0.943907425718 0.000139026497649 0.943807747911 3.0
0.0234899774792 0.943950058508 0.000139026497649 0.943971147867 3.0
0.0240204046538 0.944154235158 0.000139026497649 0.944141788757 3.0
0.0245508318284 0.944445103746 0.000139026497649 0.944320171299 3.0
0.0250812590031 0.944471370627 0.000139026497649 0.94450689147 3.0
0.0256116861777 0.944633588234 0.000139026497649 0.944702678562 3.0
0.0261421133523 0.944757626094 0.000139026497649 0.9449084622 3.0
0.026672540527 0.945123197137 0.000139026497649 0.945125509621 3.0
0.0272029677016 0.945352147684 0.000139026497649 0.945355801142 3.0
0.0277333948762 0.94566735018 0.000139026497649 0.94562453187 2.0
0.0282638220509 0.945996314302 0.000139026497649 0.945990689138 2.0
0.0287942492255 0.946305926925 0.000139026497649 0.946416208059 2.0
0.0293246764001 0.947132397904 0.000139026497649 0.946888487403 2.0
0.0298551035748 0.947361051242 0.000139026497649 0.947401080979 2.0
0.0303855307494 0.94807531273 0.000139026497649 0.947949750594 2.0
0.030915957924 0.948376042335 0.000139026497649 0.948531358331 2.0
0.0314463850987 0.949205332535 0.000139026497649 0.949143406444 2.0
0.0319768122733 0.949880053597 0.000139026497649 0.949783806209 2.0
0.0325072394479 0.950577437229 0.000139026497649 0.950450747316 2.0
0.0330376666226 0.95112913554 0.000139026497649 0.951142617885 2.0
0.0335680937972 0.951860507319 0.000139026497649 0.95185795249 2.0
0.0340985209718 0.952784077895 0.000139026497649 0.952595396831 2.0
0.0346289481465 0.953308060106 0.000139026497649 0.953353682848 2.0
0.0351593753211 0.954397649353 0.000139026497649 0.954131610674 2.0
0.0356898024957 0.954933311031 0.000139026497649 0.954928035238 2.0
0.0362202296704 0.955735548312 0.000139026497649 0.955741856107 2.0
0.036750656845 0.956697404944 0.000139026497649 0.956572009656 2.0
0.0372810840197 0.957501797411 0.000139026497649 0.957417462932 2.0
0.0378115111943 0.958212896093 0.000139026497649 0.95827720879 2.0
0.0383419383689 0.959068825605 0.000139026497649 0.959150261972 2.0
0.0388723655436 0.960097792343 0.000139026497649 0.960035655927 2.0
0.0394027927182 0.960549842649 0.000139026497649 0.960932440184 2.0
0.0399332198928 0.961736006168 0.000139026497649 0.961839678174 2.0
0.0404636470675 0.962788753234 0.000139026497649 0.962756445382 2.0
0.0409940742421 0.963746541991 0.000139026497649 0.963681827788 2.0
0.0415245014167 0.964718977568 0.000139026497649 0.964614920509 2.0
0.0420549285914 0.965739591341 0.000139026497649 0.965554826615 2.0
0.042585355766 0.966474548564 0.000139026497649 0.96650065608 2.0
0.0431157829406 0.9677532238 0.000139026497649 0.967451524837 2.0
0.0436462101153 0.968380074915 0.000139026497649 0.968406553911 2.0
0.0441766372899 0.968852519455 0.000139026497649 0.969364868619 2.0
0.0447070644645 0.970281244768 0.000139026497649 0.970325597811 2.0
0.0452374916392 0.971235403101 0.000139026497649 0.971287873141 2.0
0.0457679188138 0.972032982704 0.000139026497649 0.972250828363 2.0
0.0462983459884 0.973281420335 0.000139026497649 0.973213598629 2.0
0.0468287731631 0.974319601742 0.000139026497649 0.974175319784 2.0
0.0473592003377 0.975457322738 0.000139026497649 0.975135127657 2.0
0.0478896275123 0.976151523891 0.000139026497649 0.976092157319 2.0
0.048420054687 0.977041700829 0.000139026497649 0.977045542328 2.0
0.0489504818616 0.977938956152 0.000139026497649 0.977994413919 2.0
0.0494809090362 0.97863857796 0.000139026497649 0.978937900156 2.0
0.0500113362109 0.979960630258 0.000139026497649 0.97987512502 2.0
0.0505417633855 0.981068337308 0.000139026497649 0.980805207431 2.0
0.0510721905602 0.981523507795 0.000139026497649 0.981727260185 2.0
0.0516026177348 0.982671966084 0.000139026497649 0.982640388787 2.0
0.0521330449094 0.983553744638 0.000139026497649 0.983543690179 2.0
0.0526634720841 0.984569050283 0.000139026497649 0.984436251321 2.0
0.0531938992587 0.985242573572 0.000139026497649 0.985317147623 2.0
0.0537243264333 0.98604016561 0.000139026497649 0.986185441177 2.0
0.054254753608 0.986975422374 0.000139026497649 0.987040178769 2.0
0.0547851807826 0.987767614051 0.000139026497649 0.987880389623 2.0
0.0553156079572 0.98858901119 0.000139026497649 0.988705082818 2.0
0.0558460351319 0.989592594611 0.000139026497649 0.989513244316 2.0
0.0563764623065 0.990426705044 0.000139026497649 0.990303833514 2.0
0.0569068894811 0.991078397871 0.000139026497649 0.991075779203 2.0
0.0574373166558 0.991777962525 0.000139026497649 0.991827974795 2.0
0.0579677438304 0.992388153436 0.000139026497649 0.992559272631 2.0
0.058498171005 0.993027044737 0.000139026497649 0.993268477109 2.0
0.0590285981797 0.99403223488 0.000139026497649 0.993954336286 2.0
0.0595590253543 0.994633472693 0.000139026497649 0.994615531489 2.0
0.0600894525289 0.995302194612 0.000139026497649 0.995250664227 2.0
0.0606198797036 0.996103507396 0.000139026497649 0.995858239446 2.0
0.0611503068782 0.996365129854 0.000139026497649 0.996436643634 2.0
0.0616807340528 0.996829403027 0.000139026497649 0.996984115491 2.0
0.0622111612275 0.99751342231 0.000139026497649 0.997498705521 2.0
0.0627415884021 0.997947613208 0.000139026497649 0.997978218355 2.0
0.0632720155767 0.998613833327 0.000139026497649 0.998420126828 2.0
0.0638024427514 0.99862888231 0.000139026497649 0.998821436681 2.0
0.064332869926 0.999264975832 0.000139026497649 0.999178457381 2.0
0.0648632971006 0.999436761671 0.000139026497649 0.999486371853 2.0
0.0653937242753 0.999618095692 0.000139026497649 0.999738291392 2.0
0.0659241514499 0.999684012752 0.000139026497649 0.999922500518 2.0
0.0664545786246 0.999975171589 0.000139026497649 1.00000205255 0.0
0.0669850057992 0.999979439724 0.000139026497649 1.00000205255 0.0
0.0675154329738 0.999757741754 0.000139026497649 1.00000205255 0.0
0.0680458601485 1.00001498133 0.000139026497649 1.00000205255 0.0
0.0685762873231 1.00008673069 0.000139026497649 1.00000205255 0.0
0.0691067144977 0.999807260785 0.000139026497649 1.00000205255 0.0
0.0696371416724 1.00009017092 0.000139026497649 1.00000205255 0.0
0.070167568847 1.00019465171 0.000139026497649 1.00000205255 0.0
0.0706979960216 1.00013866605 0.000139026497649 1.00000205255 0.0
0.0712284231963 0.999816914082 0.000139026497649 1.00000205255 0.0
0.0717588503709 1.00005384188 0.000139026497649 1.00000205255 0.0
0.0722892775455 0.999827549811 0.000139026497649 1.00000205255 0.0
0.0728197047202 1.00010349283 0.000139026497649 1.00000205255 0.0
0.0733501318948 1.00015104854 0.000139026497649 1.00000205255 0.0
0.0738805590694 1.00006058122 0.000139026497649 1.00000205255 0.0
0.0744109862441 0.999952409759 0.000139026497649 1.00000205255 0.0
0.0749414134187 0.999628328304 0.000139026497649 1.00000205255 0.0
0.0754718405933 0.999879063092 0.000139026497649 1.00000205255 0.0
0.076002267768 1.00014403693 0.000139026497649 1.00000205255 0.0
0.0765326949426 1.00021037895 0.000139026497649 1.00000205255 0.0
0.0770631221172 1.00028771381 0.000139026497649 1.00000205255 0.0
0.0775935492919 0.999972060973 0.000139026497649 1.00000205255 0.0
0.0781239764665 1.0002002592 0.000139026497649 1.00000205255 0.0
0.0786544036411 0.999867577799 0.000139026497649 1.00000205255 0.0
0.0791848308158 1.00000721472 0.000139026497649 1.00000205255 0.0
